Recurrent miscarriage:[[7124], [7157], [4524], [3569], [7422], [4846], [3553], [1636], [2153], [3135], [2099], [3091], [2147], [3586], [6774], [5054], [3123], [3576], [5468], [3106], [999], [3717], [2944], [1493], [3605], [2950], [1813], [3119], [183], [1565], [51738], [2100], [50943], [3606], [1432], [1543], [4153], [8743], [3791], [3557], [4282], [929], [3107], [356], [3117], [90865], [3620], [3559], [5806], [2155], [3600], [285], [4684], [7351], [2162], [5617], [7056], [3133], [1524], [407018], [246778], [7042], [10544], [308], [1594], [890], [6364], [51206], [7043], [6402], [2938], [3623], [2166], [6929], [3206], [574501], [5618], [1235], [4522], [5047], [3273], [23213], [1984], [8858], [64083], [10733], [9446], [3399], [101805488], [199713], [64806], [8087], [27324], [494335], [5620], [5619], [128674], [93659], [347689], [1510], [50511], [100126355], [257000], [8622], [51156], [55655], [29761], [8284], [10887], [23037], [7475], [100126356], [100422842], [192343]]
Habitual abortion:[[4524], [2153], [2147], [2162], [2165], [53947]]
Recurrent abortion:[[4524], [3123], [4846], [2153], [4283]]
Recurrent Miscarriage:[[7124], [7157], [4524], [3569], [7422], [4846], [3553], [1636], [2153], [3135], [2099], [3091], [2147], [3586], [6774], [5054], [3123], [3576], [5468], [3106], [999], [3717], [2944], [1493], [3605], [2950], [1813], [3119], [183], [1565], [51738], [2100], [50943], [3606], [1432], [1543], [4153], [8743], [3791], [3557], [4282], [929], [3107], [356], [3117], [90865], [3620], [3559], [5806], [2155], [3600], [285], [4684], [7351], [2162], [5617], [7056], [3133], [1524], [407018], [246778], [7042], [10544], [308], [1594], [890], [6364], [51206], [7043], [6402], [2938], [3623], [2166], [6929], [3206], [574501], [5618], [1235], [4522], [5047], [3273], [23213], [1984], [8858], [64083], [10733], [9446], [3399], [101805488], [199713], [64806], [8087], [27324], [494335], [5620], [5619], [128674], [93659], [347689], [1510], [50511], [100126355], [257000], [8622], [51156], [55655], [29761], [8284], [10887], [23037], [7475], [100126356], [100422842], [192343]]
Recurrent Abortions:[[7422], [2332], [2494], [55764]]
Recurrent Miscarriages:[[4524], [348], [7422], [3586], [3123], [2147], [5054], [2153], [1234], [2952], [50943], [1493], [3119], [3135], [1543], [1588], [2157], [3320], [5241], [8842], [1586], [3240], [7474], [2244], [3329], [308], [1028], [10857], [722], [5620], [29947], [50511], [4438], [154288]]
Habitual aborter:[[1543], [196], [1544], [627], [9429], [4524], [7040], [2099], [1401], [3952], [5743], [1312], [5468], [6532], [5311], [5447], [2944], [2153], [1445], [2147], [2646], [2175], [154], [183], [217], [3953], [51085], [5465], [5806], [5159], [135], [5228], [2162], [252995], [9031], [4978], [350], [1394], [9575], [1138], [1118], [80153], [10531], [26608], [9377], [152926], [6514], [85464], [10066], [25989], [2165], [192683], [79748], [60490], [64838], [53947], [83862], [594855], [155382], [80834], [283571], [374786], [677801], [22881]]
Habitual Abortion:[[4524], [2153], [2147], [2162], [2165], [53947]]
Recurrent Abortion:[[4524], [3123], [4846], [2153], [4283]]
Recurrent Early Pregnancy Loss:[[672], [2147], [2153], [675], [348], [6696], [79068], [308], [8792], [7157], [6774], [367], [7124], [7422], [2099], [3569], [4524], [4609], [1958], [1956], [3586], [1636], [4318], [3553], [7040], [4846], [4153], [5047], [1401], [3458], [7099], [1080], [5054], [3135], [3845], [3952], [7421], [4313], [9370], [3479], [50943], [999], [7015], [1499], [3091], [5743], [3953], [627], [861], [3576], [2475], [29126], [596], [1493], [7852], [3123], [4790], [2100], [5241], [3557], [4193], [5468], [3717], [90865], [207], [2944], [6532], [51738], [3690], [6347], [3481], [3949], [3606], [5290], [5243], [355], [3605], [4233], [2952], [1312], [960], [5594], [3791], [3976], [2697], [332], [335], [7097], [1588], [4780], [3480], [183], [177], [5444], [5925], [2321], [4879], [3565], [2950], [3146], [8626], [3815], [4582], [4282], [3596], [6657], [2332], [3119], [2908], [1557], [3934], [64127], [4000], [5133], [4843], [7428], [5087], [3620], [4255], [920], [1234], [3570], [3784], [7076], [2932], [54106], [7132], [1277], [10135], [2312], [1789], [6928], [268], [3958], [3077], [4288], [283120], [1788], [3814], [3107], [9429], [3558], [4982], [8743], [11186], [185], [5228], [7098], [6648], [7450], [1191], [9518], [285], [2152], [1786], [5806], [5077], [3552], [648], [1803], [1432], [2308], [1950], [4179], [7276], [199713], [8647], [11093], [3329], [406938], [7291], [2033], [7161], [6280], [2157], [4544], [1387], [2778], [4316], [94025], [718], [3600], [3309], [5624], [7412], [846], [23405], [2162], [1071], [6279], [7078], [356], [1543], [331], [5328], [2335], [213], [7351], [4915], [7056]]
Recurrent aborter:[[6774], [2147], [2153], [7157], [1956], [7124], [348], [7422], [3569], [7040], [4524], [2064], [2099], [3586], [1636], [672], [4318], [3845], [367], [673], [3123], [3553], [4846], [7015], [1401], [308], [4609], [3458], [675], [3717], [1080], [5156], [1499], [207], [5054], [5743], [1493], [4313], [29126], [1029], [3570], [7099], [50943], [3135], [7421], [3119], [3091], [9370], [5243], [3106], [999], [2272], [351], [3605], [3576], [596], [3565], [4153], [6532], [5728], [627], [4193], [2475], [3479], [332], [5290], [3417], [3572], [3952], [7097], [2157], [3690], [4790], [5241], [5468], [3791], [4851], [3557], [3606], [6347], [7132], [1312], [8772], [1557], [7852], [2944], [2100], [4233], [4137], [5444], [2668], [3815], [894], [199713], [2146], [5133], [5925], [100313948], [2952], [2908], [1462], [920], [960], [5594], [355], [8647], [3105], [4582], [3146], [1234], [1308], [4780], [238], [3077], [5879], [4879], [183], [51738], [2950], [6696], [4292], [472], [1813], [1588], [1543], [2703], [114548], [4288], [335], [3480], [6670], [10413], [324], [6772], [5979], [4843], [5970], [1565], [185], [22861], [23175], [2706], [64127], [282617], [6657], [2932], [1432], [406938], [7450], [177], [2322], [8626], [2162], [2067], [7428], [4763], [4869], [3481], [4282], [79068], [7098], [861], [54106], [3949], [1071], [6648], [3558], [6789], [5071], [2321], [9429], [3958], [929], [2697], [3107], [3117], [2332], [3620], [8743], [2152], [3934], [6331], [3552], [4000], [7276], [3757], [90865], [2263], [8842], [6690], [2068], [4255], [5624], [3784], [81704], [5781], [25], [2702], [2261], [4436]]
Habitual Abortions:[[]]
