Accidental antepartum haemorrhage:[[]]
Premature separation of placenta unspecified unspecified trimester:[[7157], [1499], [3688]]
Premature detachment of placenta:[[5925], [7157], [3569], [3091], [4318], [4170], [207], [7040], [5159], [1499], [999], [6347], [3146], [4313], [3688], [8743], [335], [6648], [177], [142], [1906], [1277], [11200], [9518], [7291], [3265], [5950], [10018], [5175], [6464], [2919], [81], [4693]]
Premature separation of placenta unspecified as to episode of care or not applicable:[[7157], [1956], [7124], [3569], [3845], [673], [207], [7015], [5728], [4609], [1813], [2146], [2100], [50943], [3606], [120892], [3480], [5578], [3082], [2322], [2332], [4204], [5265], [6790], [7161], [1756], [26191], [1803], [1786], [4763], [11093], [5027], [7139], [7430], [6927], [268], [4613], [864], [1280], [6382], [1977], [22914], [6256], [94025], [7535], [6928], [2852], [5335], [2719], [9112], [1028], [7466], [406881], [10257], [5725], [1311], [3811], [1082], [3205], [341], [389], [406893], [9536], [3959], [6768], [9388], [1511], [4481], [51135], [1641], [1894], [81037], [3399], [54739], [10312], [54984], [1794], [79026], [1857], [5798], [10483], [8315], [10105], [79870], [10484], [406946], [3656], [922], [521], [29802]]
Premature detachment of normally implanted placenta:[[207], [1499]]
Abruptio placentae NOS:[[4846]]
Premature separation of placenta [abruptio placentae]:[[]]
Premature separation of placenta:[[7157], [3569], [2332], [701], [6532], [4318], [348], [7040], [1499], [627], [351], [6647], [999], [4000], [2153], [8626], [3688], [983], [5347], [1111], [3958], [3690], [5621], [5021], [3832], [861], [3265], [1471], [4869], [23405], [2521], [4988], [4751], [9212], [7153], [545], [3674], [2623], [7158], [51548], [727], [4085], [23468], [57650], [9700], [4647], [11335], [5116], [8317], [10783], [8556], [11190], [192343]]
Placental Abruption:[[6573], [4524], [5743], [3576], [2153], [2022], [2147], [183], [2152], [3557], [5624], [4552], [3875], [5742], [6095], [4504], [635]]
Placental abruption:[[6573], [4524], [5743], [3576], [2153], [2022], [2147], [183], [2152], [3557], [5624], [4552], [3875], [5742], [6095], [4504], [635]]
Abruptio Placentae:[[4524], [4846], [4522]]
Accidental antepartum hemorrhage:[[]]
Placental Abruptions:[[5228], [9518], [302], [3484], [6275], [6573], [5770], [308], [5047], [1442], [250], [7980], [3292], [1001], [5055], [29124], [2689], [4012], [306], [307], [251], [6818], [7124], [6050], [10226], [7422], [1735], [2350], [6810], [586], [3569], [3091], [3586], [6444], [7157], [4318], [4524], [5468], [1443], [9370], [8563], [3479], [587], [7040], [3952], [27010], [6774], [10204], [2475], [5269], [1956], [4846], [348], [7421], [7099], [3553], [2099], [5743], [5243], [4790], [3135], [2321], [1636], [10229], [4313], [672], [9429], [2064], [627], [999], [1588], [1312], [2908], [23593], [1499], [367], [207], [3576], [596], [445329], [3481], [2688], [7015], [3791], [5594], [3458], [8909], [29126], [51668], [3162], [185], [7852], [2944], [2022], [5054], [1543], [2153], [3146], [1432], [3717], [3480], [56891], [406991], [7097], [23411], [857], [2147], [4233], [3630], [595], [6387], [6347], [1906], [4780], [3565], [3077], [4879], [3815], [2952], [183], [6647], [19], [2950], [3383], [6696], [355], [6513], [4282], [2932], [11070], [122665], [5970], [2247], [3953], [3688], [581], [7276], [4023], [50943], [836], [79068], [4582], [114548], [6648], [4153], [6667], [5879], [335], [5595], [1027], [177], [285], [51738], [338], [64127], [5621], [2335], [3356], [54106], [406938], [4288], [5465], [10135], [3958], [3082], [4312], [324], [8743], [2152], [3934], [4843], [3557], [4000], [3814], [3643], [861], [841], [3949], [59272], [2697], [4323], [7076], [3107], [10891], [3065], [1950], [1490], [4314], [1786], [56729], [6934], [3486], [11093], [3320], [196], [407040], [5241], [7098], [5599], [2056]]
Premature separation of placenta unspecified:[[7157], [2332], [348], [351], [7040], [1499], [999], [983], [1111], [3688], [5347], [3265], [5621], [4869], [4647]]
Ablatio placentae:[[7422], [7040], [4524], [2099], [7099], [6774], [5243], [1312], [3553], [4846], [3952], [6387], [5970], [3480], [2321], [9429], [3791], [3557], [3481], [4615], [3620], [283120], [5228], [2876], [2852], [5268], [406992], [3491], [2719], [186], [3291], [3482], [1482], [6915], [8312], [4522], [633], [4838], [2879], [2878], [4856], [494336], [1874], [6567], [4012], [6581], [2817], [1748], [4232], [5768], [60676], [2258], [130399], [117247], [80712]]
Abruptio placentae:[[4524], [4846], [4522]]
