ACATALASEMIA:[[847]]
Acatalasemia:[[847]]
CATALASE DEFICIENCY:[[3479], [7157], [7124], [4353], [6647], [3569], [7040], [2876], [5728], [351], [23411], [4846], [6648], [2475], [5743], [596], [5468], [5444], [1312], [3576], [5290], [3383], [836], [25], [2309], [1950], [1536], [406938], [598], [2936], [23410], [4314], [1535], [1728], [50507], [5176], [7415], [8737], [760], [1513], [1514], [5052], [4688], [5195], [93058]]
Acatalasia:[[847]]
Acatalasaemia:[[]]
Catalase deficiency:[[3479], [7157], [7124], [4353], [6647], [3569], [7040], [2876], [5728], [351], [23411], [4846], [6648], [2475], [5743], [596], [5468], [5444], [1312], [3576], [5290], [3383], [836], [25], [2309], [1950], [1536], [406938], [598], [2936], [23410], [4314], [1535], [1728], [50507], [5176], [7415], [8737], [760], [1513], [1514], [5052], [4688], [5195], [93058]]
Takaharas Disease:[[]]
ACATALASIA:[[847]]
Takahara disease:[[]]
Takahara Disease:[[]]
Takahara's Disease:[[]]
