Acrodermatitides:[[]]
Papulovesicular Acrolocated Syndrome:[[3757], [1280], [114548], [3753], [2074], [7157], [348], [1281], [51085], [546], [80184], [7466], [3845], [673], [8481], [5728], [8195], [7486], [641], [2706], [2317], [4292], [91147], [8626], [1540], [4000], [54658], [1161], [7490], [2033], [6331], [4023], [1071], [5781], [4436], [2263], [3643], [7291], [3784], [2261], [2260], [582], [10806], [8085], [10083], [367], [4683], [207], [84062], [3123], [7468], [4647], [4952], [2200], [1029], [7399], [4810], [201163], [2969], [10804], [6949], [7227], [2492], [775], [7840], [2316], [5428], [3730], [5080], [585], [1278], [54487], [5604], [55612], [2121], [811], [5290], [132884], [4281], [116442], [84100], [2812], [5077], [64127], [79068], [6663], [783], [338], [57167], [1130], [9968], [2332], [1277], [3990], [10743], [7456], [19], [2122], [3265], [6737], [84059], [6741], [3481], [6513], [4089], [23111], [2646], [356], [1285], [1387], [26585], [8976], [7504], [1827], [331], [23405], [9401], [65217], [4893], [672], [4692], [9569], [5894], [4277], [6774], [3117], [1401], [1788], [7401], [7128], [3570], [545], [10163], [583], [10682], [124590], [129880], [54808], [27241], [2138], [79738], [4137], [2475], [60], [3897], [5159], [1364], [8091], [5885], [79803], [2811], [2956], [9993], [5460], [4286], [675], [3717], [8220], [80144], [80025], [999], [3973], [79621], [4193], [64135], [1145], [55212], [2645], [27031], [4851], [1493], [10535], [2131], [1910], [7122], [9031], [4853], [1134], [2146], [100188856], [355], [50943], [105259599], [2153], [9652], [10908], [3664], [7020], [8214], [5308], [10062], [8517], [5076], [27019], [5189], [5395], [1287], [1906], [25825], [3759]]
Acrodermatitis Papulosa Infantum:[[]]
Syndromes Papulovesicular Acrolocated:[[7157], [7124], [7040], [1471], [3569], [56983], [7422], [5728], [4879], [1401], [3091], [6774], [3586], [3845], [4524], [7099], [3123], [4790], [672], [4318], [5243], [207], [351], [6532], [8626], [9370], [367], [673], [7421], [3553], [1029], [1557], [3106], [4846], [2475], [3717], [3479], [5290], [596], [3952], [7015], [7852], [4609], [3458], [675], [4137], [999], [3417], [114548], [29126], [3162], [5979], [2146], [5594], [2944], [472], [595], [4193], [3605], [7490], [1493], [2263], [861], [6347], [1026], [335], [332], [5781], [4149], [7450], [2952], [406991], [23411], [4000], [960], [1813], [6387], [3146], [3119], [3077], [3815], [7515], [1565], [6331], [4869], [355], [2932], [1432], [3480], [183], [2322], [142], [3690], [5133], [836], [4282], [1543], [406938], [3784], [3958], [2261], [5595], [3043], [4312], [8743], [2152], [7428], [3557], [3757], [338], [5747], [4893], [4255], [54658], [3265], [929], [54790], [4353], [2332], [1277], [4843], [11093], [3320], [6323], [3039], [406947], [2068], [5265], [7132], [6280], [54106], [1071], [4436], [2260], [23451], [11200], [2778], [1869], [8074], [56729], [3953], [4128], [1788], [3486], [4170], [57817], [3418], [4089], [959], [3643], [3627], [958], [255738], [7291], [5329], [26191], [3198], [2309], [2200], [1387], [9518], [1786], [4763], [4297], [7137], [4615], [1457], [7139], [1116], [116519], [5465], [1385], [2896], [5027], [3559], [3667], [4018], [811], [6390], [2022], [2212], [6794], [2316], [2056], [947], [203228], [5428], [4792], [1050], [268], [3689], [1958], [2214], [6392], [11315], [9212], [7442], [3014], [6786], [6335]]
Gianotti-Crosti syndrome:[[]]
Papular Acrodermatitides Infantile:[[]]
Acrodermatitis papulosa infantum:[[]]
Erythemato Vesiculo Papulous Eruptive Syndrome:[[]]
Childhood Papular Acrodermatitis:[[]]
Syndromes Erythemato-Vesiculo-Papulous Eruptive:[[]]
Acrodermatitis:[[55630], [26525], [7782]]
Papular Acrodermatitis of Childhood:[[]]
Syndrome Acropapulo-Vesicular:[[3753], [3845], [3784], [4952], [775], [116442], [3265], [6774], [6572], [6571], [54808], [3717], [64135], [5594], [857], [7132], [4763], [1956], [3569], [6570], [351], [23586], [6720], [3064], [5468], [3458], [103], [4179], [1080], [6622], [538], [1813], [9076], [6531], [5873], [3630], [3190], [23411], [4582], [1471], [701], [1234], [1639], [3690], [3565], [56623], [4487], [3135], [23400], [120892], [3949], [5879], [5663], [9021], [7057], [6857], [3456], [1113], [5286], [81607], [30835], [8678], [1814], [3685], [5478], [3659], [25978], [7415], [1536], [1977], [59341], [7037], [5744], [684], [1604], [407018], [162], [29110], [9235], [54209], [6446], [1812], [127833], [51228], [5868], [6528], [9636], [8766], [4928], [7879], [3488], [9071], [3665], [91252], [1759], [3440], [5048], [10128], [7178], [2915], [3454], [51083], [699], [22919], [54], [26276], [1778], [55737], [1808], [5174], [1314], [5298], [57539], [10564], [56913], [26052], [5874], [321], [55361], [283463], [2665], [282808], [2824], [149371], [9382], [146691], [23233], [55330]]
Childhood Papular Acrodermatitides:[[55806]]
Papular Acrodermatitis Infantile:[[]]
Syndromes Acropapulo-Vesicular:[[1471], [3569], [6774], [3845], [351], [3717], [3458], [5594], [23411], [1813], [3690], [3784], [3265], [7132], [4763], [7037], [1536], [3659], [59341], [64135], [3190], [3753], [5745], [5873], [4928], [5048], [23400], [127833], [55654], [112755], [57539]]
Gianotti Crosti Syndrome:[[]]
Papular acrodermatitis of childhood:[[]]
Acrodermatitis Papulosa Infantums:[[]]
Infantile papular acrodermatitis:[[]]
Syndrome Erythemato-Vesiculo-Papulous Eruptive:[[]]
Acropapulo Vesicular Syndrome:[[3753], [3845], [3784], [4952], [775], [116442], [3265], [6774], [6572], [6571], [54808], [3717], [64135], [5594], [857], [7132], [4763], [1956], [3569], [6570], [351], [23586], [6720], [3064], [5468], [3458], [103], [4179], [1080], [6622], [538], [1813], [9076], [6531], [5873], [3630], [3190], [23411], [4582], [1471], [701], [1234], [1639], [3690], [3565], [56623], [4487], [3135], [23400], [120892], [3949], [5879], [5663], [9021], [7057], [6857], [3456], [1113], [5286], [81607], [30835], [8678], [1814], [3685], [5478], [3659], [25978], [7415], [1536], [1977], [59341], [7037], [5744], [684], [1604], [407018], [162], [29110], [9235], [54209], [6446], [1812], [127833], [51228], [5868], [6528], [9636], [8766], [4928], [7879], [3488], [9071], [3665], [91252], [1759], [3440], [5048], [10128], [7178], [2915], [3454], [51083], [699], [22919], [54], [26276], [1778], [55737], [1808], [5174], [1314], [5298], [57539], [10564], [56913], [26052], [5874], [321], [55361], [283463], [2665], [282808], [2824], [149371], [9382], [146691], [23233], [55330]]
Syndrome Gianotti-Crosti:[[3757], [1280], [114548], [3753], [2074], [7157], [348], [1281], [51085], [546], [80184], [7466], [3845], [673], [8481], [5728], [8195], [7486], [641], [2706], [2317], [4292], [91147], [8626], [1540], [4000], [54658], [1161], [7490], [2033], [6331], [4023], [1071], [5781], [4436], [2263], [3643], [7291], [3784], [2261], [2260], [582], [10806], [8085], [10083], [367], [4683], [207], [84062], [3123], [7468], [4647], [4952], [2200], [1029], [7399], [4810], [201163], [2969], [10804], [6949], [7227], [2492], [775], [7840], [2316], [5428], [3730], [5080], [585], [1278], [54487], [5604], [55612], [2121], [811], [5290], [132884], [4281], [116442], [84100], [2812], [5077], [64127], [79068], [6663], [783], [338], [57167], [1130], [9968], [2332], [1277], [3990], [10743], [7456], [19], [2122], [3265], [6737], [84059], [6741], [3481], [6513], [4089], [23111], [2646], [356], [1285], [1387], [26585], [8976], [7504], [1827], [331], [23405], [9401], [65217], [4893], [672], [4692], [9569], [5894], [4277], [6774], [3117], [1401], [1788], [7401], [7128], [3570], [545], [10163], [583], [10682], [124590], [129880], [54808], [27241], [2138], [79738], [4137], [2475], [60], [3897], [5159], [1364], [8091], [5885], [79803], [2811], [2956], [9993], [5460], [4286], [675], [3717], [8220], [80144], [80025], [999], [3973], [79621], [4193], [64135], [1145], [55212], [2645], [27031], [4851], [1493], [10535], [2131], [1910], [7122], [9031], [4853], [1134], [2146], [100188856], [355], [50943], [105259599], [2153], [9652], [10908], [3664], [7020], [8214], [5308], [10062], [8517], [5076], [27019], [5189], [5395], [1287], [1906], [25825], [3759]]
