Feer Disease:[[]]
Acrodynia caused by mercury:[[348], [4318], [4137], [4846], [2944], [3586], [5444], [2952], [355], [1576], [6532], [2157], [1906], [183], [1577], [6285], [1244], [283120], [3932], [359], [6583]]
Acrodynia caused by mercury poisoning:[[4846], [2157], [1906]]
Erythroedema polyneuropathy:[[7422], [7124], [4524], [3586], [1636], [351], [1312], [9370], [7276], [367], [3123], [6532], [966], [4313], [6647], [406938], [217], [4353], [1191], [4323], [5950], [10673], [2056], [3240], [2214], [2784], [11315], [5428], [847], [1410], [1535], [2876], [4771], [26090], [9332], [5069], [3358], [55600], [9131], [5376], [4359], [2213], [6649], [6311], [1785], [60386], [574501], [712], [56652], [325], [26278], [291], [54332], [3908], [80208], [950], [51185], [23312], [4099], [5631], [406915], [3316], [9093], [57575], [3508], [10342], [3032], [23114], [4358], [714], [1272], [6900], [65055], [7384], [90678], [50846], [9047], [51651], [23057], [6305], [9147]]
Feer's Disease:[[]]
Chronic Childhood Mercurialisms:[[]]
Feers Disease:[[]]
Erythredema polyneuropathy:[[7422], [7124], [4524], [3586], [1636], [351], [1312], [9370], [7276], [367], [3123], [6532], [966], [4313], [6647], [406938], [217], [4353], [1191], [4323], [5950], [10673], [2056], [3240], [2214], [2784], [11315], [5428], [847], [1410], [1535], [2876], [4771], [26090], [9332], [5069], [3358], [55600], [9131], [5376], [4359], [2213], [6649], [6311], [1785], [60386], [574501], [712], [56652], [325], [26278], [291], [54332], [3908], [80208], [950], [51185], [23312], [4099], [5631], [406915], [3316], [9093], [57575], [3508], [10342], [3032], [23114], [4358], [714], [1272], [6900], [65055], [7384], [90678], [50846], [9047], [51651], [23057], [6305], [9147]]
Swift Disease:[[]]
Swift's Disease:[[]]
Acrodynia due to mercury:[[348], [2944], [3586], [4318], [4846], [1312], [6532], [4137], [2952], [5444], [11315], [355], [1906], [183], [682], [2157], [1576], [1577], [6285], [1244], [358], [283120], [3932], [2876], [7323], [359], [1356], [210], [2938], [3304], [5359], [366], [6583], [1551], [3305], [6569], [2730], [1371], [4519], [6898], [10166], [57048], [254887], [5224]]
Erythema Acrodynic:[[7124], [7422], [3569], [7040], [1508], [2064], [3553], [4318], [5243], [4846], [3458], [3896], [3852], [3605], [7515], [2950], [472], [1557], [4282], [6648], [3557], [54106], [2068], [6352], [4210], [796], [331], [2312], [4049], [4157], [7517], [6401], [4842], [125], [2938], [2209], [6361], [6374], [1308], [7051], [3587], [566], [2222], [4065], [339345]]
Swifts Disease:[[]]
Mercurialism Chronic Childhood:[[8626], [355], [79068], [2099], [1136], [578], [3115], [10018], [4688], [10320], [7422], [3162], [3119], [3658], [1029], [1138], [7369], [3662], [3107], [7124], [7099], [64478], [7157], [3123], [3431], [4609], [3113], [5728], [3117], [7077], [977], [596], [1644], [4524], [3596], [3586], [348], [3569], [7040], [3557], [4318], [25], [9370], [5243], [627], [5970], [4312], [90865], [1312], [4843], [1956], [6532], [1401], [3953], [6638], [28], [3952], [2944], [6262], [673], [3553], [3845], [2952], [2950], [7421], [100507436], [5159], [26191], [1571], [5468], [1636], [4846], [613], [7515], [3479], [3600], [5595], [3565], [10413], [841], [22914], [351], [120892], [3576], [5444], [2524], [7015], [5743], [207], [10395], [154], [4988], [267012], [6774], [2908], [50943], [1493], [4193], [3605], [6664], [1499], [4852], [729230], [861], [1387], [472], [1080], [4780], [6690], [7291], [5289], [7097], [3458], [3106], [6441], [2475], [51738], [650], [29126], [4313], [3077], [7852], [4153], [2625], [64754], [3717], [2064], [2065], [8091], [920], [406991], [116519], [6927], [51176], [3383], [4137], [249], [5054], [6387], [6347], [8878], [5142], [7356], [3146], [6863], [406938], [775], [23411], [929], [6696], [4851], [1812], [9920], [64127], [3135], [1543], [4282], [2530], [1030], [50507], [6352], [3606], [1813], [5133], [6648], [7132], [7450], [183], [6521], [177], [3934], [1116], [2645], [54715], [1906], [875], [3815], [2312], [6198], [6772], [284], [595], [3552], [6760], [5443], [3356], [6531], [7098], [3558], [27185], [7042], [3990], [3620], [2146], [2205], [8074], [4128], [4602], [1815], [5265]]
Pink Disease:[[]]
Acrodynia:[[]]
Acrodynia due to mercury poisoning:[[4846], [1906], [2157], [1356]]
Pink disease:[[]]
