ACTH Producing Pituitary Adenoma:[[2778], [5449], [3569], [1956], [3479], [4318], [4255], [2908], [4088], [6752], [2516], [190], [5655]]
Pituitary Adenoma ACTH-Producing:[[]]
ACTH-secreting pituitary adenoma:[[9232], [2099], [1029], [4318], [4255], [4288], [8091], [2908], [5443], [9101], [5655]]
Pituitary Corticotropin-Secreting Adenomas:[[5443], [2778], [51738], [4318], [5743], [5566]]
Corticotroph Adenomas:[[7157], [999], [1813], [5925], [55384], [3066], [9101], [5443], [6752], [1487], [51083], [6423], [6755], [4158], [4760], [26471], [6751]]
Pituitary Adenomas ACTH-Secreting:[[9232], [2099], [1029], [553], [4318], [4288], [4255], [9101], [8091], [5443], [7078], [10062], [7376], [5655], [3489]]
Pituitary Corticotropin Secreting Adenoma:[[5443], [2778], [4318], [5743], [2908], [5566]]
Pituitary Adenomas ACTH-Producing:[[]]
Corticotroph adenoma:[[7157], [999], [1813], [2908], [5443], [6752], [1487], [6423], [9101], [5122], [6755], [6751]]
Pituitary Adenoma ACTH-Secreting:[[9232], [2099], [1029], [4318], [4255], [4288], [8091], [2908], [5443], [9101], [5655]]
Pituitary Corticotropin-Secreting Adenoma:[[5443], [2778], [4318], [5743], [2908], [5566]]
Corticotroph Adenoma:[[7157], [999], [1813], [2908], [5443], [6752], [1487], [6423], [9101], [5122], [6755], [6751]]
Pituitary Adenoma ACTH Secreting:[[5443], [2778], [2688], [9232], [3569], [2099], [1029], [4318], [4288], [4255], [8091], [2908], [9101], [6752], [6755], [5655], [4969]]
