Addison disease:[[3106], [3119], [26191]]
Primary Adrenocortical Insufficiencies:[[23530]]
Addison's disease:[[3569], [3123], [29126], [6347], [2908], [1493], [929], [3558], [26191], [1589], [100507436], [3559], [2625], [64135], [1113], [326], [3290], [6775], [4261], [1594], [57506], [6770], [22861], [2520], [4158], [60468], [23274], [56246], [54414], [84636]]
ADDISON DISEASE:[[3106], [3119], [26191]]
Addison's Disease:[[3569], [3123], [29126], [6347], [2908], [1493], [929], [3558], [26191], [1589], [100507436], [3559], [2625], [64135], [1113], [326], [3290], [6775], [4261], [1594], [57506], [6770], [22861], [2520], [4158], [60468], [23274], [56246], [54414], [84636]]
Addisons Disease:[[]]
Primary adrenocortical insufficiency:[[8086], [7157], [3123], [65057], [3717], [7422], [7124], [1636], [7099], [627], [2516], [675], [2908], [2100], [1583], [185], [6935], [100124700], [540], [3623], [190], [2626], [6770], [186], [5245], [231], [79727], [3284], [2661], [2488]]
Disease Addison:[[3119], [26191], [3106]]
Primary Adrenal Insufficiency:[[2516], [6775], [3284], [8086], [3569], [1583], [3717], [7157], [7040], [7422], [3759], [7124], [190], [7412], [9370], [4524], [627], [2908], [7099], [3559], [3586], [5728], [3091], [367], [652], [7421], [1028], [4318], [3479], [1636], [2332], [1312], [3952], [2100], [5054], [659], [6622], [4879], [7490], [6647], [4313], [9531], [23411], [185], [1234], [1493], [406991], [5071], [3077], [142], [3383], [79068], [3958], [5443], [1027], [1471], [1717], [1906], [4982], [776], [10135], [217], [6352], [7076], [2309], [120227], [5373], [2200], [2492], [6285], [6935], [2625], [567], [540], [8087], [133], [551], [2688], [949], [6770], [5428], [7077], [4904], [186], [5176], [2162], [7514], [55210], [5617], [7528], [2547], [26291], [4548], [4976], [3623], [5037], [5972], [4791], [5245], [2120], [9173], [2626], [4853], [231], [30009], [9569], [7409], [3785], [4256], [2072], [4773], [56606], [701], [2175], [9619], [2746], [1639], [5976], [2220], [7516], [10456], [657], [9166], [9507], [26121], [84701], [2661], [21], [866], [1185], [3977], [11096], [4173], [5626], [8879], [2701], [6755], [3786], [8204], [10533], [269], [658], [65057], [79147], [55191], [26471], [253959], [7443], [57697], [9821], [10400], [8821], [146433], [2805], [57510], [57680], [5414], [53905], [84515], [9698], [1327], [4046], [23499], [94031], [28982], [10866], [63895], [64506], [79065], [9095], [9874], [57162], [51651], [2733], [4439], [89884], [56945], [254394], [84142], [56478], [84466], [5557], [9453], [51371], [57505], [115201], [1730], [29893], [57728], [79631], [9945], [91869], [84925], [171568], [317761]]
Primary Hypoadrenalism:[[1545], [4790], [857], [4615], [3592], [3575], [3119], [6775], [2324], [6774], [57082], [19], [7132], [284403], [3123], [7127], [8091], [94103], [4609], [22995], [3595], [3717], [23534], [5594], [100048912], [3663], [7010], [22806], [4616], [23645], [1629], [7157], [335], [1737], [941], [3759], [7414], [4000], [3569], [5663], [1956], [10642], [1896], [7412], [7124], [348], [4170], [7422], [3117], [958], [7040], [4524], [3559], [643], [3593], [7139], [6850], [5566], [7253], [7128], [2064], [10018], [2099], [3091], [652], [3586], [1636], [351], [672], [858], [1814], [88], [3115], [4053], [4318], [9370], [51300], [5243], [1401], [3845], [367], [673], [627], [207], [7273], [7421], [3553], [1029], [110806262], [1030], [5890], [5728], [5743], [1499], [7099], [6198], [4846], [1312], [1080], [4602], [3576], [6622], [5468], [6532], [3133], [7015], [659], [3574], [2491], [3106], [4137], [23274], [999], [59341], [2475], [1021], [3479], [4607], [29126], [596], [2057], [3952], [2146], [7852], [55876], [2944], [2624], [3458], [675], [6925], [4193], [4313], [1591], [80781], [6714], [5573], [920], [6335], [595], [9531], [5054], [1594], [5444], [10892], [1234], [6347], [1513], [3605], [4780], [1026], [332], [5290], [4879], [8557], [10133], [5820], [405], [406991], [6647], [7097], [942], [2950], [23411], [2952], [5664], [2147], [960], [7168], [4851], [1493], [4233], [472], [3105], [1813], [6387], [2153], [3146], [5071], [3077], [3683], [3815], [2908], [7515], [3162], [5970], [1565], [1557], [3383], [154], [6696], [5745], [1520], [355], [2100], [9966], [50943], [3606], [4990], [5925], [120892]]
Hypoadrenalisms Primary:[[1545], [4790], [857], [4615], [3592], [3575], [3119], [6775], [2324], [6774], [57082], [19], [7132], [284403], [3123], [7127], [8091], [94103], [4609], [22995], [3595], [3717], [23534], [5594], [100048912], [3663], [7010], [22806], [4616], [23645], [1629], [7157], [335], [1737], [941], [3759], [7414], [4000], [3569], [5663], [1956], [10642], [1896], [7412], [7124], [348], [4170], [7422], [3117], [958], [7040], [4524], [3559], [643], [3593], [7139], [6850], [5566], [7253], [7128], [2064], [10018], [2099], [3091], [652], [3586], [1636], [351], [672], [858], [1814], [88], [3115], [4053], [4318], [9370], [51300], [5243], [1401], [3845], [367], [673], [627], [207], [7273], [7421], [3553], [1029], [110806262], [1030], [5890], [5728], [5743], [1499], [7099], [6198], [4846], [1312], [1080], [4602], [3576], [6622], [5468], [6532], [3133], [7015], [659], [3574], [2491], [3106], [4137], [23274], [999], [59341], [2475], [1021], [3479], [4607], [29126], [596], [2057], [3952], [2146], [7852], [55876], [2944], [2624], [3458], [675], [6925], [4193], [4313], [1591], [80781], [6714], [5573], [920], [6335], [595], [9531], [5054], [1594], [5444], [10892], [1234], [6347], [1513], [3605], [4780], [1026], [332], [5290], [4879], [8557], [10133], [5820], [405], [406991], [6647], [7097], [942], [2950], [23411], [2952], [5664], [2147], [960], [7168], [4851], [1493], [4233], [472], [3105], [1813], [6387], [2153], [3146], [5071], [3077], [3683], [3815], [2908], [7515], [3162], [5970], [1565], [1557], [3383], [154], [6696], [5745], [1520], [355], [2100], [9966], [50943], [3606], [4990], [5925], [120892]]
Primary Adrenocortical Insufficiency:[[8086], [7157], [3123], [65057], [3717], [7422], [7124], [1636], [7099], [627], [2516], [675], [2908], [2100], [1583], [185], [6935], [100124700], [540], [3623], [190], [2626], [6770], [186], [5245], [231], [79727], [3284], [2661], [2488]]
Adrenal insufficiency (Addison disease):[[]]
Primary adrenocortical failure:[[7157], [6774], [2516], [7015], [5566], [4609], [7422], [3123], [5573], [1956], [7124], [5594], [3717], [2099], [1499], [1636], [4255], [6513], [7099], [3845], [207], [673], [7097], [183], [627], [596], [185], [2475], [51738], [7852], [3481], [2146], [2100], [332], [3480], [4233], [3082], [2908], [2661], [27122], [4288], [5925], [3627], [2067], [5241], [7098], [285], [650], [2247], [2308], [3623], [23405], [407040], [7153], [1589], [283120], [11186], [4893], [378938], [1113], [10855], [6935], [4311], [1585], [9212], [4306], [6720], [3485], [190], [9232], [2626], [3925], [8877], [3290], [5919], [1394], [6446], [3164], [3482], [2264], [186], [1072], [5245], [1356], [572], [6770], [51094], [652995], [406971], [2101], [10911], [476], [4856], [654], [1583], [10159], [54361], [794], [1395], [10403], [2488], [3360], [4158], [3776], [84432], [10370], [247], [114131], [112609]]
Primary hypoadrenalism:[[1545], [4790], [857], [4615], [3592], [3575], [3119], [6775], [2324], [6774], [57082], [19], [7132], [284403], [3123], [7127], [8091], [94103], [4609], [22995], [3595], [3717], [23534], [5594], [100048912], [3663], [7010], [22806], [4616], [23645], [1629], [7157], [335], [1737], [941], [3759], [7414], [4000], [3569], [5663], [1956], [10642], [1896], [7412], [7124], [348], [4170], [7422], [3117], [958], [7040], [4524], [3559], [643], [3593], [7139], [6850], [5566], [7253], [7128], [2064], [10018], [2099], [3091], [652], [3586], [1636], [351], [672], [858], [1814], [88], [3115], [4053], [4318], [9370], [51300], [5243], [1401], [3845], [367], [673], [627], [207], [7273], [7421], [3553], [1029], [110806262], [1030], [5890], [5728], [5743], [1499], [7099], [6198], [4846], [1312], [1080], [4602], [3576], [6622], [5468], [6532], [3133], [7015], [659], [3574], [2491], [3106], [4137], [23274], [999], [59341], [2475], [1021], [3479], [4607], [29126], [596], [2057], [3952], [2146], [7852], [55876], [2944], [2624], [3458], [675], [6925], [4193], [4313], [1591], [80781], [6714], [5573], [920], [6335], [595], [9531], [5054], [1594], [5444], [10892], [1234], [6347], [1513], [3605], [4780], [1026], [332], [5290], [4879], [8557], [10133], [5820], [405], [406991], [6647], [7097], [942], [2950], [23411], [2952], [5664], [2147], [960], [7168], [4851], [1493], [4233], [472], [3105], [1813], [6387], [2153], [3146], [5071], [3077], [3683], [3815], [2908], [7515], [3162], [5970], [1565], [1557], [3383], [154], [6696], [5745], [1520], [355], [2100], [9966], [50943], [3606], [4990], [5925], [120892]]
