Hepatomas Benign:[[6387], [3486]]
Hepatoma Benign:[[682], [7157], [3068], [1956], [7040], [7422], [4318], [2041], [1499], [3569], [3091], [332], [1029], [5743], [7124], [5728], [207], [596], [2099], [6774], [595], [3479], [2064], [348], [999], [2146], [406991], [4790], [3576], [3553], [5290], [7015], [6387], [4609], [2475], [7852], [4233], [5468], [4780], [581], [5925], [1026], [3480], [1027], [3082], [3162], [6714], [23411], [960], [355], [10413], [2247], [3481], [2321], [857], [3309], [50943], [836], [1576], [5747], [8091], [324], [3791], [338], [5133], [406947], [2033], [4869], [8842], [5265], [331], [3552], [2308], [7276], [5347], [2272], [5329], [3065], [1950], [5328], [11093], [4968], [650], [2625], [718], [302], [1544], [3315], [6382], [100507436], [2034], [1019], [6469], [5315], [2719], [23405], [6662], [2194], [8795], [10855], [79001], [1977], [9076], [6786], [7849], [652], [3570], [3066], [4602], [1051], [6462], [7037], [407018], [7045], [406992], [2626], [5654], [51129], [890], [1634], [27250], [2264], [80781], [406988], [1915], [572], [3577], [27122], [3099], [1386], [406940], [6741], [6095], [51280], [3248], [57016], [6623], [728655], [56998], [406920], [8277], [1677], [27121], [23541], [693207], [192343]]
Adenoma of liver:[[6927], [3791], [217], [10599], [216], [6364], [11156], [10395], [28234], [7157], [1956], [4524], [3845], [26585], [7422], [2678], [10159], [3569], [7040], [673], [1015], [1499], [5743], [4318], [7124], [2064], [348], [1401], [1029], [2099], [3091], [6774], [3586], [999], [595], [7421], [4609], [9370], [2778], [3479], [5290], [207], [3576], [7015], [5728], [5326], [960], [4313], [596], [4233], [29126], [3162], [2944], [4780], [406991], [2950], [23411], [1026], [367], [3605], [355], [4193], [6387], [2952], [3082], [1493], [5594], [324], [50943], [4292], [3480], [6696], [185], [4312], [332], [9049], [4255], [857], [1559], [8743], [672], [10], [3953], [3486], [4288], [5599], [4843], [7076], [3481], [1543], [90865], [3265], [5329], [5460], [356], [8842], [3958], [4088], [7132], [6790], [2908], [1116], [4436], [2247], [1803], [5111], [6469], [1544], [8091], [5950], [1027], [4582], [598], [472], [196], [100507436], [4322], [7133], [3315], [9518], [836], [50616], [8878], [1786], [4869], [2719], [125], [1191], [3643], [5979], [2067], [4170], [2263], [4204], [7291], [22943], [2697], [4893], [9365], [7018], [4316], [1994], [4904], [6615], [4968], [2876], [5156], [5467], [4087], [6513], [59067], [2735], [4072], [5155], [5241], [6657], [2305], [947], [2688], [4221], [4595], [2690], [55294], [5727], [3593], [7424], [1788], [64072], [1958], [7161], [10018], [1649], [7517], [7430], [1019], [6928], [6256], [846], [2264], [652], [2052], [3574], [5894], [126], [1235], [6598], [5566], [5617], [22914], [1789], [3572], [5573], [7153], [7508], [2852], [6591], [4830], [842], [5245], [4548]]
Liver Cell Adenoma:[[6927], [2719]]
Liver Cell Adenomas:[[]]
Hepatocellular Adenomas:[[1499], [6927], [6469], [2735], [3572], [6098], [2168], [445], [340419], [2444]]
Liver cell adenoma:[[6927], [2719]]
Liver adenomas:[[6927], [3791], [217], [57817], [6794], [10062], [7376], [2168], [5468], [7157], [1956], [7422], [3845], [3569], [7040], [673], [5743], [1499], [1029], [2099], [4318], [4524], [4282], [63892], [2064], [3091], [2146], [999], [7015], [5290], [1401], [7421], [207], [6774], [5243], [4313], [29126], [1026], [5728], [7099], [4609], [595], [4233], [3952], [7852], [4851], [51738], [2475], [6387], [55422], [596], [4780], [406991], [4288], [355], [2950], [960], [3082], [367], [324], [3630], [6696], [4312], [5925], [3481], [4255], [1559], [8743], [8842], [4292], [3953], [3958], [10], [6790], [3725], [1027], [7298], [3688], [2778], [3486], [1543], [4089], [1906], [7076], [6934], [407040], [1803], [5111], [79068], [4314], [1869], [581], [5566], [283120], [11186], [5747], [6469], [472], [5315], [196], [3815], [328], [5979], [682], [8651], [4436], [9076], [4595], [4582], [406906], [836], [3417], [8626], [7077], [3290], [9518], [8091], [7490], [861], [841], [9201], [1588], [1786], [7291], [406937], [7057], [2688], [4353], [2690], [1994], [2735], [6657], [4323], [4968], [9365], [1385], [6513], [1586], [407018], [4072], [10855], [2264], [2261], [7048], [846], [4311], [7424], [6382], [4830], [133], [1045], [7474], [3066], [1788], [1030], [3572], [864], [4221], [2052], [4854], [3574], [55384], [4852], [9049], [2113], [3482], [1789], [7528], [406986], [875], [7153], [8289], [8038], [6591], [6624], [7849], [1113], [5914], [4548], [3159], [2627], [768], [7078], [9965], [1048], [5573], [3959], [2956], [445], [3164], [79577], [5175], [23600], [9], [10763], [5443], [6817], [476], [9101], [2776]]
Hepatocellular adenoma:[[6774], [1499], [7015], [4313], [6927], [4316], [10599], [2719], [3572], [3589], [28234], [445], [8714], [2752], [406920]]
Benign hepatoma:[[]]
HCA - Hepatocellular adenoma:[[6927]]
Hepatocellular Adenoma:[[6774], [1499], [7015], [4313], [6927], [4316], [10599], [2719], [3572], [3589], [28234], [445], [8714], [2752], [406920]]
Hepatoma benign:[[682], [7157], [3068], [1956], [7040], [7422], [4318], [2041], [1499], [3569], [3091], [332], [1029], [5743], [7124], [5728], [207], [596], [2099], [6774], [595], [3479], [2064], [348], [999], [2146], [406991], [4790], [3576], [3553], [5290], [7015], [6387], [4609], [2475], [7852], [4233], [5468], [4780], [581], [5925], [1026], [3480], [1027], [3082], [3162], [6714], [23411], [960], [355], [10413], [2247], [3481], [2321], [857], [3309], [50943], [836], [1576], [5747], [8091], [324], [3791], [338], [5133], [406947], [2033], [4869], [8842], [5265], [331], [3552], [2308], [7276], [5347], [2272], [5329], [3065], [1950], [5328], [11093], [4968], [650], [2625], [718], [302], [1544], [3315], [6382], [100507436], [2034], [1019], [6469], [5315], [2719], [23405], [6662], [2194], [8795], [10855], [79001], [1977], [9076], [6786], [7849], [652], [3570], [3066], [4602], [1051], [6462], [7037], [407018], [7045], [406992], [2626], [5654], [51129], [890], [1634], [27250], [2264], [80781], [406988], [1915], [572], [3577], [27122], [3099], [1386], [406940], [6741], [6095], [51280], [3248], [57016], [6623], [728655], [56998], [406920], [8277], [1677], [27121], [23541], [693207], [192343]]
