MAP - MYH associated polyposis:[[4595], [4968]]
Adenomatous polyposis coli:[[324], [22919], [10297], [139285], [1499], [2099], [221178], [999], [1029], [595], [5970], [4292], [4582], [10413], [5071], [4595], [1147], [8945], [5423], [3572], [8312], [7471], [1460], [26585], [1459], [1301], [23513], [56998], [1856], [7472], [9093], [9958], [724033], [10982], [89958], [4038], [22924], [51660], [5678], [401251]]
FAP - Familial adenomatous polyposis:[[324], [4595], [7040], [4292], [5743], [2100], [5742]]
Familial polyposis coli:[[]]
FAMILIAL ADENOMATOUS POLYPOSIS 1:[[324], [2099], [22919], [999], [5728], [5054], [7157], [1499], [3479], [7040], [1956], [26585], [673], [1029], [5243], [4437], [10297], [4292], [4913], [595], [1301], [6772], [10413], [3481], [4595], [3458], [3845], [5742], [5424], [5321], [5743], [7428], [4318], [5970], [5320], [5071], [2100], [4255], [5426], [406913], [8313], [27030], [574032]]
MYH-associated polyposis:[[4595]]
Familial adenomatous polyposis:[[324], [22919], [10297], [7157], [999], [3845], [2099], [26585], [5728], [4595], [1499], [4437], [4913], [7428], [1956], [7040], [1029], [5243], [673], [4292], [5743], [4318], [5071], [595], [5054], [3458], [3479], [2100], [5970], [4255], [10413], [6772], [3481], [5426], [406913], [5742], [5320], [8313], [5321], [1301], [5424], [27030], [574032]]
Polyposi Familial Multiple:[[5979], [1029], [1030], [5728], [3119], [2099], [3123], [3949], [338], [7157], [7015], [8792], [3106], [348], [5621], [3117], [324], [8647], [114548], [3105], [672], [6331], [255738], [3077], [5468], [9429], [7132], [4137], [4023], [675], [11200], [3717], [4254], [5244], [1311], [3586], [59], [3559], [3593], [1540], [3394], [335], [2131], [595], [116519], [100188881], [355], [7369], [8626], [4210], [4982], [6622], [7139], [19], [6934], [2261], [3845], [999], [79577], [5649], [841], [1071], [3759], [6927], [3815], [627], [2056], [7046], [3784], [207], [4790], [213], [7137], [4088], [4625], [2778], [1401], [10], [3458], [3479], [7128], [5592], [7852], [4000], [1493], [5290], [5551], [3172], [4233], [472], [1234], [9414], [7428], [10019], [6928], [1956], [81037], [351], [1594], [6311], [861], [7124], [1027], [1813], [7040], [7422], [4221], [5243], [5663], [4026], [578], [8074], [1636], [1285], [3558], [846], [7012], [4524], [4624], [3973], [3569], [8600], [2776], [4018], [64127], [5376], [2153], [6647], [2122], [1312], [356], [11315], [6531], [9370], [367], [673], [2322], [2064], [3553], [2629], [7273], [120892], [1499], [7099], [5888], [7421], [6323], [3091], [11093], [116085], [1136], [56606], [2034], [4193], [22861], [3043], [4318], [567], [5743], [773], [27329], [5071], [5156], [1410], [4638], [5054], [3576], [6532], [1788], [4763], [1080], [4771], [51422], [2057], [56244], [843], [4851], [3039], [2475], [6334], [3643], [5444], [7253], [4477], [3952], [1280], [79728], [7048], [2944], [545], [23435], [6403], [4607], [5925], [2624], [9365], [5327], [4292], [3767], [2896]]
Myh Associated Polyposis:[[4595], [4968], [4913], [4521]]
Familial Adenomatous Polyposis of the Colon:[[1499], [8313]]
Polyposis Familial Multiple:[[324], [1029], [5728], [2099], [3119], [7157], [3123], [7015], [3106], [3117], [3105], [5468], [4089], [3586], [595], [999], [3845], [26585], [3458], [4595], [3479], [7124], [22919], [1499], [7428], [7040], [1956], [5243], [3569], [5743], [4292], [10297], [673], [3553], [4318], [5071], [5054], [3576], [4436], [1080], [4851], [5444], [2944], [4437], [3565], [2950], [7097], [5970], [2100], [3557], [3265], [4312], [1232], [7515], [929], [857], [10413], [6772], [2956], [2022], [4255], [6794], [1994], [7077], [54894], [5144], [406913], [5742], [5395], [2271], [5320], [5321], [1301], [8313]]
APC - Adenomatous polyposis coli:[[324], [22919], [10297], [139285], [221178], [1499], [89958], [10982], [999], [22924], [1029], [2099], [595], [4292], [4595], [401251], [5970], [4582], [10413], [5071], [8312], [8945], [1147], [23513], [5423], [3572], [7471], [56998], [1460], [26585], [1856], [9093], [724033], [4038], [51660]]
Familial Polyposis of the Colon:[[324], [4292], [4436], [4089], [7157], [999], [3845], [5728], [5468], [2099], [657], [26585], [4595], [7124], [22919], [1499], [7040], [1956], [5243], [7428], [3119], [3569], [5743], [10297], [673], [7015], [1029], [4318], [3586], [3576], [595], [3553], [4851], [4437], [3479], [3117], [2100], [147495], [4629], [4913], [857], [3106], [1080], [3458], [2956], [10413], [2944], [2950], [5054], [5071], [5970], [3105], [3265], [7097], [6772], [7515], [1994], [3565], [4255], [4312], [3557], [2022], [929], [3481], [6794], [5742], [406913], [5426], [54894], [7077], [5395], [8313], [727897], [5320], [5144], [5321], [1301], [5424], [2271], [1232], [9156], [27030], [79695]]
Familial Adenomatous Polyposis Coli:[[324]]
Adenomatous polyposis:[[324], [22919], [10297], [139285], [221178], [26585], [1499], [4595], [7157], [1956], [3845], [7040], [4437], [5728], [999], [4913], [2099], [5743], [673], [4292], [4318], [5243], [1029], [3458], [595], [3479], [2100], [5054], [5970], [4582], [10413], [4255], [5071], [6772], [7428], [3481], [4586], [406913], [8312], [5426], [1147], [5423], [5320], [8945], [5742], [3572], [7471], [5321], [8313], [1460], [1301], [5424], [1459], [406899], [23513], [56998], [1856], [7472], [9093], [27030], [9958], [89958], [574032], [647979], [724033], [10982], [22924], [4038], [51660], [5678], [401251]]
Polyposes Familial Multiple:[[5979], [1029], [1030], [5728], [3119], [2099], [3123], [3949], [338], [7157], [7015], [8792], [3106], [348], [5621], [3117], [324], [8647], [114548], [3105], [672], [6331], [255738], [3077], [5468], [9429], [7132], [4137], [4023], [675], [11200], [3717], [4254], [5244], [1311], [3586], [59], [3559], [3593], [1540], [3394], [335], [2131], [595], [116519], [100188881], [355], [7369], [8626], [4210], [4982], [6622], [7139], [19], [6934], [2261], [3845], [999], [79577], [5649], [841], [1071], [3759], [6927], [3815], [627], [2056], [7046], [3784], [207], [4790], [213], [7137], [4088], [4625], [2778], [1401], [10], [3458], [3479], [7128], [5592], [7852], [4000], [1493], [5290], [5551], [3172], [4233], [472], [1234], [9414], [7428], [10019], [6928], [1956], [81037], [351], [1594], [6311], [861], [7124], [1027], [1813], [7040], [7422], [4221], [5243], [5663], [4026], [578], [8074], [1636], [1285], [3558], [846], [7012], [4524], [4624], [3973], [3569], [8600], [2776], [4018], [64127], [5376], [2153], [6647], [2122], [1312], [356], [11315], [6531], [9370], [367], [673], [2322], [2064], [3553], [2629], [7273], [120892], [1499], [7099], [5888], [7421], [6323], [3091], [11093], [116085], [1136], [56606], [2034], [4193], [22861], [3043], [4318], [567], [5743], [773], [27329], [5071], [5156], [1410], [4638], [5054], [3576], [6532], [1788], [4763], [1080], [4771], [51422], [2057], [56244], [843], [4851], [3039], [2475], [6334], [3643], [5444], [7253], [4477], [3952], [1280], [79728], [7048], [2944], [545], [23435], [6403], [4607], [5925], [2624], [9365], [5327], [4292], [3767], [2896]]
Polyposis Syndrome Familial:[[324], [7157], [3845], [4089], [5728], [26585], [673], [4292], [4436], [3123], [1029], [999], [657], [3117], [7428], [2099], [5468], [3265], [2956], [3481], [10297], [4851], [3119], [7124], [22919], [4595], [1499], [7040], [595], [5395], [1956], [5243], [857], [3569], [1301], [7015], [6794], [3553], [5743], [10413], [4318], [3586], [2022], [3106], [5444], [5054], [3576], [4437], [3458], [3479], [3105], [7097], [4629], [1080], [2944], [2950], [4913], [2100], [3557], [5071], [5424], [54894], [3565], [7515], [929], [5970], [8313], [4312], [6772], [4255], [5426], [7077], [5320], [406913], [5742], [727897], [2271], [5144], [1232], [9156], [27030]]
FPC - Familial polyposis coli:[[]]
Polyposis Myh-Associated:[[4595]]
Polyposis Colus Hereditary:[[]]
Polyposis Colus Familial:[[]]
FPC:[[5314], [672], [5311], [109279841]]
Polyposus Familial Multiple:[[5979], [1029], [1030], [5728], [3119], [2099], [3123], [3949], [338], [7157], [7015], [8792], [3106], [348], [5621], [3117], [324], [8647], [114548], [3105], [672], [6331], [255738], [3077], [5468], [9429], [7132], [4137], [4023], [675], [11200], [3717], [4254], [5244], [1311], [3586], [59], [3559], [3593], [1540], [3394], [335], [2131], [595], [116519], [100188881], [355], [7369], [8626], [4210], [4982], [6622], [7139], [19], [6934], [2261], [3845], [999], [79577], [5649], [841], [1071], [3759], [6927], [3815], [627], [2056], [7046], [3784], [207], [4790], [213], [7137], [4088], [4625], [2778], [1401], [10], [3458], [3479], [7128], [5592], [7852], [4000], [1493], [5290], [5551], [3172], [4233], [472], [1234], [9414], [7428], [10019], [6928], [1956], [81037], [351], [1594], [6311], [861], [7124], [1027], [1813], [7040], [7422], [4221], [5243], [5663], [4026], [578], [8074], [1636], [1285], [3558], [846], [7012], [4524], [4624], [3973], [3569], [8600], [2776], [4018], [64127], [5376], [2153], [6647], [2122], [1312], [356], [11315], [6531], [9370], [367], [673], [2322], [2064], [3553], [2629], [7273], [120892], [1499], [7099], [5888], [7421], [6323], [3091], [11093], [116085], [1136], [56606], [2034], [4193], [22861], [3043], [4318], [567], [5743], [773], [27329], [5071], [5156], [1410], [4638], [5054], [3576], [6532], [1788], [4763], [1080], [4771], [51422], [2057], [56244], [843], [4851], [3039], [2475], [6334], [3643], [5444], [7253], [4477], [3952], [1280], [79728], [7048], [2944], [545], [23435], [6403], [4607], [5925], [2624], [9365], [5327], [4292], [3767], [2896]]
Polyposes Myh-Associated:[[4595]]
ADENOMATOUS POLYPOSIS OF THE COLON:[[1499], [8313]]
Polyposis Coli Adenomatous:[[324], [22919], [10297], [139285], [221178], [26585], [1499], [4595], [7157], [1956], [3845], [999], [7040], [5728], [5743], [4913], [2099], [4292], [5243], [4318], [3458], [1029], [595], [5970], [4582], [6772], [10413], [5071], [8312], [5423], [1147], [5426], [3572], [8945], [7471], [5321], [1460], [1301], [1459], [5424], [23513], [89958], [56998], [1856], [7472], [9093], [9958], [724033], [22924], [10982], [4038], [51660], [5678], [401251]]
Familial multiple polyposis syndrome:[[324], [1029], [5728], [7157], [3123], [3845], [3117], [4089], [2099], [3119], [7015], [26585], [673], [4292], [3106], [4436], [3105], [595], [5468], [999], [3586], [7428], [3265], [3458], [3479], [2956], [7124], [4851], [7040], [1499], [4595], [1956], [5243], [3569], [10297], [22919], [5395], [3553], [5743], [4318], [857], [3576], [5054], [1301], [6794], [5444], [2022], [10413], [1080], [2944], [7097], [2950], [5071], [3557], [3565], [2100], [4437], [5970], [929], [54894], [7515], [4312], [6772], [1232], [8313], [4255], [7077], [2271], [5144], [5320], [5742], [406913]]
Polyposis coli:[[324], [22919], [4089], [10297], [139285], [147495], [657], [7905], [221178], [26585], [164284], [7124], [7157], [1499], [4595], [1956], [3576], [3586], [3553], [7040], [5728], [5743], [3569], [999], [2099], [3845], [4292], [5243], [4318], [3458], [1029], [4436], [1080], [5468], [595], [7097], [2950], [5970], [3146], [836], [4582], [929], [6772], [857], [10413], [4312], [4843], [3557], [581], [5071], [4913], [4968], [2956], [1994], [8312], [85480], [842], [5423], [5426], [1147], [3572], [8945], [6422], [7471], [5321], [2237], [6356], [1460], [2271], [5424], [1459], [1301], [23513], [56998], [1856], [7472], [9093], [9958], [89958], [1741], [724033], [22924], [10982], [4038], [9732], [51660], [5678], [401251]]
Polyposis Coli Hereditary:[[324], [4089], [26585], [657], [7157], [147495], [999], [3553], [3845], [7124], [1080], [1499], [4595], [2956], [4292], [3557], [7040], [5728], [3576], [4436], [3569], [1029], [2099], [2271], [4318], [2950], [857], [4582], [581], [4312], [5071], [4968], [5423]]
Polyposis Coli Familial:[[324], [22919], [4089], [10297], [7157], [147495], [657], [999], [2099], [26585], [3845], [5468], [5728], [7124], [4595], [1499], [1956], [7040], [3553], [5243], [3576], [1029], [5743], [3586], [3569], [4292], [4913], [4436], [4318], [3458], [5071], [595], [1080], [7097], [2950], [5970], [857], [929], [6772], [2956], [3557], [10413], [4312], [1994], [5426], [5321], [2271], [5424], [1301]]
Familial Polyposis Syndromes:[[]]
APC:[[324], [5624], [10544], [350], [22919], [139285], [7157], [10297], [10982], [50649], [89958], [3845], [221178], [22924], [1499], [30820], [7124], [999], [1029], [673], [1956], [7040], [2099], [2147], [2153], [3569], [89797], [5728], [147495], [3091], [4790], [5743], [5243], [3586], [672], [2950], [6774], [7099], [1401], [367], [219287], [207], [3123], [2932], [4292], [1026], [1080], [5290], [29126], [596], [406991], [4609], [595], [3717], [4313], [4193], [5594], [1493], [5054], [3119], [332], [2146], [4233], [472], [5925], [1543], [3146], [4255], [401251], [5970], [2100], [50943], [11186], [4582], [983], [6502], [4595], [1027], [857], [5347], [3690], [5133], [5595], [3082], [10413], [205147], [2157], [6934], [1017], [1576], [406947], [5747], [2149], [387], [5071], [3265], [4436], [1869], [7428], [7474], [4170], [10], [5599], [217], [5627], [25], [7316], [3117], [6790], [1786], [3309], [6352], [846], [998], [891], [4089], [164284], [991], [356], [1387], [598], [1191], [2155], [1586], [1457], [5111], [8312], [55294], [5580], [3620], [890], [2034], [7048], [1019], [7153], [5566], [283120], [5300], [2065], [9212], [7056], [10018], [3115], [7046], [5562], [9314], [51343], [6786], [1045], [2159], [5053], [7514], [9232], [6598], [8945], [4085], [7035], [2272], [406906], [940], [643353], [442320], [442318], [442317], [1487], [50616], [996], [6462], [3551], [2316], [613], [8826], [2266], [898], [5915], [7078], [8856], [3297], [5294], [7528], [3678], [1030], [23028], [5467], [5604], [2811], [2956], [2934], [5175], [4586], [406935], [1000], [1147], [7158], [246778], [7020], [7874], [406988], [1025], [3159]]
Familial Multiple Polyposis Syndrome:[[324], [1029], [5728], [7157], [3123], [3845], [3117], [4089], [2099], [3119], [7015], [26585], [673], [4292], [3106], [4436], [3105], [595], [5468], [999], [3586], [7428], [3265], [3458], [3479], [2956], [7124], [4851], [7040], [1499], [4595], [1956], [5243], [3569], [10297], [22919], [5395], [3553], [5743], [4318], [857], [3576], [5054], [1301], [6794], [5444], [2022], [10413], [1080], [2944], [7097], [2950], [5071], [3557], [3565], [2100], [4437], [5970], [929], [54894], [7515], [4312], [6772], [1232], [8313], [4255], [7077], [2271], [5144], [5320], [5742], [406913]]
Polyposis Coli:[[324], [22919], [4089], [10297], [139285], [147495], [657], [7905], [221178], [26585], [164284], [7124], [7157], [1499], [4595], [1956], [3576], [3586], [3553], [7040], [5728], [5743], [3569], [999], [2099], [3845], [4292], [5243], [4318], [3458], [1029], [4436], [1080], [5468], [595], [7097], [2950], [5970], [3146], [836], [4582], [929], [6772], [857], [10413], [4312], [4843], [3557], [581], [5071], [4913], [4968], [2956], [1994], [8312], [85480], [842], [5423], [5426], [1147], [3572], [8945], [6422], [7471], [5321], [2237], [6356], [1460], [2271], [5424], [1459], [1301], [23513], [56998], [1856], [7472], [9093], [9958], [89958], [1741], [724033], [22924], [10982], [4038], [9732], [51660], [5678], [401251]]
Polyposis Colus:[[]]
Polyposis Colus Adenomatous:[[]]
Polyposes Familial Adenomatous:[[324], [7157], [2099], [999], [3845], [22919], [5728], [7428], [10297], [1956], [1499], [1029], [7040], [2056], [7422], [5243], [673], [4437], [9370], [2690], [7421], [4595], [5741], [4913], [5071], [5743], [4318], [5054], [595], [3952], [3458], [3479], [4292], [2100], [8626], [5970], [3630], [4255], [10413], [1588], [6790], [6772], [3481], [331], [9049], [2078], [406913], [5742], [5320], [5426], [5321], [1301], [8313], [26585], [5424], [4882], [574032], [27030], [6160]]
Adenomatous Polyposis of the Colon:[[1499], [8313]]
FAP1:[[5783], [406985]]
Polyposis Familial Adenomatous:[[324], [22919], [10297], [7157], [999], [3845], [2099], [26585], [5728], [4595], [1499], [4437], [4913], [7428], [1956], [7040], [1029], [5243], [673], [4292], [5743], [4318], [5071], [595], [5054], [3458], [3479], [2100], [5970], [4255], [10413], [6772], [3481], [5426], [406913], [5742], [5320], [8313], [5321], [1301], [5424], [27030], [574032]]
FAMILIAL POLYPOSIS OF THE COLON:[[324], [4292], [4436], [4089], [7157], [999], [3845], [5728], [5468], [2099], [657], [26585], [4595], [7124], [22919], [1499], [7040], [1956], [5243], [7428], [3119], [3569], [5743], [10297], [673], [7015], [1029], [4318], [3586], [3576], [595], [3553], [4851], [4437], [3479], [3117], [2100], [147495], [4629], [4913], [857], [3106], [1080], [3458], [2956], [10413], [2944], [2950], [5054], [5071], [5970], [3105], [3265], [7097], [6772], [7515], [1994], [3565], [4255], [4312], [3557], [2022], [929], [3481], [6794], [5742], [406913], [5426], [54894], [7077], [5395], [8313], [727897], [5320], [5144], [5321], [1301], [5424], [2271], [1232], [9156], [27030], [79695]]
