Adrenal cortical adenoma:[[]]
Adrenal adenoma:[[2516], [5324], [2778], [3284], [7157], [5325], [3569], [7422], [4524], [1499], [1956], [3845], [673], [5326], [2099], [5743], [348], [7124], [190], [2064], [7040], [3091], [6774], [595], [7421], [3479], [9370], [2908], [999], [4318], [9049], [4609], [367], [4292], [324], [3586], [7015], [1583], [672], [5728], [960], [2100], [207], [596], [1813], [4255], [5290], [29126], [2950], [23411], [5594], [2944], [1585], [332], [4193], [4780], [406991], [4313], [185], [355], [3762], [1026], [3480], [4436], [5566], [472], [6387], [4088], [1493], [5979], [3162], [2247], [4582], [50943], [5443], [6696], [3791], [836], [1728], [3958], [3082], [1027], [2697], [8743], [3953], [5156], [6469], [3481], [2067], [5241], [4869], [4204], [5111], [6390], [4087], [5599], [217], [3265], [3486], [7076], [1786], [4170], [90865], [2263], [5460], [196], [3643], [4968], [7132], [4221], [4595], [7291], [356], [3315], [598], [64072], [1191], [8878], [100507436], [1788], [1958], [6615], [2305], [10018], [4893], [5573], [1019], [7430], [3973], [652], [5894], [1994], [55294], [7133], [1584], [7424], [186], [1789], [4684], [2688], [7517], [4904], [6598], [216], [842], [2735], [2052], [22914], [706], [947], [2690], [2956], [1508], [6256], [7508], [125], [2719], [5617], [4830], [2876], [1030], [27122], [5467], [4548], [3814], [7054], [5175], [5155], [5581], [2852], [240], [6591], [5727], [6624], [9131], [3574], [3159], [9173], [2934], [6752], [890], [7158], [79577], [3572], [6573], [6392], [5245], [2057], [4171], [4853], [1514], [308], [780], [3623], [6925], [2264], [4361], [1540], [1649], [6426]]
Adrenocortical Adenomas:[[7422], [1499], [5566], [3481], [1586], [1589], [10855], [1585], [1113], [2516], [3164], [5573], [190], [2627], [6770], [1289], [406931], [1583], [442904], [406968], [6822], [3284], [4158], [6895], [9100], [100033819]]
Adrenal cortical adenoma no ICD-O subtype:[[]]
Adrenocortical Adenoma:[[7157], [1956], [2099], [596], [332], [472], [2100], [5241], [3481], [2305], [6624], [406988], [3623], [37], [247]]
Adrenal Cortical Adenoma:[[]]
Adrenal cortical adenoma no International Classification of Diseases for Oncology subtype:[[]]
Adrenal cortical adenoma morphology:[[]]
Adrenal Cortical Adenomas:[[]]
Adrenocortical adenomas:[[7422], [1499], [5566], [3481], [1586], [1589], [10855], [1585], [1113], [2516], [3164], [5573], [190], [2627], [6770], [1289], [406931], [1583], [442904], [406968], [6822], [3284], [4158], [6895], [9100], [100033819]]
