Addison Disease and Cerebral Sclerosis:[[]]
ADDISON DISEASE AND CEREBRAL SCLEROSIS:[[]]
X-ALD (X-Linked Adrenoleukodystrophy):[[215]]
X-Linked Adrenoleukodystrophy:[[114548], [2157], [215], [875], [10134], [5825], [225], [11001], [5826], [64834], [23205], [81616]]
Adrenoleucodystrophy:[[]]
X Linked Adrenoleukodystrophy:[[114548], [2157], [215], [875], [10134], [5825], [225], [11001], [5826], [64834], [23205], [81616]]
Schilder Addison Complex:[[]]
X-linked adrenoleucodystrophy:[[331], [546], [9131], [7454], [1654], [5251], [1896], [6473], [8239], [170302], [4693], [5631], [27316], [8242], [57502], [11141], [367], [10682], [23096], [2664], [50943], [65109], [4983], [27286], [4204], [23676], [2950], [57187], [2706], [55906], [2316], [1536], [7552], [3897], [8517], [695], [389856], [2623], [2158], [538], [51284], [8473], [554], [190], [9968], [1287], [6103], [6197], [6872], [1736], [9566], [4068], [2010], [412], [3561], [6247], [1254], [2273], [57760], [10075], [6567], [7317], [633], [1184], [8450], [4534], [4935], [4657], [3054], [778], [7114], [90167], [10804], [1680], [212], [50644], [1641], [5063], [3730], [10159], [4412], [5640], [7523], [265], [4841], [6102], [5422], [4378], [7543], [8245], [378484], [266678], [10735], [7403], [6658], [777642], [727716], [727715], [727714], [619510], [378882], [117189], [114890], [93991], [84434], [57792], [57791], [23694], [10118], [6116], [6104], [4429], [4416], [4406], [4387], [4384], [1275], [179], [6855], [1253], [5456], [6191], [23133], [1741], [2182], [57790], [105463129], [102775568], [102775565], [100820761], [100820759], [100820758], [100739996], [100689214], [100529118], [100302510], [100188769], [100188768], [100188765], [8259], [8246], [6134], [5956], [5199], [79718], [6853], [6611], [7319], [7504], [2892], [1678], [11152], [24137], [7547], [51360], [8237], [50945], [54413], [1288], [116442], [60401], [84707], [7157], [3188], [27328], [5165], [407], [51114], [1964], [2652], [7102], [24140], [22], [55859], [6907], [27018], [84061], [340533], [415], [10046], [492], [22866], [51132], [2187], [51309], [1193], [10149], [51566], [7124], [348], [5613], [1183], [203547], [8406], [56271], [3569], [286410], [81887], [11043], [26609]]
Schilder-Addison complex:[[]]
ALD:[[215], [5825], [225], [5826], [3569], [3586], [5243], [2944], [6347], [3077], [3146], [6648], [9429], [19], [406947], [1571], [80339], [133], [6285], [302], [7498], [7133], [5562], [5340], [4363], [26957], [26983], [642762], [301], [5327], [23785], [26982], [24], [1244], [6716], [6833], [7082], [6890], [10257], [126], [6891], [5244], [1118], [368], [8647], [9619], [21], [8714], [1773], [53345], [64241], [64240], [406994], [316], [85320], [6059], [10347], [10060], [10057], [26154], [23], [89845], [22], [20], [51], [1463], [23457], [64137], [23456], [10351], [23461], [118460], [55788], [23460], [94160], [150000], [10350], [10349]]
Siemerling-Creutzfeldt Disease:[[5621], [11315], [351], [3119], [348], [4137], [4747], [5243], [5594], [102], [3605], [11075], [23621], [2688], [1509], [7018], [361], [358], [199], [1113], [43], [10763], [2023], [2026], [4862], [1832], [10971], [7529], [7532], [1114], [7533], [255022], [63876], [23627], [9108], [2918], [253461], [5922], [260293], [503542], [143279], [345557]]
X ALD (X Linked Adrenoleukodystrophy):[[215], [5825], [225], [5826]]
Melanodermic Leukodystrophy:[[3329], [410], [4001], [55703], [9131], [6532], [11128], [6531], [10382], [9255], [4170], [1267], [7965], [4854], [54664], [2058], [5917], [4684], [9533], [1436], [2705], [57165], [51569], [1642], [8451], [5451], [5660], [8560], [55823], [11277], [64857], [29920], [51501], [91452], [8450], [2581], [6389], [51185], [3735], [84504], [23209], [1181], [9725], [443], [8893], [4099], [2632], [8890], [79152], [4358], [23395], [4723], [7903], [8892], [25885], [57505], [8891], [51103], [55225], [192343]]
X-ALD:[[6285], [5562], [215], [6716], [51]]
X-linked adrenoleukodystrophy unspecified type:[[114548]]
Bronze Schilder Disease:[[]]
X-linked adrenoleukodystrophy:[[114548], [2157], [215], [875], [10134], [5825], [225], [11001], [5826], [64834], [23205], [81616]]
BRONZE SCHILDER DISEASE:[[]]
Adrenoleukodystrophy:[[215], [225], [348], [114548], [2157], [133], [5562], [875], [5216], [1118], [8529], [5830], [10134], [406972], [5824], [5825], [5189], [51], [8892], [5826], [11001], [5192], [55670], [5193], [3422], [64834], [23205], [81616]]
Bronze Schilder disease:[[]]
Siemerling Creutzfeldt Disease:[[5621], [11315], [351], [3119], [348], [4137], [4747], [5243], [5594], [102], [3605], [11075], [23621], [2688], [1509], [7018], [361], [358], [199], [1113], [43], [10763], [2023], [2026], [4862], [1832], [10971], [7529], [7532], [1114], [7533], [255022], [63876], [23627], [9108], [2918], [253461], [5922], [260293], [503542], [143279], [345557]]
SIEMERLING-CREUTZFELDT DISEASE:[[5621], [11315], [351], [3119], [348], [4137], [4747], [5243], [5594], [102], [3605], [11075], [23621], [2688], [1509], [7018], [361], [358], [199], [1113], [43], [10763], [2023], [2026], [4862], [1832], [10971], [7529], [7532], [1114], [7533], [255022], [63876], [23627], [9108], [2918], [253461], [5922], [260293], [503542], [143279], [345557]]
Siemerling-Creutzfeldt disease:[[5621], [11315], [351], [3119], [348], [4137], [4747], [5243], [5594], [102], [3605], [11075], [23621], [2688], [1509], [7018], [361], [358], [199], [1113], [43], [10763], [2023], [2026], [4862], [1832], [10971], [7529], [7532], [1114], [7533], [255022], [63876], [23627], [9108], [2918], [253461], [5922], [260293], [503542], [143279], [345557]]
ADRENOLEUKODYSTROPHY:[[215], [225], [348], [114548], [2157], [133], [5562], [875], [5216], [1118], [8529], [5830], [10134], [406972], [5824], [5825], [5189], [51], [8892], [5826], [11001], [5192], [55670], [5193], [3422], [64834], [23205], [81616]]
Leukodystrophies Melanodermic:[[1436], [11128], [8890], [55703], [57165]]
X ALD:[[215], [5825], [3569], [3586], [225], [5243], [5826], [3146], [22], [6347], [19], [3077], [9429], [1571], [301], [6285], [5562], [5340], [4363], [6833], [6716], [6890], [7082], [5244], [1118], [8647], [64241], [1773], [64240], [406994], [51]]
MELANODERMIC LEUKODYSTROPHY:[[3329], [410], [4001], [55703], [9131], [6532], [11128], [6531], [10382], [9255], [4170], [1267], [7965], [4854], [54664], [2058], [5917], [4684], [9533], [1436], [2705], [57165], [51569], [1642], [8451], [5451], [5660], [8560], [55823], [11277], [64857], [29920], [51501], [91452], [8450], [2581], [6389], [51185], [3735], [84504], [23209], [1181], [9725], [443], [8893], [4099], [2632], [8890], [79152], [4358], [23395], [4723], [7903], [8892], [25885], [57505], [8891], [51103], [55225], [192343]]
ALD - adrenoleukodystrophy:[[]]
ALD (Adrenoleukodystrophy):[[215], [225], [5825], [5826], [133], [5562], [1118], [51]]
Schilder-Addison Complex:[[]]
