Seizures Alcohol-Related:[[7124], [627], [7040], [7015], [4988], [1141]]
Alcohol withdrawal-induced seizure:[[]]
Seizure Alcohol-Related:[[7124], [7040], [627], [6532], [406947], [1356]]
Seizures Alcoholic:[[3569], [7124], [2902], [7040], [3586], [348], [3553], [5468], [9370], [4318], [3576], [3952], [5728], [7099], [2475], [3146], [3605], [3557], [6531], [3606], [177], [3552], [1576], [10], [4988], [3643], [718], [7076], [1181], [2903], [6507], [2562], [2561]]
Rum fits:[[]]
Alcohol withdrawal-induced convulsion:[[]]
Alcohol-induced epilepsy:[[4524], [5243], [627], [7157], [1312], [3479], [6648], [4313], [217], [6531], [4314], [27327], [9575], [8864], [255239]]
Seizure Alcohol Withdrawal:[[627], [348], [3569], [7124], [6532], [9370], [5243], [673], [51738], [3576], [5468], [2475], [3479], [4137], [1576], [6285], [4915], [2904], [2166], [2554], [5020]]
Withdrawal-Induced Seizure Alcohol:[[]]
Withdrawal-Induced Seizures Alcohol:[[2030]]
Seizure Alcoholic:[[7124], [7040], [3569], [348], [5468], [3586], [9370], [1956], [3553], [6774], [3576], [6347], [3479], [6532], [7099], [2475], [2944], [3146], [2952], [51738], [3565], [3606], [3480], [3557], [1576], [3552], [406947], [4088], [7442], [252995], [5919], [2903], [2902], [4925], [6507], [2562], [2561], [2912]]
Alcohol Related Seizures:[[348], [9370], [1173], [351], [3569], [3751], [7015], [627], [7124], [3553], [2902], [3586], [5243], [3643], [7040], [4318], [7099], [6531], [3952], [5468], [3576], [4137], [4988], [2475], [3778], [1565], [10], [406938], [1576], [4204], [114548], [1385], [4314], [1788], [6285], [1544], [2917], [3329], [2904], [2566], [1621], [4317], [4208], [2903], [2554], [224], [134], [2030], [2571], [2550], [8910], [501], [1141], [8777], [53], [2559], [2560], [2557], [6538], [2563], [23316]]
Seizures Alcohol Withdrawal:[[3569], [627], [348], [7124], [6531], [9370], [5243], [3952], [5468], [2475], [3576], [4988], [4137], [1576], [10], [114548], [6285], [1621], [2904], [2554], [2030], [1141], [8777]]
Alcohol-related fit:[[2099], [6532], [6696]]
Alcohol Withdrawal Induced Seizure:[[]]
