ALEXANDER DISEASE:[[2670], [2475], [1432], [836], [23336]]
Alexander Disease:[[2670], [2475], [1432], [836], [23336]]
Alexanders Disease:[[]]
Leukodystrophy with Rosenthal Fibers:[[]]
Alexander's disease:[[2670]]
ALXDRD:[[2670]]
Fibrinoid leukodystrophy:[[]]
Fibrinoid Degeneration of Astrocytes:[[]]
Alexander's Disease:[[2670]]
Alexander disease:[[2670], [2475], [1432], [836], [23336]]
Demyelinogenic Leukodystrophy:[[3329], [410], [4001], [55703], [9131], [6532], [11128], [6531], [10382], [9255], [4170], [1267], [7965], [4854], [54664], [2058], [5917], [4684], [9533], [1436], [2705], [57165], [51569], [1642], [8451], [5451], [5660], [8560], [55823], [11277], [64857], [29920], [51501], [91452], [8450], [2581], [6389], [51185], [3735], [84504], [23209], [1181], [9725], [443], [8893], [4099], [2632], [8890], [79152], [4358], [23395], [4723], [7903], [8892], [25885], [57505], [8891], [51103], [55225], [192343]]
Dysmyelinogenic Leukodystrophy:[[3329], [410], [4001], [55703], [9131], [6532], [11128], [6531], [10382], [9255], [4170], [1267], [7965], [4854], [54664], [2058], [5917], [4684], [9533], [1436], [2705], [57165], [51569], [1642], [8451], [5451], [5660], [8560], [55823], [11277], [64857], [29920], [51501], [91452], [8450], [2581], [6389], [51185], [3735], [84504], [23209], [1181], [9725], [443], [8893], [4099], [2632], [8890], [79152], [4358], [23395], [4723], [7903], [8892], [25885], [57505], [8891], [51103], [55225], [192343]]
