Alpha thalassaemia syndrome:[[546], [3039], [3043], [3569], [9370], [3576], [3077], [3162], [4780], [4982], [5444], [3791], [3308], [8600], [57817], [947], [3579], [53335], [654], [94033]]
alpha-Thalassemias:[[3039], [3040], [106144573], [106804613], [106804612]]
alpha thalassemia:[[546], [3043], [3039], [3040], [8129], [54658], [2539], [8542], [1378], [10544], [1616], [53335], [10661], [3046], [9555], [30812], [106804613], [106804612], [3049]]
Alpha thalassaemia:[[3039], [3040], [546], [3043], [51327], [3569], [9370], [3077], [3576], [4780], [3162], [3791], [8600], [4982], [5444], [3308], [3579], [947], [57817], [8842], [2539], [53335], [654], [94033]]
Alpha thalassemia:[[546], [3043], [3039], [3040], [8129], [54658], [2539], [8542], [1378], [10544], [1616], [53335], [10661], [3046], [9555], [30812], [106804613], [106804612], [3049]]
Hemoglobin H disease:[[3039], [3040], [546], [3045]]
Alpha thalassemia syndrome:[[546], [54658], [8129], [3039], [3043], [1616], [10544], [8542], [53335], [10661], [9555], [30812]]
A-Thalassemia:[[3043], [54658], [3040], [1244]]
Thalassemia Alpha:[[3039]]
Hemoglobin H Disease:[[3039], [3040], [546], [3045]]
alpha-Thalassemia:[[546], [3043], [3039], [3040], [8129], [54658], [2539], [8542], [1378], [10544], [1616], [53335], [10661], [3046], [9555], [30812], [106804613], [106804612], [3049]]
Thalassemia-alpha:[[3039]]
alpha thalassaemia:[[3039], [3040], [546], [3043], [51327], [3569], [9370], [3077], [3576], [4780], [3162], [3791], [8600], [4982], [5444], [3308], [3579], [947], [57817], [8842], [2539], [53335], [654], [94033]]
ALPHA-THALASSEMIA:[[546], [3043], [3039], [3040], [8129], [54658], [2539], [8542], [1378], [10544], [1616], [53335], [10661], [3046], [9555], [30812], [106804613], [106804612], [3049]]
Alpha-thalassemia:[[546], [3043], [3039], [3040], [8129], [54658], [2539], [8542], [1378], [10544], [1616], [53335], [10661], [3046], [9555], [30812], [106804613], [106804612], [3049]]
Thalassemia alpha:[[3039]]
