Unspecified allergic alveolitis and pneumonitis:[[]]
Hypersensitivity pneumonitis:[[7124], [4313], [3605], [3606], [5133], [4582], [54106], [4615], [3592], [3684], [6441], [6890], [1513], [727897], [6361], [3687], [6359]]
Pneumonitides Hypersensitivity:[[3106], [3105], [7157], [7124], [2099], [3123], [2272], [672], [6774], [1636], [351], [367], [627], [1312], [3553], [1029], [111365204], [7099], [3717], [6532], [3458], [675], [2944], [6347], [4313], [2908], [595], [3605], [2952], [6647], [3146], [3119], [1557], [3606], [2932], [3480], [177], [1559], [142], [64127], [5133], [718], [2890], [4582], [9429], [6531], [3107], [79602], [695], [3075], [4282], [114548], [929], [2247], [4869], [2625], [7442], [54106], [5781], [4988], [196], [1545], [2260], [3117], [1602], [2212], [100507436], [796], [5027], [5577], [10673], [867], [2056], [3303], [4615], [9021], [1236], [2150], [7517], [4745], [864], [4803], [847], [84868], [2149], [5610], [125], [2641], [6776], [3592], [2158], [7486], [4915], [10013], [2213], [3684], [1394], [1025], [1437], [6441], [59341], [8989], [641], [2131], [7010], [2073], [834], [2643], [64805], [186], [4352], [1591], [7166], [3939], [7507], [6335], [6890], [7100], [2177], [3837], [1513], [2902], [727897], [374], [10392], [961], [1901], [2215], [11009], [79054], [25925], [4773], [7297], [2175], [2358], [5293], [1232], [6361], [1289], [7177], [7178], [54901], [2176], [7516], [5932], [925], [5893], [64581], [5366], [148], [7293], [5266], [386653], [3687], [3991], [3269], [64207], [56852], [2729], [10800], [9002], [1959], [5965], [8835], [5883], [4158], [3776], [3455], [6916], [2189], [1610], [9618], [245972], [3497], [3357], [27087], [57697], [5553], [50485], [2529], [56300], [7060], [57105], [6047], [7320], [55215], [11274], [9456], [147], [10721], [80328], [7784], [146], [6359], [10866], [10068], [6569], [55120], [80070], [2188]]
Hypersensitivity pneumonitis NOS:[[]]
Allergic alveolitis (extrinsic) NOS:[[3458]]
Extrinsic Allergic Alveolitis:[[]]
EAA - Extrinsic allergic alveolitis:[[]]
Allergic pneumonitis:[[7040], [7124], [7422], [3569], [1636], [3605], [4524], [3123], [3606], [3565], [5054], [29126], [4313], [6647], [5133], [54106], [796], [6469], [3592], [6441], [6890], [6361]]
Extrinsic allergic bronchiolo-alveolitis:[[]]
Allergic interstitial pneumonitis:[[6469], [6441]]
Pneumonitis Hypersensitivity:[[7157], [7124], [3123], [1636], [4313], [4582], [3605], [6647], [3606], [5133], [54106], [796], [4615], [3592], [6441], [3684], [727897], [6890], [1513], [6361], [3687], [6359]]
Allergic alveolitis:[[3458], [3627], [2833]]
Extrinsic Allergic Alveolitides:[[]]
Hypersensitivity pneumonia:[[7124], [1636], [7099], [3146], [3605], [6774], [3553], [3458], [627], [2944], [6347], [796], [3606], [4313], [595], [4582], [718], [929], [177], [5133], [114548], [4282], [54106], [2212], [6441], [10673], [4615], [9021], [1236], [727897], [84868], [3684], [59341], [7100], [6361], [64581], [56300], [57105], [192343]]
Extrinsic allergic alveolitis:[[]]
Bagpipe lung:[[]]
