Familial amyloid polyneuropathy:[[351], [7276], [367], [1191], [5950], [6311], [325]]
Neuropathy Familial Amyloid:[[348], [6622], [5621], [7157], [1636], [7124], [4137], [773], [4000], [7276], [567], [7040], [5243], [213], [4035], [4318], [3458], [627], [7099], [1401], [7422], [3569], [4088], [5327], [3586], [3565], [5970], [718], [355], [183], [7132], [3627], [775], [7345], [5443], [7295], [7432]]
Neuropathic Amyloidoses Hereditary:[[351], [7276]]
Polyneuropathy Familial Amyloid:[[351], [1636], [325], [7124], [7276], [1191], [6647], [7422], [2056], [3586], [367], [1410], [406938], [4353], [5950], [4323], [6311], [712]]
AF type amyloidosis:[[3569], [348], [4879], [7139], [7450], [7040], [7124], [6347], [7099], [183], [1636], [7097], [4088], [3958], [811], [6288], [2627]]
Neuropathic Amyloidosis Hereditary:[[7276], [335], [351], [7124], [3569], [7099], [4069], [6347], [3082], [7132]]
Neuropathic heredofamilial amyloidosis:[[7276], [335], [351], [7124], [3569], [4790], [7099], [4069], [6347], [7450], [3082], [7132], [51083]]
Familial polyneuropathic amyloidosis:[[7276], [335], [4210], [348], [7139], [567], [2243], [5979], [351], [4069], [7124], [3123], [4137], [9445], [2056], [6622], [7040], [4088], [1636], [3569], [7099], [4790], [5743], [5054], [9180], [4015], [6288], [595], [183], [7097], [6347], [2934], [7132], [51083], [718], [811], [929], [11093], [4314], [1191], [57817], [23621], [4087], [952], [5045], [54210], [2627], [337], [325], [643387]]
Neuropathies Familial Amyloid:[[7124], [6647], [23435], [5176]]
Polyneuropathies Familial Amyloid:[[]]
Familial neuropathic amyloidosis:[[7276], [335], [351], [4069], [7124], [3569], [7099], [4790], [6347], [7132], [51083]]
