Lou Gehrig's disease:[[]]
Bulbar motor neuron disease:[[348], [23435], [6647], [203228], [2521], [1639]]
Motor Neuron Disease Amyotrophic Lateral Sclerosis:[[203228], [6647], [57679], [23435], [10133], [2521], [29110], [348], [5216], [1639], [4137], [9217], [3479], [4744], [2950], [7072], [2896], [400916], [3084], [3315], [4747], [2688], [54209], [6607], [3181], [5868], [26986], [123606], [643387]]
Sclerosis Amyotrophic Lateral:[[57679], [23064], [80208], [203228], [109504728], [6647], [7415], [23025], [10133], [79800], [2066], [65059], [253], [29978], [406238], [151254], [66008], [117583], [65062], [130540], [55437], [60491], [23435], [65065], [65061], [58538], [150864], [2521], [130026], [8878], [29110], [283], [3178], [5216], [7132], [65072], [389599], [644462], [348], [9217], [56832], [5820], [10280], [4744], [7422], [9782], [6382], [1639], [400916], [27185], [1540], [3990], [54822], [6402], [6885], [3798], [10544], [5077], [3458], [5125], [7072], [7020], [214], [23327], [7113], [4790], [79054], [288], [7277], [4773], [1804], [6595], [7074], [9520], [4137], [2202], [5630], [4750], [9619], [2035], [6195], [25978], [9241], [6310], [1594], [5648], [3909], [3908], [4233], [2254], [51185], [658], [9682], [3709], [7306], [1602], [306], [6916], [10562], [8821], [7124], [5792], [4318], [899], [5214], [9181], [3569], [3077], [22920], [1501], [311], [9896], [3680], [8604], [491], [3236], [7157], [23114], [155061], [4524], [152330], [3033], [9628], [5444], [4978], [9369], [40], [351], [3948], [23523], [4854], [114798], [23063], [3475], [6754], [22808], [6347], [6487], [56899], [171024], [3605], [4313], [10665], [367], [56241], [3479], [140733], [6311], [2896], [23503], [3091], [4848], [5243], [57556], [5746], [6622], [23411], [10242], [89866], [4747], [2687], [5937], [5157], [84618], [1471], [92949], [27148], [1456], [51218], [142], [2950], [6332], [124842], [23199], [836], [57172], [7515], [7015], [7076], [83698], [10867], [4780], [114548], [9904], [201266], [10891], [9487], [3596], [57497], [116984], [94160], [55734], [140578], [283383], [201161], [83594], [1116], [9331], [401145], [79068]]
Lou-Gehrigs Disease:[[]]
Gehrig Disease:[[]]
Gehrigs Disease:[[]]
Lou Gehrig's Disease:[[]]
Charcot Disease:[[4359], [5376], [54332], [4747], [8792], [9927], [4311], [7415], [2617], [4141], [3569], [4088], [9516], [4000], [1785], [619496], [387574], [431712], [3315], [3508], [1956], [1959], [1253], [5243], [59341], [10397], [22880], [7879], [6305], [4982], [57716], [2705], [26353], [8600], [476], [1178], [2064], [4744], [79628], [80208], [64423], [1778], [23095], [5631], [3735], [8565], [9896], [8879], [7453], [6647], [121512], [1254], [6834], [90678], [11284], [105943587], [105943586], [81846], [8898], [16], [3035], [4358], [4669], [8888], [5375], [1277], [81857], [10540], [1270], [1786], [3300], [59345], [5165], [2065], [23321], [56891], [51142], [8506], [57449], [9131], [55526], [1337], [56704], [9531], [10516], [406941], [3098], [9611], [26580], [57142], [1821], [4508], [821], [3798], [10801], [84447], [4534], [3848], [7138], [1855], [8139], [3032], [3236], [57704], [4099], [5630], [10112], [84649], [5217], [2593], [2013], [23503], [1352], [9542], [5545], [8988], [11079], [78997], [127003]]
ALS - Amyotrophic lateral sclerosis:[[6647], [23435], [203228], [7415], [55277], [51542]]
Gehrig's Disease:[[]]
Amytrophic lateral sclerosis:[[203228], [6647], [4741]]
ALS - Amyotrophic Lateral Sclerosis:[[6647], [23435], [203228], [7415], [55277], [51542]]
Lou Gehrig Disease:[[]]
Amyotrophic lateral sclerosis:[[203228], [6647], [23064], [80208], [57679], [109504728], [7415], [2066], [10133], [23435], [7422], [23025], [2521], [8878], [29978], [7157], [348], [65059], [29110], [283], [3178], [7124], [79800], [3569], [5216], [4524], [4137], [4318], [6382], [351], [66008], [3091], [27185], [117583], [5243], [367], [4790], [3077], [6622], [3990], [9217], [65062], [5444], [6885], [1540], [3479], [7015], [10280], [3458], [54822], [253], [151254], [10544], [55437], [1639], [5077], [60491], [130540], [6402], [4744], [6347], [7020], [5820], [406238], [4313], [9782], [23327], [23411], [7113], [4233], [214], [3605], [4780], [79054], [7515], [58538], [142], [4773], [2950], [65061], [6595], [836], [65065], [2202], [7074], [9619], [120892], [6195], [7072], [150864], [3480], [1471], [79068], [114548], [400916], [9429], [2896], [2035], [3934], [6310], [3791], [3725], [56832], [7277], [3798], [3064], [5663], [3082], [10891], [288], [9241], [5648], [130026], [3909], [5265], [5241], [328], [3908], [2321], [3065], [3481], [3486], [51185], [658], [9682], [7132], [1804], [2254], [1116], [682], [25978], [7306], [5027], [7076], [3596], [3315], [6311], [5630], [1602], [306], [4750], [6916], [10562], [3084], [811], [2022], [11315], [6285], [7139], [6606], [4747], [8821], [2056], [5792], [2688], [1994], [3709], [4854], [7133], [5214], [9181], [5300], [729230], [1501], [5562], [3570], [311], [3066], [3680], [3297], [7474], [65018], [8604], [491], [3236], [4804], [5125], [3312], [947], [10013], [1113], [4842], [6720], [65072], [389599], [644462], [1524], [1536], [54209], [23114], [152330], [9817], [2130], [7345], [7078], [3002], [1509], [4976], [9896], [3033]]
ALS Amyotrophic Lateral Sclerosis:[[6647], [23435], [203228], [7415], [55277], [51542]]
