Aplastic Anaemia:[[7015], [3123], [7124], [7422], [3569], [7040], [3586], [3717], [3077], [3558], [4843], [217], [3627], [7012], [7412], [2056], [84868], [947], [30009], [1604], [7066]]
Haematopoietic aplasia:[[5979]]
Hematopoietic aplasia:[[7015], [3123], [5979], [6469], [9839], [1592]]
APLASTIC ANEMIA:[[3458], [7015], [3123], [7157], [7124], [7422], [3569], [7040], [4683], [2944], [6774], [3586], [3106], [7421], [3576], [2952], [5551], [2475], [920], [1493], [3105], [3119], [4780], [2950], [23411], [355], [4851], [50943], [3606], [5133], [6387], [3077], [3690], [1543], [7490], [8743], [1576], [54106], [4843], [2247], [3558], [51119], [407040], [356], [3117], [3620], [7412], [1728], [7012], [3593], [6280], [2056], [2625], [1994], [84868], [947], [59067], [3674], [3115], [6678], [149233], [3592], [940], [2052], [2624], [54790], [6279], [30009], [51561], [6775], [1437], [1604], [966], [5581], [2623], [4254], [4352], [727], [919], [3965], [171023], [7066], [4773], [4478], [1441], [7185], [1736], [442904], [6957], [6194], [25913], [27040], [916], [3400], [9437], [917], [5277], [1438], [10312], [915], [6932], [3214], [26277], [6023], [93974], [8525], [2207], [55651], [54433], [10455], [1603], [55505], [6585], [171515]]
Aplastic Anaemias:[[]]
Aplastic Anemias:[[]]
Aplastic anaemia:[[7015], [3123], [7124], [7422], [3569], [7040], [3586], [3717], [3077], [3558], [4843], [217], [3627], [7012], [7412], [2056], [84868], [947], [30009], [1604], [7066]]
Erythroid aplasia:[[332]]
Aplastic Anemia:[[3458], [7015], [3123], [7157], [7124], [7422], [3569], [7040], [4683], [2944], [6774], [3586], [3106], [7421], [3576], [2952], [5551], [2475], [920], [1493], [3105], [3119], [4780], [2950], [23411], [355], [4851], [50943], [3606], [5133], [6387], [3077], [3690], [1543], [7490], [8743], [1576], [54106], [4843], [2247], [3558], [51119], [407040], [356], [3117], [3620], [7412], [1728], [7012], [3593], [6280], [2056], [2625], [1994], [84868], [947], [59067], [3674], [3115], [6678], [149233], [3592], [940], [2052], [2624], [54790], [6279], [30009], [51561], [6775], [1437], [1604], [966], [5581], [2623], [4254], [4352], [727], [919], [3965], [171023], [7066], [4773], [4478], [1441], [7185], [1736], [442904], [6957], [6194], [25913], [27040], [916], [3400], [9437], [917], [5277], [1438], [10312], [915], [6932], [3214], [26277], [6023], [93974], [8525], [2207], [55651], [54433], [10455], [1603], [55505], [6585], [171515]]
Aplastic anemia:[[3458], [7015], [3123], [7157], [7124], [7422], [3569], [7040], [4683], [2944], [6774], [3586], [3106], [7421], [3576], [2952], [5551], [2475], [920], [1493], [3105], [3119], [4780], [2950], [23411], [355], [4851], [50943], [3606], [5133], [6387], [3077], [3690], [1543], [7490], [8743], [1576], [54106], [4843], [2247], [3558], [51119], [407040], [356], [3117], [3620], [7412], [1728], [7012], [3593], [6280], [2056], [2625], [1994], [84868], [947], [59067], [3674], [3115], [6678], [149233], [3592], [940], [2052], [2624], [54790], [6279], [30009], [51561], [6775], [1437], [1604], [966], [5581], [2623], [4254], [4352], [727], [919], [3965], [171023], [7066], [4773], [4478], [1441], [7185], [1736], [442904], [6957], [6194], [25913], [27040], [916], [3400], [9437], [917], [5277], [1438], [10312], [915], [6932], [3214], [26277], [6023], [93974], [8525], [2207], [55651], [54433], [10455], [1603], [55505], [6585], [171515]]
Aplastic anemia unspecified:[[7015], [7157], [7422], [7124], [6774], [7040], [7421], [355], [6387], [3558], [8743], [5581], [6775], [4478], [7185], [27040]]
