Congenital (pure) red cell aplasia:[[3119], [54880]]
Hypoplastic Congenital Anemias:[[]]
Blackfan-Diamond Syndrome:[[1281], [51119], [2056], [6223], [7040], [2623], [1028], [5054], [3308], [6208], [947], [28982], [165918], [7037], [2313], [7066], [10661]]
Anemia Diamond Blackfan Type:[[5054], [1281], [2056], [7040], [10661], [6232], [165918], [2623], [6204], [7037], [8291], [2313], [3308], [947], [1028], [28982], [25805], [51701]]
Congenital Erythroid Hypoplastic Anemia:[[]]
Congenital pure red cell anaemia:[[7422], [2056]]
Inherited Erythroblastopenias:[[7157], [672], [7422], [348], [1956], [4524], [675], [7040], [351], [3586], [2272], [2153], [1029], [2064], [2099], [5743], [3091], [5243], [1636], [5069], [2944], [6774], [3845], [673], [627], [1312], [7421], [6622], [7015], [5728], [2706], [1499], [7099], [5621], [999], [3717], [1080], [6532], [7852], [2147], [3106], [4137], [120892], [2475], [2952], [596], [6647], [3458], [5444], [619539], [3605], [3043], [9423], [1565], [2778], [960], [355], [4851], [2100], [50943], [3690], [1493], [4233], [4292], [472], [6387], [3146], [3077], [5663], [3815], [7515], [324], [5979], [1557], [6331], [2146], [3757], [5925], [1543], [5071], [3480], [7450], [177], [1559], [3107], [2332], [4000], [64127], [836], [79068], [4153], [9429], [4436], [1027], [7490], [2157], [7428], [3481], [3557], [7276], [581], [1815], [1576], [5087], [861], [841], [114548], [4255], [238], [54658], [929], [4982], [3082], [2033], [23435], [6772], [3552], [2155], [24], [3039], [7132], [4210], [213], [54106], [3784], [5781], [25], [2697], [10891], [3065], [4353], [11200], [3767], [283120], [3315], [6513], [11093], [6323], [2263], [196], [3643], [4968], [407040], [5888], [462], [2896], [356], [2261], [4854], [2200], [3559], [4763], [3593], [8878], [3172], [1728], [6927], [1545], [2629], [860], [4157], [9518], [2244], [65018], [7139], [2312], [4893], [6794], [2243], [7430], [5624], [2539], [5894], [6335], [6833], [268], [7253], [1589], [6597], [5950], [6662], [23347], [11315], [7046], [545], [1180], [551], [3040], [80339], [7415], [2645], [5080], [6261], [3066], [7337], [4627], [2638], [3674], [2160], [7249]]
Red Cell Aplasia Pure Hereditary:[[7015]]
Hypoplastic Congenital Anemia:[[7157], [4879], [4846], [3952], [3934], [4851], [5154]]
Imperfectas Erythrogenesis:[[]]
Blackfan Diamond Syndrome:[[1281], [51119], [2056], [6223], [7040], [2623], [1028], [5054], [3308], [6208], [947], [28982], [165918], [7037], [2313], [7066], [10661]]
Congenital Hypoplastic Anemia of Blackfan and Diamond:[[]]
Diamond-Blackfan syndrome:[[1281], [2056], [6223], [7040], [2623], [51119], [1028], [5054], [3308], [6208], [947], [28982], [165918], [7037], [2313], [7066], [10661]]
Diamond-Blackfan anemia:[[2056], [6223], [6125], [6135], [114086], [6218], [6231], [6229], [6138], [6210], [7040], [6232], [6165], [6154], [6204], [6201], [6141], [6155], [11224], [5054], [6235], [6234], [3308], [2623], [90121], [1281], [1028], [8291], [2313], [7066], [10661], [51119], [51701], [165918], [28982], [6208], [25805]]
Erythrogenesis imperfecta:[[]]
Congenital red cell aplasia:[[3119], [54880]]
Diamond-Blackfan Type Anemia:[[5054], [1281], [2056], [6232], [6204], [7040], [10661], [165918], [2623], [7037], [8291], [2313], [3308], [947], [1028], [28982], [25805], [51701]]
Diamond-Blackfan anaemia:[[2056], [6232], [6155], [7040], [7037], [947], [7066]]
Blackfan Diamond Disease:[[2056], [7040], [6223], [6125], [6135], [5054], [6218], [6229], [6138], [6165], [6204], [6141], [3308], [51119], [2623], [6235], [947], [7037], [1281], [6234], [90121], [8291], [2313], [1028], [10661], [7066], [51701], [28982], [6208], [25805]]
Diamond Blackfan Anemia:[[2056], [6223], [6125], [6135], [114086], [6218], [6231], [6229], [6138], [6210], [7040], [6232], [6165], [6154], [6204], [6201], [6141], [6155], [11224], [5054], [6235], [6234], [3308], [2623], [90121], [1281], [1028], [8291], [2313], [7066], [10661], [51119], [51701], [165918], [28982], [6208], [25805]]
Anemia Congenital Hypoplastic Of Blackfan And Diamond:[[]]
Chronic constitutional pure red cell aplasia:[[]]
Imperfecta Erythrogenesis:[[]]
Diamond-Blackfan Anemia:[[2056], [6223], [6125], [6135], [114086], [6218], [6231], [6229], [6138], [6210], [7040], [6232], [6165], [6154], [6204], [6201], [6141], [6155], [11224], [5054], [6235], [6234], [3308], [2623], [90121], [1281], [1028], [8291], [2313], [7066], [10661], [51119], [51701], [165918], [28982], [6208], [25805]]
Chronic constitutional pure red cell anemia:[[]]
Chronic Congenital Agenerative Anemia:[[7422], [3119], [7124], [857], [3458], [4524], [3569], [3117], [7157], [7040], [3162], [5054], [2056], [4879], [3043], [1636], [2539], [3717], [9370], [3091], [2623], [2944], [3106], [7421], [3553], [3479], [1401], [5888], [1441], [4846], [4352], [3952], [2952], [7099], [627], [2950], [3934], [5743], [4851], [11093], [861], [3383], [4843], [54106], [7412], [2247], [2153], [7098], [2512], [213], [217], [7490], [7133], [59272], [3570], [7037], [23451], [4522], [811], [2212], [867], [3486], [3593], [7139], [652], [6513], [2625], [2122], [7018], [2052], [2057], [6786], [11200], [8029], [7431], [6403], [875], [6935], [100], [3674], [7066], [5313], [2532], [3280], [5154], [654], [26277]]
Congenital Pure Red Cell Anemia:[[7157], [7422], [3106], [6513], [2056], [3119]]
Congenital Pure Red Cell Aplasia:[[3119], [54880]]
Congenital pure red cell anemia:[[7157], [7422], [3106], [6513], [2056], [3119]]
Inherited Erythroblastopenia:[[]]
Disease Blackfan-Diamond:[[2056], [7040], [6223], [6125], [6135], [5054], [6218], [6229], [6138], [6165], [6204], [6141], [3308], [51119], [2623], [6235], [947], [7037], [1281], [6234], [90121], [8291], [2313], [1028], [10661], [7066], [51701], [28982], [6208], [25805]]
Blackfan-Diamond syndrome:[[1281], [51119], [2056], [6223], [7040], [2623], [1028], [5054], [3308], [6208], [947], [28982], [165918], [7037], [2313], [7066], [10661]]
Chronic constitutional pure red cell anaemia:[[]]
