Iron deficiency anaemia syndrome:[[3077], [673], [164656], [1071], [4524], [7124], [3569], [57817], [3091], [4891], [7037], [7040], [3586], [4846], [3553], [7941], [5444], [4843], [9518], [3039], [2056], [3043], [7412]]
Sideropenic anaemia:[[9518]]
Iron deficiency anemia unspecified:[[7124]]
IDA - Iron deficiency anemia:[[7124], [3569], [5444], [3077], [164656], [650], [1071], [3039], [6657], [7018], [57817], [2056], [3934], [3570], [7037], [6403], [7941], [30061], [148738], [48], [2512], [7036], [9780], [4795]]
Iron-Deficiency Anemia:[[7124], [3569], [164656], [5444], [3077], [57817], [3934], [3039], [650], [1071], [6657], [7018], [2056], [3570], [7037], [6403], [7941], [2512], [30061], [7036], [9780], [148738], [48], [4795]]
Iron deficiency anemia syndrome:[[1071], [3570], [7124], [3569], [6657], [5444], [3077], [3934], [57817], [164656], [3039], [7941], [2056], [650], [2512], [6403], [7018], [7037], [4795]]
Iron Deficiency Anemia:[[7124], [3569], [164656], [5444], [3077], [57817], [3934], [3039], [650], [1071], [6657], [7018], [2056], [3570], [7037], [6403], [7941], [2512], [30061], [7036], [9780], [148738], [48], [4795]]
Sideropenic anemia:[[9518]]
Iron deficiency anemia:[[7124], [3569], [164656], [5444], [3077], [57817], [3934], [3039], [650], [1071], [6657], [7018], [2056], [3570], [7037], [6403], [7941], [2512], [30061], [7036], [9780], [148738], [48], [4795]]
Iron Deficiency Anemias:[[]]
Iron-Deficiency Anemias:[[]]
Iron deficiency anemias:[[]]
Iron-deficiency anemia:[[7124], [3569], [164656], [5444], [3077], [57817], [3934], [3039], [650], [1071], [6657], [7018], [2056], [3570], [7037], [6403], [7941], [2512], [30061], [7036], [9780], [148738], [48], [4795]]
Iron deficiency anaemia:[[3077], [164656], [4524], [7124], [4891], [7037], [57817], [3091], [3569], [2539], [7040], [3586], [7941], [6556], [4846], [3553], [673], [5444], [1071], [4843], [2056], [3043], [3039], [9518], [7412], [83990], [212]]
IDA - Iron deficiency anaemia:[[3077], [164656], [7124], [4524], [3091], [7037], [4891], [3569], [57817], [2539], [7040], [3586], [7941], [4846], [3553], [673], [5444], [6556], [1071], [2056], [3043], [4843], [9518], [3039], [7412], [83990], [212]]
