Hb SS disease:[[6774], [3043], [3569], [4088], [1956], [3115], [7124], [7040], [4846], [7015], [1499], [3845], [3576], [4879], [6696], [2932], [3480], [2247], [1277], [4615], [302], [4316], [2623]]
Sickle cell anemia:[[53335], [54658], [7124], [3569], [4524], [3586], [1401], [1636], [3553], [627], [4602], [3123], [3043], [4846], [3576], [3479], [3162], [1234], [2153], [3119], [54600], [3383], [4153], [6648], [54578], [3039], [4353], [6352], [3486], [7132], [54577], [7412], [959], [57817], [7057], [2539], [54657], [23671], [4057], [54575], [875], [551], [3040], [54576], [54659], [3133], [10767], [8542], [100], [6441], [2643], [51129], [4907], [2532], [30061], [3048], [5079], [7364], [9966], [8771], [5154], [953], [8740], [51341], [909], [27329], [2538], [4285], [54579], [4059], [7361], [911], [910], [6579], [51327], [112], [3948], [2804], [3250], [282763], [390058], [57553], [7954]]
Hemoglobin S-S disease:[[348], [1813], [213]]
Sickling disorder due to hemoglobin S:[[]]
Sickle cell anaemia:[[53335], [3586], [7412], [3569], [7422], [7124], [7040], [4846], [3077], [959], [3553], [3479], [3123], [3091], [2539], [7037], [8131], [948], [4524], [3043], [11093], [57817], [2056], [6708], [3039], [8877], [213], [6521], [390064], [390063], [119682], [106144573]]
Sickle Cell Diseases:[[3586], [3569], [3383], [7422], [7412], [53335], [3565], [652], [6352], [7040], [7124], [3576], [4846], [3676], [3123], [3077], [3690], [4602], [3146], [3688], [3553], [959], [3479], [6403], [3133], [929], [2697], [54658], [6401], [7057], [3162], [5594], [3606], [6347], [3091], [3135], [1906], [3458], [3685], [6402], [3673], [4085], [348], [1493], [2539], [1636], [4780], [1234], [9314], [9966], [100], [953], [4059], [4524], [7099], [909], [1401], [5578], [5054], [3119], [5970], [285], [201633], [948], [961], [627], [7132], [183], [3552], [5154], [2532], [55714], [5228], [2147], [7414], [54578], [64478], [2950], [6648], [208], [4879], [54577], [54106], [2321], [8600], [114548], [5595], [3486], [1437], [4153], [3043], [2908], [7450], [57817], [8074], [406996], [338], [8647], [406948], [2944], [135], [1312], [11093], [154], [8740], [4627], [3911], [2952], [4973], [1958], [238], [4353], [3039], [4057], [8877], [27035], [383], [3075], [6285], [8862], [551], [213], [3240], [6441], [9365], [796], [4086], [5599], [4907], [1565], [57628], [834], [10419], [8542], [51129], [1559], [875], [249], [8989], [308], [27329], [10365], [406881], [8771], [1356], [5627], [136], [4036], [2643], [5141], [8858]]
Sickling disorder due to haemoglobin S:[[3040]]
Drepanocythemia:[[]]
Sickle Cell Disorders:[[3586], [3569], [7422], [3383], [7412], [53335], [3565], [652], [6352], [7124], [7040], [3676], [4846], [4602], [3576], [3077], [2697], [3146], [3553], [975], [3479], [959], [1813], [3123], [7057], [6401], [929], [3133], [3162], [1906], [3606], [6347], [7068], [4163], [3091], [3135], [3673], [348], [3458], [5079], [2539], [100], [1493], [4524], [1636], [9966], [4780], [7099], [1234], [5054], [3119], [5228], [285], [627], [5970], [2147], [7132], [183], [3552], [6648], [64478], [1401], [2321], [2908], [208], [2950], [1312], [3486], [11107], [4879], [2153], [5595], [3043], [4627], [8074], [8647], [8600], [1437], [11093], [135], [7450], [114548], [57817], [154], [54106], [3911], [4153], [2944], [1958], [6285], [338], [4973], [238], [3039], [9780], [2952], [6708], [1814], [8877], [383], [4353], [551], [3240], [8862], [796], [1565], [5599], [9365], [834], [2159], [51129], [6521], [3040], [249], [51341], [445], [308], [1356], [30061], [384], [4036], [10661], [8858], [1727]]
SICKLE CELL ANEMIA:[[53335], [54658], [7124], [3569], [4524], [3586], [1401], [1636], [3553], [627], [4602], [3123], [3043], [4846], [3576], [3479], [3162], [1234], [2153], [3119], [54600], [3383], [4153], [6648], [54578], [3039], [4353], [6352], [3486], [7132], [54577], [7412], [959], [57817], [7057], [2539], [54657], [23671], [4057], [54575], [875], [551], [3040], [54576], [54659], [3133], [10767], [8542], [100], [6441], [2643], [51129], [4907], [2532], [30061], [3048], [5079], [7364], [9966], [8771], [5154], [953], [8740], [51341], [909], [27329], [2538], [4285], [54579], [4059], [7361], [911], [910], [6579], [51327], [112], [3948], [2804], [3250], [282763], [390058], [57553], [7954]]
Sickle cell-haemoglobin SS disease:[[3569], [3043], [302]]
Sickle Cell Anemia:[[53335], [54658], [7124], [3569], [4524], [3586], [1401], [1636], [3553], [627], [4602], [3123], [3043], [4846], [3576], [3479], [3162], [1234], [2153], [3119], [54600], [3383], [4153], [6648], [54578], [3039], [4353], [6352], [3486], [7132], [54577], [7412], [959], [57817], [7057], [2539], [54657], [23671], [4057], [54575], [875], [551], [3040], [54576], [54659], [3133], [10767], [8542], [100], [6441], [2643], [51129], [4907], [2532], [30061], [3048], [5079], [7364], [9966], [8771], [5154], [953], [8740], [51341], [909], [27329], [2538], [4285], [54579], [4059], [7361], [911], [910], [6579], [51327], [112], [3948], [2804], [3250], [282763], [390058], [57553], [7954]]
Sickle-cell disease NOS:[[4846], [7422], [3458], [3162], [3091], [3479], [6648], [154], [1559], [796], [383], [953], [384]]
Drepanocythaemia:[[]]
Sickle cell disease:[[3586], [3569], [3383], [7422], [53335], [1493], [652], [3565], [7412], [7040], [7124], [6352], [3123], [3077], [6403], [3676], [6347], [4846], [4602], [348], [3146], [3133], [3576], [3688], [3119], [9966], [959], [5594], [975], [1813], [3553], [3690], [3162], [3479], [1234], [7450], [7068], [3135], [3458], [54658], [2697], [6401], [7057], [338], [929], [1401], [1906], [3685], [100], [1636], [3606], [6402], [3673], [64478], [3091], [4059], [4524], [10767], [5970], [4085], [948], [2539], [5079], [2321], [953], [9314], [3043], [2153], [4163], [4780], [10096], [1437], [8600], [7037], [11093], [8647], [5251], [8440], [909], [2056], [5578], [285], [114548], [7099], [406950], [183], [5054], [23671], [54600], [2147], [3039], [5228], [4353], [2920], [6648], [54578], [3552], [201633], [2532], [3075], [2950], [27329], [7132], [961], [5154], [208], [8771], [4057], [54577], [627], [84417], [3486], [5595], [6441], [7414], [55714], [302], [10178], [4879], [406948], [406996], [5573], [2908], [154], [54657], [8074], [54106], [8740], [875], [11107], [4153], [1958], [1312], [135], [3040], [4087], [54576], [57628], [238], [2944], [57817], [50617], [54575], [4627], [3047], [4973], [654], [2952], [5991], [3911], [27035], [8877], [54659], [383], [213], [551], [57480], [796], [2643], [3240], [1814], [9780], [6285], [4907], [6708], [5599], [8862], [1565], [387837], [9933], [834], [9365], [79727], [4086], [3048], [3783], [8542], [51129], [2159], [1559], [6521], [54579], [249], [135152], [308], [10419], [2538], [406936], [30061], [5906], [5627], [1356], [7071], [8989], [6566], [445], [10365], [136], [384], [4036]]
Hereditary hemoglobinopathy disorder homozygous for hemoglobin S:[[]]
Hemoglobin S disease:[[]]
Sickle-cell disease:[[1493], [348], [3586], [3123], [6347], [3119], [7422], [7450], [3569], [53335], [338], [1401], [1234], [4524], [7124], [3383], [1813], [3077], [64478], [9966], [7040], [4846], [4085], [4602], [1636], [6403], [3043], [2153], [5251], [3458], [54658], [3162], [3133], [3146], [5970], [3039], [3135], [3565], [7068], [3075], [8771], [11093], [2321], [8647], [4353], [8600], [948], [2056], [27329], [652], [50617], [4163], [4057], [3553], [3091], [627], [875], [3040], [7099], [11107], [6441], [1312], [3576], [1437], [2147], [100], [2643], [3479], [2944], [5573], [5054], [10767], [4780], [4879], [2952], [2950], [4153], [2908], [1565], [929], [154], [10096], [1906], [6648], [183], [8440], [23671], [3690], [57628], [1559], [54600], [84417], [135152], [238], [7412], [2539], [3048], [3552], [8074], [213], [2697], [6352], [3486], [7132], [5599], [54578], [57480], [5228], [3240], [2538], [57817], [959], [7057], [796], [3047], [302], [4059], [6285], [3685], [4087], [9365], [54577], [135], [1958], [8542], [4627], [1814], [551], [4973], [3673], [7037], [9933], [6521], [249], [8862], [10178], [51129], [9314], [5627], [2532], [2159], [308], [4907], [6402], [54657], [55714], [406996], [1356], [208], [383], [30061], [5991], [406950], [7364], [975], [406948], [54575], [54576], [953], [406936], [4036], [654], [54659], [136], [3783], [8740], [4086], [10419], [8858], [5079], [8989], [10661], [6566], [10365], [7414], [6006], [5906], [5154], [6708], [387837], [445], [909], [9780], [384], [3911], [1727], [7071], [51327], [7361], [54579], [6563], [3386], [4285], [911], [6579], [100422855], [101927854], [100130873], [102724020], [201633]]
Hemoglobin S Disease:[[]]
Sickle cell-hemoglobin SS disease:[[]]
Sickle-cell disorders:[[53335], [4524], [4163], [1813], [7124], [7422], [348], [3569], [627], [7040], [3553], [3586], [1312], [2697], [4846], [11107], [3479], [7099], [3091], [3162], [4602], [1636], [2908], [1401], [3123], [2153], [64478], [3043], [5054], [3458], [6347], [3576], [2147], [3146], [1234], [4879], [2944], [7068], [3565], [1493], [3135], [4780], [3077], [1565], [3039], [3119], [6285], [2952], [7450], [3383], [8074], [8647], [1906], [6648], [4153], [929], [2950], [154], [11093], [7132], [5228], [2321], [5970], [7412], [4627], [183], [3552], [57817], [3240], [4353], [6352], [135], [338], [8600], [238], [2539], [3486], [1814], [5599], [959], [7057], [9365], [796], [8862], [652], [1958], [551], [4973], [6521], [3040], [3673], [3133], [2159], [249], [1356], [1437], [100], [51129], [208], [975], [308], [383], [30061], [5079], [9966], [10661], [6708], [4036], [445], [51341], [9780], [8858], [3911], [1727], [384]]
Haemoglobin S disease:[[3717], [3569], [1401], [1378], [3077], [3043], [3039], [11093], [2475], [2056], [3040], [5054], [1604], [302], [2539], [3240], [9437]]
Sickling Disorder Due to Hemoglobin S:[[]]
HbS Disease:[[3586], [3593], [3592], [3043], [3039], [3040], [3576], [2113], [50943], [3606], [282617], [3048], [9518], [2034], [1410], [5894], [462], [389], [8554], [1892], [4940], [6560]]
Sickle-cell disease unspecified:[[348], [7422], [1813], [7124], [7040], [5970], [7068], [2321], [652], [3091], [2147], [5599], [4087], [2908], [8440], [7132], [1814], [208], [975], [4086], [5906], [56681], [57553]]
Haemoglobin S-S disease:[[]]
Hereditary haemoglobinopathy disorder homozygous for haemoglobin S:[[3077], [3569], [1401], [3717], [5054], [11093], [2539]]
Sickle-cell anemia NOS:[[4846], [3479], [3162], [6648], [953]]
Sickle cell syndrome:[[3586], [652], [3383], [7412], [3569], [7422], [53335], [3565], [54658], [6352], [7040], [7124], [3123], [348], [114548], [959], [4846], [3576], [3676], [3077], [2697], [3688], [3146], [1906], [3553], [6403], [5594], [3479], [3690], [929], [6401], [1813], [7057], [7068], [1493], [3606], [6347], [3162], [3458], [3685], [338], [6402], [3091], [3673], [1401], [5251], [3135], [4163], [7132], [100], [5079], [1636], [2153], [9966], [11093], [3119], [4780], [953], [4524], [285], [7099], [948], [1234], [5054], [909], [11107], [183], [2147], [5228], [7037], [3075], [406950], [8647], [5970], [5578], [201633], [2321], [961], [3552], [2950], [627], [5154], [10096], [6648], [7414], [54578], [4879], [3486], [208], [2908], [54577], [7450], [154], [8074], [54106], [8440], [5595], [4153], [1312], [1437], [3043], [4627], [3911], [302], [8600], [4973], [2944], [2056], [57817], [3039], [406996], [4087], [4353], [406948], [551], [8740], [654], [796], [8989], [2952], [1958], [6285], [135], [27035], [4036], [6441], [213], [8862], [3240], [6708], [1814], [5573], [4057], [4086], [1565], [9365], [875], [834], [51129], [1559], [308], [2159], [5906], [8542], [249], [27329], [406936], [8771], [406881], [4285], [136], [2643], [112], [10661], [8858], [7361]]
Hb S disease:[[2944], [6774], [2952], [3717], [7422], [3569], [1956], [7450], [335], [3043], [3048], [3047], [4088], [7124], [3115], [4524], [7040], [8651], [4318], [3077], [7015], [4846], [5328], [3039], [2153], [5594], [3559], [3091], [3040], [2157], [6868], [1499], [3845], [1312], [3576], [3596], [4780], [2056], [5444], [1432], [3479], [2158], [2147], [920], [2066], [4602], [5290], [2919], [5595], [1277], [6696], [3240], [4879], [2022], [54658], [960], [3045], [53335], [3320], [2932], [3480], [213], [6374], [185], [1950], [2152], [2247], [9332], [2101], [25], [4170], [3046], [1555], [302], [8038], [3880], [4615], [2492], [407006], [5315], [3704], [4613], [2150], [2006], [3624], [2149], [5788], [8542], [604], [6925], [1356], [52], [4254], [7001], [406921], [4691], [407007], [10767], [2782], [406994], [1081], [2931], [3206], [151306], [7114], [7182], [6554], [4898], [3044], [203], [124872], [9394], [192343]]
Hemoglobin S Diseases:[[]]
Sickle-cell disorder NOS:[[4846], [7422], [3458], [3479], [3091], [3162], [154], [6648], [383]]
Sickle Cell Anemias:[[]]
Sickle Cell Disorder:[[53335], [3586], [3569], [3383], [7412], [7422], [3565], [6352], [7124], [7040], [3133], [3690], [4846], [3077], [3576], [3553], [6403], [959], [3146], [3479], [1813], [3123], [6401], [2697], [929], [5594], [1636], [6347], [7068], [1906], [4163], [3162], [3673], [3458], [3606], [348], [3135], [5578], [3091], [54600], [2539], [1493], [1312], [4524], [3486], [7450], [4780], [1401], [7099], [54576], [54575], [54106], [338], [627], [948], [7132], [64478], [183], [5054], [2950], [2147], [7414], [3552], [2908], [6648], [1565], [302], [2153], [5595], [154], [2944], [8074], [8600], [8647], [11093], [114548], [135], [4627], [57628], [2952], [4153], [1814], [57817], [238], [6285], [3039], [383], [4353], [551], [3075], [3783], [57480], [5906], [249], [875], [3040], [8989], [445], [1356], [30061], [5627], [2643], [5141], [2538]]
Sickle Cell Disease:[[3586], [3569], [3383], [7422], [53335], [1493], [652], [3565], [7412], [7040], [7124], [6352], [3123], [3077], [6403], [3676], [6347], [4846], [4602], [348], [3146], [3133], [3576], [3688], [3119], [9966], [959], [5594], [975], [1813], [3553], [3690], [3162], [3479], [1234], [7450], [7068], [3135], [3458], [54658], [2697], [6401], [7057], [338], [929], [1401], [1906], [3685], [100], [1636], [3606], [6402], [3673], [64478], [3091], [4059], [4524], [10767], [5970], [4085], [948], [2539], [5079], [2321], [953], [9314], [3043], [2153], [4163], [4780], [10096], [1437], [8600], [7037], [11093], [8647], [5251], [8440], [909], [2056], [5578], [285], [114548], [7099], [406950], [183], [5054], [23671], [54600], [2147], [3039], [5228], [4353], [2920], [6648], [54578], [3552], [201633], [2532], [3075], [2950], [27329], [7132], [961], [5154], [208], [8771], [4057], [54577], [627], [84417], [3486], [5595], [6441], [7414], [55714], [302], [10178], [4879], [406948], [406996], [5573], [2908], [154], [54657], [8074], [54106], [8740], [875], [11107], [4153], [1958], [1312], [135], [3040], [4087], [54576], [57628], [238], [2944], [57817], [50617], [54575], [4627], [3047], [4973], [654], [2952], [5991], [3911], [27035], [8877], [54659], [383], [213], [551], [57480], [796], [2643], [3240], [1814], [9780], [6285], [4907], [6708], [5599], [8862], [1565], [387837], [9933], [834], [9365], [79727], [4086], [3048], [3783], [8542], [51129], [2159], [1559], [6521], [54579], [249], [135152], [308], [10419], [2538], [406936], [30061], [5906], [5627], [1356], [7071], [8989], [6566], [445], [10365], [136], [384], [4036]]
