Quincke's disease:[[1493], [5979], [64127], [11315], [351], [8792], [348], [5071], [1910], [3064], [3586], [6774], [3123], [1029], [6622], [4137], [540], [5310], [3717], [6347], [24], [1201], [6387], [3119], [120892], [335], [7450], [5621], [7422], [3569], [338], [5311], [3949], [3107], [4287], [19], [4023], [5664], [57623], [1071], [3558], [4314], [255738], [4088], [356], [3117], [26191], [1191], [653361], [1586], [958], [26503], [1401], [2629], [4018], [3593], [116519], [6927], [4688], [729230], [3106], [864], [3570], [80339], [7415], [6597], [2244], [59067], [345], [8651], [3115], [10577], [149233], [5314], [6261], [3592], [7957], [1030], [28], [10320], [1234], [3659], [246778], [3990], [4041], [1378], [100048912], [3077], [3383], [6775], [5376], [9173], [2161], [55600], [26058], [7439], [1138], [4361], [4582], [7369], [1956], [1282], [3122], [6653], [4747], [51752], [7124], [4359], [538], [55054], [1136], [6311], [5663], [3931], [3992], [2646], [6584], [337], [9966], [4321], [56606], [217], [1235], [274], [5734], [2524], [7040], [341], [7292], [3953], [4524], [1232], [6272], [5966], [5771], [2308], [54901], [4068], [7332], [8878], [3562], [100507436], [9388], [3084], [2099], [10452], [3559], [6583], [5328], [8301], [1636], [3635], [4693], [1230], [2212], [945], [4318], [29881], [9370], [5243], [367], [4790], [7128], [7421], [64241], [54332], [6403], [1373], [7077], [4846], [94103], [51085], [2243], [10019], [345611], [7015], [4311], [2581], [10221], [56731], [7840], [2876], [940], [6606], [60468], [3595], [2266], [50941], [100359403], [3458], [221692], [10347], [3658], [3133], [2904], [64478], [1394], [64170], [64399], [5594]]
Quincke's Edema:[[]]
Angioedema:[[710], [2161], [1636], [1401], [4846], [5340], [5329], [1803], [10142], [5890], [133], [6401], [284], [4311], [240], [7512], [2120], [624], [1003], [3131], [720], [22999], [5588], [3827], [3816], [10747], [285704], [623], [25890], [112752], [3818], [8547], [22918], [30817], [5731], [3700], [1369], [23177]]
Angioneurotic oedema:[[710]]
Angioneurotic edema:[[710]]
Urticaria Giant:[[3576], [3569], [7422], [7124], [4318], [3123], [7040], [3586], [3458], [3106], [3606], [1234], [3815], [5133], [3383], [26191], [3558], [3596], [3559], [727]]
Edemas Angioneurotic:[[]]
Edema Angioneurotic:[[710]]
Urticarias Giant:[[3576], [3996], [7157], [3993], [7124], [3569], [1956], [4318], [7099], [7422], [673], [134957], [7040], [3586], [3123], [3091], [3845], [595], [2475], [29126], [1029], [351], [596], [8626], [5743], [1499], [4846], [999], [207], [4193], [3479], [7015], [3458], [3106], [4137], [3605], [7273], [1234], [4313], [9515], [1026], [332], [5290], [6714], [4233], [5133], [7450], [3815], [3383], [6696], [581], [2100], [3606], [1906], [3565], [4288], [5879], [3690], [836], [4582], [4312], [6772], [4843], [2247], [4282], [8600], [3417], [4255], [5781], [929], [2697], [26191], [2322], [1277], [6615], [3481], [3320], [4204], [841], [54106], [682], [3558], [860], [9021], [4314], [4170], [958], [8139], [7291], [10135], [7431], [2260], [5806], [3596], [3315], [1191], [7249], [959], [5111], [4893], [5156], [5465], [6469], [5580], [3559], [4627], [3593], [10673], [7048], [3600], [7153], [4322], [7424], [7189], [7128], [9212], [2316], [6401], [406913], [6093], [5744], [59067], [3329], [1051], [2149], [149233], [22914], [7080], [50616], [3312], [947], [4286], [7345], [3418], [3592], [1030], [7248], [5579], [1435], [3976], [6198], [2597], [5175], [100133941], [1000], [5155], [9332], [3020], [3371], [51561], [10643], [59341], [5590], [3663], [2623], [6775], [6654], [8792], [890], [1634], [1910], [6364], [727], [4317], [9235], [4772], [55107], [1028], [1436], [928], [9531], [3654], [4487], [407029], [4747], [1909], [5745], [1445], [688], [637], [3099], [995], [8290], [3055], [214], [3459], [84033], [1235], [7026], [10733], [7074], [2720], [7465], [6374], [5903], [7185], [3516], [3609], [22861], [10666]]
Quinckes Edema:[[]]
Angio-oedema:[[1636]]
Quincke's oedema:[[7422], [3569], [1636], [4879], [154], [1906], [682], [2697], [285], [5228], [358], [6833], [773], [710], [1558], [554], [23418]]
Giant urticaria:[[]]
Quincke's edema:[[]]
Angioedemas:[[]]
Quincke Edema:[[]]
