Hereditary Quincke's oedema:[[7422], [710], [3569], [1636], [4879], [2697], [358], [773], [554]]
Hereditary Angioneurotic Edemas:[[]]
Hereditary angioneurotic edema:[[710]]
HANE:[[710]]
HANE - Hereditary angioneurotic oedema:[[710]]
Hereditary Angioneurotic Edema:[[710]]
Hereditary angio-oedema:[[1636]]
Hereditary angioneurotic oedema:[[710]]
C1 Esterase Inhibitor Deficiency:[[710], [716]]
Hereditary Quincke's edema:[[]]
Hereditary angioedema:[[710], [2161], [1636], [1401], [4846], [5340], [5329], [133], [284], [6401], [4311], [624], [7512], [720], [3827], [3816], [10747], [623], [3818], [8547], [22918], [3700]]
Hereditary Angioedemas:[[3077], [5376], [7157], [6654], [672], [26585], [5624], [999], [675], [3845], [3553], [1080], [4089], [3315], [2022], [51062], [324], [1786], [3557], [7421], [7080], [2956], [2157], [1471], [2137], [547], [10558], [6690], [9927], [7048], [4524], [710], [2161], [351], [1029], [7954], [79728], [3329], [7040], [9566], [1436], [7124], [348], [4914], [5644], [7422], [5080], [3569], [408259], [2099], [174], [7424], [54463], [2521], [1636], [5925], [1814], [94], [5979], [6708], [2706], [673], [6720], [4292], [2271], [4072], [2512], [10801], [2064], [5728], [2147], [780916], [110011217], [4137], [4535], [6335], [2158], [2160], [9780], [4318], [5395], [2324], [5354], [1401], [7276], [367], [4846], [207], [2153], [3783], [4436], [1499], [7099], [4149], [2475], [1312], [335], [29126], [3576], [6622], [7015], [11200], [2778], [472], [1282], [5054], [100124414], [619402], [408260], [378888], [246230], [80870], [80768], [64644], [59333], [54115], [50989], [10774], [100188867], [3717], [4780], [3479], [65125], [10481], [6041], [50952], [2944], [100188834], [4193], [3247], [100188865], [101059903], [101027378], [100302560], [100188868], [100188826], [100188809], [100188769], [791087], [7909], [1639], [5290], [3815], [229], [7428], [26580], [3798], [7498], [5444], [6347], [4538], [4879], [657], [2950], [960], [110008579], [4233], [2658], [57817], [6687], [3105], [1813], [120892], [4210], [6521], [3043], [7515], [26353], [1565], [857], [5172], [3075], [1371], [11093], [54658], [142], [4508], [185], [581], [3757], [5133], [3098], [9420], [57679], [4582], [462], [4312], [1027], [8074], [7273], [9897], [5631], [4282], [7132], [1588], [114548], [4255], [718], [5071], [2261]]
HAE - Hereditary angioedema:[[710], [2161], [5340], [624], [720], [3827], [3818]]
HAE - Hereditary angio-oedema:[[]]
C1 ESTERASE INHIBITOR DEFICIENCY OF:[[710], [716]]
C1 esterase inhibitor deficiency:[[710], [716]]
HANE - Hereditary angioneurotic edema:[[710]]
ANGIONEUROTIC EDEMA HEREDITARY:[[710]]
C1 Inhibitor Deficiency:[[710], [462], [331], [3827], [2147], [716], [2157], [7157], [1537], [3123], [2153], [673], [5660], [348], [3569], [718], [920], [3586], [3075], [9370], [590], [1071], [1645], [2159], [3990], [3553], [207], [2161], [338], [2475], [2158], [7450], [1080], [4193], [3949], [7852], [1401], [720], [7018], [5578], [836], [5580], [1234], [1576], [1514], [3119], [4088], [10747], [717], [6667], [2908], [4869], [100507436], [4000], [1508], [344], [3690], [8600], [2260], [708], [10], [4160], [3818], [558], [5588], [3309], [8878], [1513], [6607], [7249], [3679], [5310], [6606], [760], [7225], [5245], [5291], [1606], [192343]]
Hereditary Angioedema:[[710], [2161], [1636], [1401], [4846], [5340], [5329], [133], [284], [6401], [4311], [624], [7512], [720], [3827], [3816], [10747], [623], [3818], [8547], [22918], [3700]]
