Stenocardias:[[]]
Ischaemic chest pain:[[1401], [3569], [4879], [3952], [7139], [213], [959]]
Angina pectoris:[[7422], [3569], [9370], [1401], [3586], [4318], [627], [7099], [6347], [3458], [5054], [5444], [7450], [3383], [335], [6648], [3039], [1471], [4353], [5806], [6352], [2896], [4018], [7412], [2212], [7139], [26291], [285], [345], [6275], [3673], [6376], [6288], [1524], [1361], [55600], [6348], [624], [10563], [58191], [4522], [1118], [8529], [2520], [406904], [1215], [9507], [494335], [114899]]
Angor Pectoris:[[]]
Cardiac angina:[[7139], [7137], [7124], [7422], [1401], [406904], [3569], [4318], [3479], [3091], [9370], [4846], [1636], [183], [1906], [3952], [7099], [4313], [4879], [1557], [947], [3586], [154], [4049], [3162], [3934], [185], [6347], [627], [5468], [1471], [3606], [3146], [142], [3458], [5444], [7450], [3383], [3690], [5054], [3605], [10563], [56729], [217], [4312], [335], [5806], [7412], [4018], [959], [929], [4353], [1071], [574501], [9173], [19], [6352], [90865], [11093], [285], [4314], [7941], [26291], [8862], [5328], [5069], [2167], [55600], [6275], [406992], [5320], [4795], [6348], [624], [58191], [6781], [134], [11082], [1215], [6761], [8529], [3764], [2520], [494335]]
Angina pectoris unspecified:[[7422], [285]]
Ischemic heart disease - angina:[[1401], [7124], [3569], [9370], [4846], [7422], [7099], [3091], [1636], [3586], [6347], [3479], [4879], [1557], [335], [3162], [185], [1906], [4353], [19], [4018], [1071], [56729], [11093], [947], [7137], [4522]]
AP - Angina pectoris:[[3569], [7422], [4318], [7099], [6347], [9370], [1401], [3586], [5054], [3458], [3383], [6352], [7450], [7412], [6648], [5806], [285], [6376], [3673], [6348], [6288], [1524]]
Stenocardia:[[]]
Angina NOS:[[4846], [7422], [3091], [3479], [3458], [154], [6648], [3162], [56729]]
Angina Pectoris:[[7422], [3569], [9370], [1401], [3586], [4318], [627], [7099], [6347], [3458], [5054], [5444], [7450], [3383], [335], [6648], [3039], [1471], [4353], [5806], [6352], [2896], [4018], [7412], [2212], [7139], [26291], [285], [345], [6275], [3673], [6376], [6288], [1524], [1361], [55600], [6348], [624], [10563], [58191], [4522], [1118], [8529], [2520], [406904], [1215], [9507], [494335], [114899]]
Anginal syndrome:[[3757], [1280], [114548], [3753], [2074], [7157], [348], [1281], [51085], [546], [80184], [7466], [3845], [673], [8481], [5728], [8195], [7486], [641], [2706], [2317], [4292], [91147], [8626], [1540], [4000], [54658], [1161], [7490], [2033], [6331], [4023], [1071], [5781], [4436], [2263], [3643], [7291], [3784], [2261], [2260], [582], [10806], [8085], [10083], [367], [4683], [207], [84062], [3123], [7468], [4647], [4952], [2200], [1029], [7399], [4810], [201163], [2969], [10804], [6949], [7227], [2492], [775], [7840], [2316], [5428], [3730], [5080], [585], [1278], [54487], [5604], [55612], [2121], [811], [5290], [132884], [4281], [116442], [84100], [2812], [5077], [64127], [79068], [6663], [783], [338], [57167], [1130], [9968], [2332], [1277], [3990], [10743], [7456], [19], [2122], [3265], [6737], [84059], [6741], [3481], [6513], [4089], [23111], [2646], [356], [1285], [1387], [26585], [8976], [7504], [1827], [331], [23405], [9401], [65217], [4893], [672], [4692], [9569], [5894], [4277], [6774], [3117], [1401], [1788], [7401], [7128], [3570], [545], [10163], [583], [10682], [124590], [129880], [54808], [27241], [2138], [79738], [4137], [2475], [60], [3897], [5159], [1364], [8091], [5885], [79803], [2811], [2956], [9993], [5460], [4286], [675], [3717], [8220], [80144], [80025], [999], [3973], [79621], [4193], [64135], [1145], [55212], [2645], [27031], [4851], [1493], [10535], [2131], [1910], [7122], [9031], [4853], [1134], [2146], [100188856], [355], [50943], [105259599], [2153], [9652], [10908], [3664], [7020], [8214], [5308], [10062], [8517], [5076], [27019], [5189], [5395], [1287], [1906], [25825], [3759]]
Angina of effort:[[7422], [90865], [9507]]
Angina:[[1401], [4318], [7124], [3569], [9370], [7422], [4846], [7099], [1636], [3091], [3586], [627], [6347], [3479], [5468], [3952], [1557], [3458], [4313], [4879], [3383], [5054], [5444], [3605], [154], [3146], [7450], [3162], [3606], [217], [335], [183], [142], [3690], [1906], [6648], [4312], [4353], [3934], [185], [4018], [3039], [929], [19], [959], [1071], [1471], [5806], [4314], [56729], [6352], [255738], [7139], [10135], [90865], [11093], [2896], [5328], [7412], [7941], [2212], [947], [4049], [26291], [285], [3689], [7137], [5069], [345], [6275], [5175], [2167], [3673], [6376], [8862], [6288], [1524], [406992], [5320], [1361], [9173], [1612], [55600], [4317], [6348], [150], [1356], [624], [919], [58191], [10563], [11082], [4522], [574501], [1118], [7292], [29851], [8529], [5368], [6781], [2520], [406904], [134], [1215], [9507], [9510], [6761], [152], [494335], [5333], [114899], [3764], [4795], [407020], [9509], [9508], [140766]]
Ischaemic heart disease - angina:[[1401], [19], [335], [3569], [7124], [1636], [7422], [4318], [217], [4846], [4314], [4879], [3091], [7099], [5444], [3952], [3479], [4018], [4313], [7450], [5054], [154], [3162], [3690], [4312], [7139], [11093], [959]]
Ischemic chest pain:[[3569], [1401], [4879], [9370], [6347], [7139], [3952], [7137], [213], [3934], [255738], [406937], [4353], [5806], [133], [959], [551], [5069], [6280], [6279], [26762], [51206], [2170], [60676], [27129]]
