Anthrax:[[3123], [4089], [3117], [54790], [207], [3553], [5728], [3576], [5444], [7450], [195977], [11093], [9555], [7412], [10562], [5307], [22943], [118429], [100996567], [51561], [84168], [100], [4040], [834], [7538], [5100], [23245], [27068], [5605], [55869], [1667], [80176], [51320], [10097], [10096], [9788], [138474], [11117], [100996485], [54536], [64411], [401498], [84034]]
Splenic fever:[[3553], [7157], [3586], [7099], [4790], [3717], [7421], [7097], [7852], [1493], [5970], [1432], [3690], [282617], [406947], [54106], [2212], [59067], [2209]]
infection due to Bacillus anthracis:[[3091], [7097], [3627], [10333], [84168], [10411]]
Charbon:[[]]
Carbuncle:[[]]
Anthrax unspecified:[[4089], [207], [834], [7538]]
Bacillus anthracis Infection:[[3091], [7097], [3627], [10333], [84168], [10411]]
Bacillus anthracis Infections:[[7097], [3091], [3627], [10333]]
Infection due to Bacillus anthracis:[[3091], [7097], [3627], [10333], [84168], [10411]]
Milzbrand:[[]]
Carbuncles:[[]]
