Syndrome Goodpasture:[[1285]]
Goodpasture's syndrome:[[]]
Anti-GBM nephritis with pulmonary hemorrhage:[[]]
Goodpasture disease:[[1285], [10087]]
Goodpasture's disease:[[3123]]
GOODPASTURE SYNDROME:[[1285]]
Pulmonary hemorrhage with glomerulonephritis:[[1636], [3569], [7422], [7124], [7157], [4318], [1401], [7040], [3553], [3091], [3605], [4313], [1906], [3383], [5054], [154], [4282], [185], [5806], [5444], [4982], [1559], [7076], [6280], [406947], [1191], [1378], [6279]]
Anti-GBM nephritis with pulmonary haemorrhage:[[]]
Anti-Glomerular Basement Membrane Disease:[[10673], [285], [8741], [1285], [3911]]
Anti GBM - antiglomerular basement membrane disease:[[1285]]
Pulmonary-renal syndrome:[[4000], [7157], [114548], [348], [7015], [3845], [5728], [673], [1281], [201163], [207], [3123], [6794], [6441], [1029], [7490], [79068], [1278], [8626], [177], [7291], [2033], [367], [5972], [1636], [6927], [2260], [857], [4023], [50507], [6774], [1401], [183], [2138], [5290], [3570], [3516], [4851], [6093], [2475], [64127], [5604], [1906], [26585], [3162], [356], [5594], [7124], [1910], [999], [1285], [2625], [4089], [5159], [1493], [7422], [1956], [6513], [1277], [185], [3569], [7040], [3481], [7042], [355], [3265], [9370], [23405], [6362], [4088], [3107], [4846], [595], [331], [3586], [4609], [50943], [7132], [1364], [4318], [2146], [8091], [5894], [4790], [4524], [7421], [3553], [652], [2153], [1499], [7099], [3717], [4233], [3576], [2022], [4312], [4853], [5468], [659], [5460], [4879], [5743], [3952], [2247], [3091], [5243], [3458], [3119], [182], [6347], [7852], [2944], [718], [406991], [7097], [4313], [3146], [3606], [10413], [3479], [11093], [3383], [3953], [5950], [29126], [6696], [3958], [1950], [3934], [6469], [2099], [324], [2034], [5054], [2697], [4582], [958], [3605], [5133], [7048], [3106], [1080], [7276], [10631], [2952], [5027], [59272], [7046], [5156], [4282], [959], [6387], [4780], [3627], [2308], [596], [23411], [9759], [3105], [5444], [1234], [5806], [1286], [154], [4982], [3082], [2147], [841], [4968], [4854], [5970], [2064], [54106], [3172], [9518], [1026], [3557], [8315], [1471], [7056], [3565], [2950], [6659], [6597], [285], [846], [551], [7076], [6662], [8074], [1813], [6390], [5595], [5580], [51738], [2321], [6657], [2152], [4153], [2934]]
Anti Glomerular Basement Membrane Disease:[[10673], [285], [8741], [1285], [3911]]
Lung Purpura with Nephritis:[[]]
Pulmonary hemosiderosis with glomerulonephritis:[[]]
Anti-GBM Disease:[[3123], [4353], [2214], [3115]]
Goodpastures Syndrome:[[]]
Anti-glomerular basement membrane disease:[[10673], [285], [8741], [1285], [3911]]
Goodpasture syndrome:[[1285]]
Haemorrhagic pneumonia AND glomerulonephritis:[[7040], [1636], [6347], [5054]]
Lung purpura with nephritis syndrome:[[]]
Syndrome Goodpasture's:[[3123]]
Anti GBM Disease:[[3123], [4353], [2214], [3115]]
Pulmonary haemorrhage with glomerulonephritis:[[3569], [4318], [5054], [1559], [3589]]
Hemorrhagic pneumonia AND glomerulonephritis:[[7124], [3569], [3586], [7040], [1636], [4318], [7422], [1401], [3605], [3553], [6347], [3383], [7098], [114548], [3627]]
Pulmonary haemosiderosis with glomerulonephritis:[[7157], [7124], [3569], [7422], [7040], [5027], [3586], [3553], [3091], [6774], [1636], [4318], [1401], [3123], [6347], [29126], [3605], [3606], [4313], [5467], [3383], [1906], [154], [4282], [5054], [1493], [5133], [3627], [596], [7098], [718], [5806], [5444], [114548], [4353], [185], [4982], [6714], [1950], [6280], [1559], [7076], [3309], [406947], [213], [5578], [7490], [1490], [7412], [7225], [1191], [5329], [3308], [1991], [1585], [26585], [4803], [4914], [1378], [5579], [6279], [8742], [80781], [6775], [2023], [4086], [1649], [6446], [2215], [374], [721], [3589], [4283], [8771], [1285], [9447], [406943], [6876], [27063]]
