Antiphospholipid syndrome:[[7124], [7422], [4524], [1401], [7099], [4846], [2147], [2475], [3479], [5054], [100499532], [3605], [7097], [6387], [2153], [3146], [3383], [3135], [1906], [3630], [350], [2152], [718], [26191], [302], [11093], [948], [2022], [7412], [2212], [3689], [4615], [5228], [5624], [5327], [6403], [5617], [7056], [51284], [1361], [3663], [3484], [51561], [6775], [308], [7035], [2160], [10544], [6311], [51311], [629], [653361], [3126], [8858], [148022], [5359], [10019], [640], [5798], [55024], [54675]]
Anti Phospholipid Antibody Syndrome:[[]]
Antiphospholipid Antibody Syndromes:[[]]
APL - Antiphospholipid syndrome:[[350], [302], [308], [7035]]
Anticardiolipin syndrome:[[350], [2153], [5327], [710], [54675]]
Syndrome Antiphospholipid Antibody:[[2153], [4524], [5054], [3605], [2147], [2152], [255738], [350], [361], [51561], [308], [953]]
Syndrome Anti-Phospholipid Antibody:[[7099], [959], [5444], [350], [2152]]
Anti Phospholipid Syndrome:[[5444], [350], [54210], [5055]]
Antiphospholipid antibody syndrome:[[4524]]
Syndrome Antiphospholipid:[[3123], [100499532], [64127], [1401], [6774], [2475], [2153], [999], [1906], [7124], [718], [7422], [4524], [11093], [3569], [2022], [7099], [4846], [7056], [2147], [6775], [5054], [3479], [3605], [7097], [6387], [629], [3146], [3383], [3630], [4153], [2152], [350], [4982], [26191], [948], [255738], [7412], [308], [3135], [5228], [4615], [8743], [3949], [5327], [361], [51561], [302], [3484], [3689], [1361], [3663], [2212], [5624], [6403], [51284], [5617], [7035], [2160], [3678], [10544], [1003], [51311], [6311], [1839], [3126], [140733], [8858], [653361], [167691], [953], [2220], [10019], [148022], [640], [5359], [8547], [5798], [55024], [54675]]
APS - Antiphospholipid syndrome:[[2147], [350], [5054], [3605], [3146], [2212], [1361], [51284], [7035], [8858]]
Syndrome Anti-Phospholipid:[[959], [7099], [5444], [2152], [350], [54210], [5055]]
Syndrome Hughes:[[]]
