Dissocial personality disorder:[[6532], [627], [1312], [6347], [4128], [6387], [2908], [1565], [6531], [217], [5021], [1814], [775], [2289], [121278], [7166], [2904], [9575], [6869], [3351], [2741], [3359], [1644], [552], [9369], [256987], [84570], [145270]]
Asocial personality (disorder):[[775], [3356], [1312], [7227], [6532], [1636], [121278], [1815], [6482], [2917], [627], [1565], [5789], [348], [6095], [1814], [3569], [4524], [5921], [2099], [1401], [2289], [1813], [9575], [6531], [5243], [4842], [2904], [4128], [4137], [4318], [1191], [2908], [367], [3458], [2932], [6347], [4988], [217], [2066], [5021], [399694], [1557], [3350], [23411], [9229], [6387], [1588], [7132], [7166], [9378], [177], [1394], [57018], [1621], [3351], [5663], [6530], [6352], [135], [4852], [6616], [3358], [84062], [150], [1116], [2876], [91752], [7054], [4049], [6869], [7133], [80230], [80031], [551], [952], [4129], [3359], [389170], [6506], [2643], [1137], [255239], [1138], [5144], [8863], [256987], [2741], [387129], [1129], [1454], [1644], [1395], [23245], [6641], [4986], [552], [1610], [7021], [285375], [339894], [101928445], [9369], [2899], [2559], [6570], [257194], [84570], [121256], [80333], [339983], [145270], [50859], [153396]]
Psychopathic Personalities:[[]]
Psychopathic personality disorder:[[6532]]
Sociopathic Personalities:[[]]
Antisocial personality disorder:[[6532], [4128], [6531], [217], [84570]]
Personality Antisocial:[[6532], [1312], [4128], [1813], [6531], [5243], [1815], [5021], [23411], [217], [3351], [7166], [6616], [84570]]
Sociopathic Personality:[[]]
Psychopathic Personality:[[6532]]
Personality Disorder Antisocial:[[6532], [4128], [1312], [6531], [5021], [217], [3351], [7166], [84570]]
Psychopathic personality (disorder):[[6532]]
Sociopathic personality (disorder):[[]]
Personalities Antisocial:[[6532], [5243], [4128], [1312], [1813], [23411], [6531], [1815], [217], [5021], [4915], [3351], [7166], [6616], [2555], [84570], [2565]]
Sociopathic personality disorder:[[]]
Personality Disorders Antisocial:[[6532], [1312]]
