Aorta Coarctations:[[59], [7422], [348], [3569], [4318], [7040], [1401], [1636], [3952], [673], [4851], [5743], [5468], [3479], [4780], [4313], [5444], [4879], [406991], [2153], [29095], [335], [2022], [4312], [3791], [406937], [4282], [5241], [1588], [114548], [929], [4982], [2200], [1277], [4314], [4843], [2247], [4089], [4015], [861], [1471], [4353], [5159], [1490], [8074], [255738], [4035], [10135], [5329], [4018], [6285], [5111], [1116], [268], [4804], [7042], [7412], [406935], [7048], [9365], [10855], [182], [79001], [7046], [652], [7077], [5155], [50507], [2316], [5741], [406988], [283693], [50964], [1535], [407024], [949], [5311], [8829], [558], [2006], [632], [2167], [4322], [5069], [4878], [6659], [4306], [655], [4016], [6722], [94], [1003], [55636], [55107], [3280], [6335], [4036], [54567], [3516], [406984], [5629], [2621], [4638], [6495], [657], [6091], [2030], [4321], [2296], [4824], [176], [953], [824], [5592], [3248], [4838], [9388], [4091], [412], [7021], [4841], [136], [6899], [10454], [59340], [2253], [30008], [8654], [51684], [8639], [9510], [2192], [163], [56999], [23493], [10021], [6909], [8751], [1491], [23462], [10699], [93649], [800], [60681], [101], [2201], [6783], [440823], [442892], [6092], [10252], [3340], [8869], [23129], [9784], [144165], [5138], [64220], [8928], [7136], [3201], [25831], [11339], [2301], [10427], [11064], [8131], [7275], [11174], [22921], [80833], [199699], [84516], [55784], [90665], [2307], [108348019]]
Coarctation Aortic:[[4851], [1636], [154], [4878], [153], [2316], [186], [2296], [9782]]
Coarctation of Aorta:[[1636], [4851], [2316], [4878], [2296], [55784], [90665]]
Coarctation of the aorta:[[1636], [4851], [2316], [4878], [2296], [55784], [90665]]
Coarctation of the Aorta:[[1636], [4851], [2316], [4878], [2296], [55784], [90665]]
COARCTATION OF AORTA:[[1636], [4851], [2316], [4878], [2296], [55784], [90665]]
Aorta Coarctation:[[1636], [4851], [2316], [4878], [2296], [55784], [90665]]
Coarctations Aortic:[[2200], [1029], [59], [4088], [4638], [7048], [7046], [4851], [4629], [7040], [100048912], [7124], [7422], [3569], [7157], [4018], [4846], [2006], [3949], [165], [1636], [4318], [1401], [348], [4524], [7099], [9370], [207], [4035], [4790], [4313], [10290], [3586], [5594], [4015], [4879], [3091], [5743], [6696], [5468], [1030], [2272], [100329167], [406991], [7450], [3958], [5595], [3952], [7097], [6774], [650], [1906], [3553], [177], [4982], [673], [3123], [1234], [7421], [3576], [335], [23411], [5925], [3383], [5728], [1499], [5444], [3146], [3479], [1026], [183], [3162], [7015], [3934], [7076], [7852], [960], [3458], [5592], [3106], [4137], [252843], [252842], [4089], [3717], [114548], [596], [338], [595], [6387], [4193], [3605], [100859927], [100505390], [6647], [920], [185], [857], [2147], [8074], [5054], [4091], [4780], [5290], [4314], [2950], [8600], [2153], [22943], [4312], [5970], [56729], [154], [2100], [50943], [3606], [4282], [1432], [718], [6667], [10135], [142], [6772], [8743], [1277], [1490], [6714], [19], [2247], [51738], [7132], [6662], [3688], [7291], [836], [406947], [5265], [79068], [1543], [4153], [153090], [5879], [59272], [929], [3043], [3082], [1559], [1471], [3725], [3315], [3557], [3552], [50964], [5173], [255738], [2335], [1588], [5747], [682], [406938], [387], [406937], [5071], [860], [4087], [9365], [10891], [3065], [2152], [1803], [6615], [140885], [3486], [3757], [846], [4023], [7057], [7941], [796], [54106], [217], [7133], [2321], [4973], [26191], [6790], [4353], [5806], [6597], [6352], [2308], [2022], [90865], [1191], [7412], [7052], [2625], [652], [3627], [407040]]
Coarctation of aorta (preductal) (postductal):[[]]
Coarctation of aorta:[[1636], [4851], [2316], [4878], [2296], [55784], [90665]]
Aortic coarctation:[[1636], [4851], [153], [186], [9782]]
Coarctation:[[1636], [4851], [154], [153], [2316], [4878], [186], [2296], [9782], [55784], [90665]]
