Apneic:[[6329]]
Apnoea:[[348], [3569], [7040], [4524], [1636], [627], [29126], [5468], [3479], [3952], [3119], [183], [51738], [5133], [1906], [3958], [3552], [213], [56729], [7132], [155], [135], [4973], [2167], [8862], [55600], [3060], [4925], [2572], [134], [5187], [3373], [285362], [91137]]
Has stopped breathing:[[]]
Stops breathing:[[]]
Apneic episodes:[[6329]]
Not breathing:[[348], [3569], [1401], [3553], [4879], [5444], [3605], [3383], [2706], [4204], [2056], [5624], [2353], [1536], [4878], [43], [3683], [8929], [6338], [6792], [6750], [10800], [54795], [126961], [3777], [1241], [4867], [57105], [259232], [4692], [79888], [1305], [5332], [9731], [404552]]
Apnoeic:[[]]
Apnea NOS:[[4846], [7422], [3091], [351], [2099], [5743], [3479], [6622], [23411], [154], [3162], [857], [56729], [796]]
Apneas:[[]]
Apnea:[[7124], [3569], [348], [9370], [7422], [1401], [1636], [6532], [3952], [4318], [3091], [3586], [351], [2099], [3553], [5743], [367], [627], [3123], [7421], [3576], [5468], [7099], [4846], [3479], [6622], [5444], [6347], [4879], [23411], [5594], [332], [406991], [3383], [3953], [1493], [3356], [1906], [3119], [183], [2908], [3162], [5970], [154], [6696], [50943], [3606], [1432], [1116], [177], [51738], [857], [5133], [5663], [5595], [4000], [581], [4282], [2332], [4023], [3039], [6285], [213], [5806], [56729], [4170], [959], [718], [3667], [7139], [796], [3084], [57817], [5950], [6280], [2056], [116519], [729230], [5624], [6401], [6403], [2638], [153], [5228], [590], [197], [947], [2690], [2167], [6720], [50964], [406913], [4914], [6279], [632], [5155], [6288], [5069], [51561], [4878], [8862], [182], [3358], [6441], [10062], [2643], [4015], [11132], [1910], [2668], [6863], [2026], [6869], [1843], [6402], [11082], [1909], [3060], [7001], [2548], [6517], [7538], [6721], [2875], [2358], [2550], [6283], [2357], [4638], [7376], [7114], [58157], [406919], [3929], [1103], [478], [10159], [83667], [7850], [4882], [3777], [338557], [1407], [1408], [3798], [3779], [140823], [10743], [6444], [60482], [6572], [4223], [9152], [2359], [11262], [27129], [27245], [100302234], [23768], [11086]]
