Cardiac dysrhythmia:[[3759], [7450], [1565]]
Arrhythmia (cardiac) NOS:[[4846], [3757], [801], [796]]
Cardiac rhythm disturbances:[[6331], [1482], [3784], [2697], [7124], [7040], [9370], [3569], [3952], [348], [1636], [4790], [801], [6532], [4879], [10891], [2932], [4000], [3553], [8074], [5054], [627], [51738], [8864], [153], [7412], [4982], [551], [2688], [4915], [8863]]
Arrhythmia:[[6331], [1026], [7157], [3569], [1401], [3757], [4846], [1080], [6532], [10681], [4879], [6387], [4000], [1906], [3784], [3958], [185], [1815], [287], [2697], [1277], [7276], [6336], [4314], [8074], [796], [801], [6262], [133], [153], [775], [4774], [6261], [1113], [4625], [8862], [4306], [1812], [4607], [3759], [2185], [1482], [6584], [7414], [5601], [274], [406904], [1525], [859], [818], [3741], [5318], [808], [2318], [6546], [10021], [2192], [6761], [493], [2702], [845], [6711], [4633], [88], [387119], [5141], [6324], [9992], [406980], [3752], [5139], [406905], [6640], [60482], [2281], [11216], [2559], [406990], [8811], [64061], [4635], [8514], [128989], [376132]]
Cardiac arrhythmia unspecified:[[1026], [7157], [775], [801], [6387], [493], [5601], [88]]
Cardiac Arrhythmia:[[6331], [3784], [1482], [6262], [3759], [3757], [1026], [4607], [4625], [6336], [3741], [287], [9992], [845], [4633], [2697], [7157], [10681], [775], [406904], [859], [2702], [3569], [1401], [10021], [1906], [4846], [6546], [801], [4000], [4879], [5318], [6324], [6532], [3958], [1113], [185], [6387], [7276], [3752], [8074], [4774], [1080], [796], [133], [153], [6261], [808], [1277], [274], [4314], [5139], [406980], [8862], [4306], [387119], [493], [2281], [1812], [1525], [7414], [88], [6584], [6640], [406990], [2318], [6761], [5601], [128989], [5141], [406905], [4635], [11216], [8811], [376132], [8514]]
Arrhythmias:[[3569], [1636], [6331], [1401], [3757], [4000], [3479], [4879], [1906], [3934], [185], [3784], [2697], [6262], [1756], [1116], [7048], [153], [775], [7273], [3753], [3759], [6329], [3708], [1832], [5601], [3762], [5350], [359948], [859], [5318], [3741], [2318], [6019], [406919], [9722], [6546], [3756], [805], [128989], [10021], [152], [3710], [6336], [63976], [284119], [817], [3709], [781], [57628], [3781], [2281], [11216], [282996], [11155], [200734], [23359], [51778], [3270], [347273], [253017], [93166], [343263]]
Arrythmia:[[6532]]
Dysrhythmias:[[775]]
Cardiac Arrhythmias:[[6331], [3784], [6262], [3753], [3759], [3757], [3762], [3741], [5350], [9722], [6336], [2697], [775], [859], [3479], [3569], [1636], [4000], [1401], [7273], [1906], [10021], [6546], [817], [5318], [4879], [1756], [3934], [185], [7048], [153], [1832], [781], [805], [128989], [3708], [2281], [2318], [5601], [359948], [406919], [6019], [3710], [3756], [3709], [3270], [3781], [63976], [284119], [282996], [11216], [200734], [51778], [347273], [93166]]
Cardiac dysrhythmia unspecified:[[]]
CARDIAC ARRHYTHMIA:[[6331], [3784], [1482], [6262], [3759], [3757], [1026], [4607], [4625], [6336], [3741], [287], [9992], [845], [4633], [2697], [7157], [10681], [775], [406904], [859], [2702], [3569], [1401], [10021], [1906], [4846], [6546], [801], [4000], [4879], [5318], [6324], [6532], [3958], [1113], [185], [6387], [7276], [3752], [8074], [4774], [1080], [796], [133], [153], [6261], [808], [1277], [274], [4314], [5139], [406980], [8862], [4306], [387119], [493], [2281], [1812], [1525], [7414], [88], [6584], [6640], [406990], [2318], [6761], [5601], [128989], [5141], [406905], [4635], [11216], [8811], [376132], [8514]]
Dysrhythmia Cardiac:[[3759], [7450], [1565]]
Cardiac arrhythmia:[[6331], [3784], [1482], [6262], [3759], [3757], [1026], [4607], [4625], [6336], [3741], [287], [9992], [845], [4633], [2697], [7157], [10681], [775], [406904], [859], [2702], [3569], [1401], [10021], [1906], [4846], [6546], [801], [4000], [4879], [5318], [6324], [6532], [3958], [1113], [185], [6387], [7276], [3752], [8074], [4774], [1080], [796], [133], [153], [6261], [808], [1277], [274], [4314], [5139], [406980], [8862], [4306], [387119], [493], [2281], [1812], [1525], [7414], [88], [6584], [6640], [406990], [2318], [6761], [5601], [128989], [5141], [406905], [4635], [11216], [8811], [376132], [8514]]
Cardiac arrhythmias:[[6331], [3784], [6262], [3753], [3759], [3757], [3762], [3741], [5350], [9722], [6336], [2697], [775], [859], [3479], [3569], [1636], [4000], [1401], [7273], [1906], [10021], [6546], [817], [5318], [4879], [1756], [3934], [185], [7048], [153], [1832], [781], [805], [128989], [3708], [2281], [2318], [5601], [359948], [406919], [6019], [3710], [3756], [3709], [3270], [3781], [63976], [284119], [282996], [11216], [200734], [51778], [347273], [93166]]
Cardiac dysrhythmias:[[775]]
Disorder of heart rhythm:[[2697], [348], [1482], [775], [1401], [6331], [3992], [1636], [54715], [6532], [7040], [7124], [3569], [3784], [2898], [6095], [9370], [2475], [3952], [4000], [627], [3553], [5728], [7035], [1129], [2932], [1956], [43], [2155], [4790], [51738], [4314], [4803], [1407], [5054], [5465], [1385], [26291], [183], [7337], [9575], [8074], [10891], [2033], [3759], [3398], [7276], [1806], [4843], [11216], [2152], [64805], [8864], [406], [4282], [135], [551], [203228], [5500], [8743], [7412], [3172], [252995], [1408], [706], [5992], [4914], [5187], [8863], [1859], [259232], [7874], [151648], [1454], [9572], [5563], [1843], [8553], [1390], [1628], [3060], [1374], [1644], [4862], [8239], [8204], [26224], [3269], [55068], [83759], [1960], [9975], [6096], [1106], [55777]]
