Arthralgias:[[7941], [58484]]
Painful joints:[[3569], [1277], [1490], [6335], [1311], [63895]]
Arthralgia:[[2099], [3586], [673], [7421], [3077], [1588], [4982], [8600], [959], [1548], [64135], [4598], [2103]]
Joint pain:[[2099], [1401], [3106], [6696], [4982], [8792], [3625]]
Joint pains:[[]]
Pain in joint:[[7124], [3569], [1401], [3586], [3119], [3553], [7422], [627], [7099], [6347], [1312], [2099], [4318], [348], [7040], [7852], [3576], [3106], [1636], [6387], [5743], [4160], [4790], [796], [5027], [9370], [1565], [3123], [3479], [154], [3146], [3605], [3952], [3458], [4314], [4846], [7494], [5979], [29126], [4982], [6696], [4312], [3162], [7097], [3552], [50943], [7442], [6280], [3606], [7132], [6531], [3815], [3082], [2908], [2643], [51738], [4282], [8600], [1910], [3557], [6863], [5133], [3934], [1588], [5173], [1280], [1815], [650], [4210], [5599], [5578], [2321], [1471], [4340], [4049], [2260], [2149], [4311], [4157], [3303], [1311], [135], [3570], [80036], [358], [8792], [1392], [51561], [3574], [9332], [4322], [9311], [7432], [8200], [51094], [3662], [7113], [176], [1520], [953], [6374], [9507], [3562], [3625], [11096], [7305], [7224], [1240], [781], [192343]]
Painful joint:[[3569], [7422], [627], [5743], [1312], [406991], [1277], [5027], [1490], [7442], [1311], [2643]]
Pain Joint:[[7124], [3569], [1401], [3586], [3119], [3553], [7422], [627], [7099], [6347], [1312], [2099], [4318], [348], [7040], [7852], [3576], [3106], [1636], [6387], [5743], [4160], [4790], [796], [5027], [9370], [1565], [3123], [3479], [154], [3146], [3605], [3952], [3458], [4314], [4846], [7494], [5979], [29126], [4982], [6696], [4312], [3162], [7097], [3552], [50943], [7442], [6280], [3606], [7132], [6531], [3815], [3082], [2908], [2643], [51738], [4282], [8600], [1910], [3557], [6863], [5133], [3934], [1588], [5173], [1280], [1815], [650], [4210], [5599], [5578], [2321], [1471], [4340], [4049], [2260], [2149], [4311], [4157], [3303], [1311], [135], [3570], [80036], [358], [8792], [1392], [51561], [3574], [9332], [4322], [9311], [7432], [8200], [51094], [3662], [7113], [176], [1520], [953], [6374], [9507], [3562], [3625], [11096], [7305], [7224], [1240], [781], [192343]]
Articular pain:[[3569], [3553], [7124], [3586], [114548], [1401], [7422], [6347], [4318], [3576], [7040], [3479], [7099], [2475], [3356], [3106], [3952], [9370], [3123], [1432], [23411], [5468], [3606], [4204], [4314], [4312], [4282], [3557], [6863], [1280], [650], [3082], [56729], [2335], [3558], [1191], [4322], [8600], [6285], [6869], [2260], [2896], [4157], [3570], [59341], [5443], [358], [1311], [1394], [407008], [7432], [406932], [9536], [89780], [8200], [176], [7349], [7060], [11096], [6660], [1240]]
Pain in joint site unspecified:[[7124], [2099], [7422], [348], [7040], [4790], [7852], [6387], [5743], [2260], [5599], [2908], [5578], [7132], [2321], [2149], [7224]]
Pains Joint:[[]]
