Psoriatic arthropathy:[[3569], [7422], [4982], [4282], [8600], [4210], [8792]]
Arthritis psoriatic:[[3107], [3123], [26191], [5966], [958], [7128], [3559], [3106], [3593], [3569], [4049], [3586], [59067], [7124], [5444], [7157], [4282], [100507436], [1803], [7422], [3605], [1636], [3553], [7040], [3091], [1401], [4318], [6774], [9370], [7099], [4790], [7421], [7189], [3458], [6347], [57511], [4846], [2625], [64127], [406938], [3606], [5133], [1234], [3135], [7097], [3654], [10758], [6696], [355], [596], [3565], [5728], [3627], [3133], [29126], [114548], [4982], [23411], [5054], [406947], [90865], [1432], [6280], [149233], [4314], [56729], [8600], [406991], [4843], [51561], [3105], [10866], [4210], [22861], [5879], [10135], [5027], [50616], [960], [6279], [1116], [356], [3600], [22943], [3428], [4582], [7098], [682], [5599], [3566], [3596], [959], [1543], [54106], [718], [1277], [79068], [4792], [2322], [4353], [2335], [5747], [5617], [7076], [3320], [796], [27178], [406937], [5329], [3486], [1191], [2312], [8651], [9966], [6868], [2308], [3592], [5741], [6275], [820], [9051], [8792], [1958], [2022], [5950], [51752], [112744], [4087], [864], [51284], [8742], [6283], [8829], [10630], [2353], [10062], [64135], [5196], [8543], [84557], [406910], [5919], [374], [1392], [834], [11009], [1843], [2621], [30009], [7292], [9368], [5445], [145264], [282618], [1520], [4478], [407010], [3126], [290], [100132285], [643749], [23765], [64581], [6957], [6367], [1233], [3672], [51330], [10318], [57521], [7293], [6761], [116844], [80380], [10963], [7177], [64167], [23118], [50604], [406929], [3806], [5142], [79092], [1300], [80149], [64806], [1241], [400957], [56999], [3680], [56300], [27074], [3581], [3493], [9223], [27179], [838], [353144], [1295], [353143]]
Psoriatic arthritis:[[3107], [7124], [3593], [3106], [4049], [3569], [1636], [1401], [9370], [3123], [3553], [4318], [7099], [4790], [6347], [3605], [3105], [7097], [5966], [960], [64127], [406938], [5133], [26191], [3627], [1543], [4282], [4982], [1277], [100507436], [149233], [54106], [4314], [56729], [8600], [7098], [718], [10135], [1803], [3596], [90865], [6280], [4792], [3559], [2312], [50616], [3600], [22943], [7189], [51561], [10758], [864], [5617], [5741], [3566], [6279], [3592], [51284], [10866], [51752], [3133], [64135], [8792], [5196], [3654], [8742], [374], [9368], [9966], [4478], [57511], [6283], [407010], [3126], [6367], [57521], [100132285], [10963], [6761], [1233], [23765], [10318], [3806], [5142], [116844], [1300], [64806], [64167], [79092], [56999], [9223], [3493], [3581], [1295], [643749], [353144], [353143], [5549], [81501], [256076], [400957], [170680], [26151]]
Psoriasis Arthritic:[[7124], [7422], [3586], [3569], [3605], [4318], [3553], [7099], [5743], [7097], [3557], [4312], [5328], [2214], [9021], [2902], [6863], [3126]]
Psoriasis with arthropathy:[[4313], [3569], [7422], [4282], [4982], [8600], [8792]]
Psoriatic Arthropathy:[[3569], [7422], [4982], [4282], [8600], [4210], [8792]]
Psoriasis Arthropathica:[[]]
Psoriatic Arthritis:[[3107], [7124], [3593], [3106], [4049], [3569], [1636], [1401], [9370], [3123], [3553], [4318], [7099], [4790], [6347], [3605], [3105], [7097], [5966], [960], [64127], [406938], [5133], [26191], [3627], [1543], [4282], [4982], [1277], [100507436], [149233], [54106], [4314], [56729], [8600], [7098], [718], [10135], [1803], [3596], [90865], [6280], [4792], [3559], [2312], [50616], [3600], [22943], [7189], [51561], [10758], [864], [5617], [5741], [3566], [6279], [3592], [51284], [10866], [51752], [3133], [64135], [8792], [5196], [3654], [8742], [374], [9368], [9966], [4478], [57511], [6283], [407010], [3126], [6367], [57521], [100132285], [10963], [6761], [1233], [23765], [10318], [3806], [5142], [116844], [1300], [64806], [64167], [79092], [56999], [9223], [3493], [3581], [1295], [643749], [353144], [353143], [5549], [81501], [256076], [400957], [170680], [26151]]
Psoriatic Arthropathies:[[960], [3565], [3566]]
Arthropathic psoriasis:[[3107], [3593], [149233], [7128], [3596], [51561], [4792], [2171], [10758], [7124], [7422], [3569], [10547], [4524], [7157], [4843], [170679], [3586], [348], [6773], [1636], [2312], [3123], [4790], [7421], [7040], [3091], [388698], [3952], [9370], [170680], [3106], [3605], [4318], [63870], [6615], [3553], [406991], [1401], [100130889], [51752], [3576], [3570], [6774], [7099], [50943], [2244], [8651], [3659], [2243], [63869], [6696], [359825], [3458], [1493], [207], [6347], [64135], [29126], [6532], [2266], [627], [4846], [1312], [596], [2952], [5468], [5970], [3934], [7889], [5728], [5743], [2944], [5594], [2475], [5444], [3105], [999], [503613], [140454], [65245], [1234], [10318], [3565], [4313], [7248], [9368], [7097], [26525], [3717], [4780], [100271719], [406938], [26191], [10111], [4851], [3606], [595], [3146], [1906], [6584], [332], [5290], [79092], [3162], [2146], [23411], [5966], [2706], [64127], [55905], [7297], [3119], [50616], [177], [2908], [8626], [3725], [857], [196], [406947], [4282], [79068], [5925], [1543], [3135], [4582], [114548], [56729], [3557], [3688], [5133], [6385], [836], [100169750], [6648], [682], [6583], [4153], [4288], [5879], [5595], [10413], [4312], [1027], [8743], [9825], [820], [6934], [6352], [6513], [8600], [3356], [100507436], [10], [54106], [1116], [3558], [3600], [10135], [929], [4982], [2697], [5806], [831], [282617], [3627], [7132], [7098], [1373], [861], [5687], [3117], [6790], [4353], [1950], [7133], [8074], [3953], [2308], [4988], [90865], [112744], [959], [958], [796], [5460], [718], [2896], [5329], [7076], [1803], [23586], [3315], [1191], [729230], [6280], [7148], [1673], [1545]]
PA (Psoriatic arthritis):[[7124], [3569], [4318], [4790], [3553], [7099], [3605], [7097], [3627], [26191], [7098], [90865], [22943]]
Arthropathic psoriasis unspecified:[[7128], [4792], [7157], [10758], [7422], [7124], [4790], [348], [6773], [7040], [7421], [3091], [6774], [207], [8651], [3659], [5594], [3725], [5925], [5468], [836], [596], [5970], [5743], [595], [5879], [999], [5595], [7248], [9368], [7046], [2908], [2308], [64127], [7297], [114548], [3558], [1027], [3688], [1019], [8743], [7132], [1950], [7133], [5329], [6868], [7424], [3315], [1021], [2316], [285], [5590], [7430], [4803], [5467], [4599], [3716], [6775], [4092], [4791], [2902], [2324], [4929], [22861], [4478], [602], [8915], [54206], [9252], [22918]]
PsA (Psoriatic arthritis):[[3107], [7124], [3106], [3569], [4049], [3123], [1636], [1401], [3553], [4318], [4790], [3605], [6347], [3105], [5966], [5133], [3627], [4982], [4282], [149233], [100507436], [1803], [4314], [718], [50616], [3600], [51561], [8792], [8742], [6367], [1233], [3806], [10318], [3581], [353144], [353143], [81501]]
