Aspartylglycosaminuria:[[175]]
ASPARTYLGLUCOSAMINURIA:[[175]]
Deficiency Aspartylglucosamidase:[[79001], [2067], [2068], [2147], [7274], [4524], [6513], [2073], [90411], [2688], [1376], [5660], [5624], [2072], [2074], [1585], [3479], [3952], [2071], [3123], [5627], [5054], [2153], [7157], [3162], [3077], [4153], [3075], [1588], [2157], [5265], [355], [920], [7124], [1646], [1161], [718], [4353], [3953], [1586], [25974], [948], [2155], [3569], [2539], [3689], [1589], [3559], [10474], [3586], [348], [672], [7040], [3030], [2162], [9370], [1956], [7421], [2677], [5340], [54821], [462], [5728], [7422], [2159], [7941], [326625], [6716], [6786], [1806], [2160], [2099], [6774], [100], [2944], [2624], [498], [710], [2161], [675], [351], [10986], [55573], [727], [3117], [3091], [7018], [3251], [5447], [673], [4790], [3553], [1029], [7172], [5443], [6647], [2937], [627], [4548], [472], [4615], [27249], [1080], [166785], [55661], [2158], [89], [3938], [174], [84876], [590], [3458], [1401], [367], [207], [2645], [720], [6622], [2876], [2064], [335], [7450], [7535], [5230], [695], [3290], [5009], [23411], [4609], [3106], [4846], [4292], [1636], [2643], [1026], [29126], [6390], [4318], [3990], [338434], [121278], [721], [3845], [4137], [6948], [2475], [28981], [2678], [34], [5313], [9131], [7015], [5160], [5449], [7097], [5743], [2271], [3704], [1584], [7099], [375748], [7297], [1644], [10747], [51135], [10165], [999], [4023], [23495], [1234], [64135], [4780], [164656], [5321], [1071], [5071], [5468], [6532], [383], [19], [4851], [1499], [1493], [712], [23530], [2692], [4204], [4193], [5444], [2203], [4192], [1312], [2952], [596], [3576], [1719], [1118], [6772], [51738], [4668]]
GLYCOASPARAGINASE:[[]]
Aspartylglucosaminidase deficiency:[[]]
Aspartylglucosaminuria:[[175]]
ASPARTYLGLUCOSAMINIDASE DEFICIENCY:[[]]
AGU:[[175], [7238], [100189340], [100189438], [100189433], [100189374], [100189319], [100189222], [100189187], [100189143], [100189006], [134637], [4575]]
Aspartylglucosaminurias:[[]]
Aspartylglycosylaminase deficiency:[[79001], [2067], [2068], [2147], [7274], [4524], [6513], [2073], [90411], [2688], [1376], [5660], [5624], [2072], [2074], [1585], [3479], [3952], [2071], [3123], [5627], [5054], [2153], [7157], [3162], [3077], [4153], [3075], [1588], [2157], [5265], [355], [920], [7124], [1646], [1161], [718], [4353], [3953], [1586], [25974], [948], [2155], [3569], [2539], [3689], [1589], [3559], [10474], [3586], [348], [672], [7040], [3030], [2162], [9370], [1956], [7421], [2677], [5340], [54821], [462], [5728], [7422], [2159], [7941], [326625], [6716], [6786], [1806], [2160], [2099], [6774], [100], [2944], [2624], [498], [710], [2161], [675], [351], [10986], [55573], [727], [3117], [3091], [7018], [3251], [5447], [673], [4790], [3553], [1029], [7172], [5443], [6647], [2937], [627], [4548], [472], [4615], [27249], [1080], [166785], [55661], [2158], [89], [3938], [174], [84876], [590], [3458], [1401], [367], [207], [2645], [720], [6622], [2876], [2064], [335], [7450], [7535], [5230], [695], [3290], [5009], [23411], [4609], [3106], [4846], [4292], [1636], [2643], [1026], [29126], [6390], [4318], [3990], [338434], [121278], [721], [3845], [4137], [6948], [2475], [28981], [2678], [34], [5313], [9131], [7015], [5160], [5449], [7097], [5743], [2271], [3704], [1584], [7099], [375748], [7297], [1644], [10747], [51135], [10165], [999], [4023], [23495], [1234], [64135], [4780], [164656], [5321], [1071], [5071], [5468], [6532], [383], [19], [4851], [1499], [1493], [712], [23530], [2692], [4204], [4193], [5444], [2203], [4192], [1312], [2952], [596], [3576], [1719], [1118], [6772], [51738], [4668]]
Deficiency AGA:[[3479], [7124], [675], [7018], [3553], [367], [1026], [51738], [3043], [3417], [2690], [406938], [1892], [2936], [7161], [4942], [10587], [3040], [5019], [51816], [2805]]
Glycoasparaginase Deficiency:[[79001], [2067], [2068], [2147], [7274], [4524], [6513], [2073], [90411], [2688], [1376], [5660], [5624], [2072], [2074], [1585], [3479], [3952], [2071], [3123], [5627], [5054], [2153], [7157], [3162], [3077], [4153], [3075], [1588], [2157], [5265], [355], [920], [7124], [1646], [1161], [718], [4353], [3953], [1586], [25974], [948], [2155], [3569], [2539], [3689], [1589], [3559], [10474], [3586], [348], [672], [7040], [3030], [2162], [9370], [1956], [7421], [2677], [5340], [54821], [462], [5728], [7422], [2159], [7941], [326625], [6716], [6786], [1806], [2160], [2099], [6774], [100], [2944], [2624], [498], [710], [2161], [675], [351], [10986], [55573], [727], [3117], [3091], [7018], [3251], [5447], [673], [4790], [3553], [1029], [7172], [5443], [6647], [2937], [627], [4548], [472], [4615], [27249], [1080], [166785], [55661], [2158], [89], [3938], [174], [84876], [590], [3458], [1401], [367], [207], [2645], [720], [6622], [2876], [2064], [335], [7450], [7535], [5230], [695], [3290], [5009], [23411], [4609], [3106], [4846], [4292], [1636], [2643], [1026], [29126], [6390], [4318], [3990], [338434], [121278], [721], [3845], [4137], [6948], [2475], [28981], [2678], [34], [5313], [9131], [7015], [5160], [5449], [7097], [5743], [2271], [3704], [1584], [7099], [375748], [7297], [1644], [10747], [51135], [10165], [999], [4023], [23495], [1234], [64135], [4780], [164656], [5321], [1071], [5071], [5468], [6532], [383], [19], [4851], [1499], [1493], [712], [23530], [2692], [4204], [4193], [5444], [2203], [4192], [1312], [2952], [596], [3576], [1719], [1118], [6772], [51738], [4668]]
Aspartylglycosaminurias:[[]]
ASPARTYLGLYCOSAMINURIA:[[175]]
Deficiencies Aspartylglucosamidase:[[7157], [4524], [672], [5728], [207], [3952], [675], [4193], [5594], [6647], [2147], [5925], [3690], [50943], [120892], [4153], [335], [7450], [142], [6772], [4204], [2068], [7098], [3064], [5781], [3065], [4968], [5888], [5624], [10135], [11093], [959], [3084], [331], [3593], [2155], [2539], [3600], [4615], [10855], [1111], [3674], [6662], [7442], [5428], [5053], [3066], [6598], [2244], [10599], [197], [462], [5627], [2006], [407021], [721], [23476], [6716], [2643], [6833], [2161], [10059], [720], [2], [64805], [84062], [6609], [81], [2736], [2798], [3416], [708], [1674], [2175], [1399], [28234], [6272], [8647], [2271], [5896], [930], [3981], [6770], [1644], [10747], [1583], [79648], [5873], [407026], [1374], [23213], [3635], [26121], [51135], [7293], [23495], [5626], [8858], [916], [1773], [10594], [3594], [291], [64170], [6567], [950], [2588], [2255], [2581], [259197], [81704], [79147], [4703], [5352], [5046], [8518], [5277], [3094], [5351], [1501], [5805], [51816], [6813], [10694], [11128], [5860], [8867], [4537], [781], [87178], [4724], [6697], [4719], [2108], [81027], [285362], [24148], [5092], [9037], [9644], [2109], [8676], [8985], [4723], [4337], [9868], [106780800], [108004539], [126129], [28976], [55163], [5194], [9124], [23098], [7140], [162417], [3547], [8972], [85476], [23474], [56997], [55858], [81622], [8508], [4694], [54414], [51733], [56521], [2631], [55340], [93058], [91949], [79934], [51399], [9200], [51116], [55863], [10623], [83548], [51601], [106050103], [106050102], [133686], [23379], [64745], [118487], [57570], [106736477], [106736476], [80219], [106146144], [106146143], [54491]]
Deficiencies AGA:[[675], [51816]]
Glycoasparaginase Deficiencies:[[7157], [4524], [672], [5728], [207], [3952], [675], [4193], [5594], [6647], [2147], [5925], [3690], [50943], [120892], [4153], [335], [7450], [142], [6772], [4204], [2068], [7098], [3064], [5781], [3065], [4968], [5888], [5624], [10135], [11093], [959], [3084], [331], [3593], [2155], [2539], [3600], [4615], [10855], [1111], [3674], [6662], [7442], [5428], [5053], [3066], [6598], [2244], [10599], [197], [462], [5627], [2006], [407021], [721], [23476], [6716], [2643], [6833], [2161], [10059], [720], [2], [64805], [84062], [6609], [81], [2736], [2798], [3416], [708], [1674], [2175], [1399], [28234], [6272], [8647], [2271], [5896], [930], [3981], [6770], [1644], [10747], [1583], [79648], [5873], [407026], [1374], [23213], [3635], [26121], [51135], [7293], [23495], [5626], [8858], [916], [1773], [10594], [3594], [291], [64170], [6567], [950], [2588], [2255], [2581], [259197], [81704], [79147], [4703], [5352], [5046], [8518], [5277], [3094], [5351], [1501], [5805], [51816], [6813], [10694], [11128], [5860], [8867], [4537], [781], [87178], [4724], [6697], [4719], [2108], [81027], [285362], [24148], [5092], [9037], [9644], [2109], [8676], [8985], [4723], [4337], [9868], [106780800], [108004539], [126129], [28976], [55163], [5194], [9124], [23098], [7140], [162417], [3547], [8972], [85476], [23474], [56997], [55858], [81622], [8508], [4694], [54414], [51733], [56521], [2631], [55340], [93058], [91949], [79934], [51399], [9200], [51116], [55863], [10623], [83548], [51601], [106050103], [106050102], [133686], [23379], [64745], [118487], [57570], [106736477], [106736476], [80219], [106146144], [106146143], [54491]]
AGA DEFICIENCY:[[3479], [7124], [675], [7018], [3553], [367], [1026], [51738], [3043], [3417], [2690], [406938], [1892], [2936], [7161], [4942], [10587], [3040], [5019], [51816], [2805]]
