Conduction Blocks Atrioventricular:[[6331], [3784], [151]]
Atrioventricular block:[[4846], [4879], [4000], [4312], [6331], [1482], [6910], [54795], [406925], [4550]]
Conduction Block Atrioventricular:[[6331], [1482], [6336], [2697], [355], [4000], [54795], [4879], [6910], [1674], [51422], [151]]
Atrioventricular block unspecified:[[]]
Block AV:[[6331], [6872], [7157], [7124], [7040], [7422], [1956], [23246], [4790], [2064], [3091], [4318], [920], [7421], [3569], [3586], [4524], [367], [673], [207], [3576], [351], [6774], [4137], [1636], [1029], [1499], [4609], [7099], [3458], [3553], [5728], [7852], [4851], [5243], [3757], [5290], [5743], [960], [3106], [4846], [6387], [54795], [3479], [29126], [6622], [5468], [6532], [472], [999], [4193], [2475], [4879], [106029312], [106029311], [596], [3952], [3791], [4233], [595], [1234], [3717], [4780], [332], [9429], [2702], [106020710], [106020709], [355], [775], [5925], [6347], [1026], [106029313], [6714], [6647], [6772], [5970], [7097], [23411], [4000], [1813], [3146], [108745276], [108745275], [3565], [2908], [142], [8743], [3162], [2706], [79068], [1588], [120892], [3135], [1432], [3480], [7450], [4312], [2247], [857], [581], [3690], [5133], [5621], [1543], [4582], [841], [3417], [1906], [5879], [3958], [5595], [3043], [10413], [1027], [2033], [3107], [2332], [8626], [598], [331], [1017], [1576], [4282], [5747], [3064], [861], [54106], [3558], [238], [5578], [387], [2321], [5781], [5663], [60489], [1950], [1869], [1277], [7428], [811], [7276], [846], [282617], [4204], [196], [3627], [7132], [8600], [7098], [5599], [718], [7161], [2697], [26191], [10891], [4353], [2152], [2067], [3953], [6352], [3486], [4089], [959], [4968], [407040], [6657], [3084], [356], [30835], [59272], [2260], [1387], [11200], [1786], [3667], [3593], [7052], [8878], [100507436], [1019], [302], [1385], [860], [6469], [648], [1050], [5027], [5580], [3689], [567], [4297], [4018], [1958], [4613], [1111], [9021], [7442], [3456]]
Atrioventricular block NOS:[[4846]]
AV block:[[6331], [6872], [7157], [7124], [7040], [7422], [1956], [23246], [4790], [2064], [3091], [4318], [920], [7421], [3569], [3586], [4524], [367], [673], [207], [3576], [351], [6774], [4137], [1636], [1029], [1499], [4609], [7099], [3458], [3553], [5728], [7852], [4851], [5243], [3757], [5290], [5743], [960], [3106], [4846], [6387], [54795], [3479], [29126], [6622], [5468], [6532], [472], [999], [4193], [2475], [4879], [106029312], [106029311], [596], [3952], [3791], [4233], [595], [1234], [3717], [4780], [332], [9429], [2702], [106020710], [106020709], [355], [775], [5925], [6347], [1026], [106029313], [6714], [6647], [6772], [5970], [7097], [23411], [4000], [1813], [3146], [108745276], [108745275], [3565], [2908], [142], [8743], [3162], [2706], [79068], [1588], [120892], [3135], [1432], [3480], [7450], [4312], [2247], [857], [581], [3690], [5133], [5621], [1543], [4582], [841], [3417], [1906], [5879], [3958], [5595], [3043], [10413], [1027], [2033], [3107], [2332], [8626], [598], [331], [1017], [1576], [4282], [5747], [3064], [861], [54106], [3558], [238], [5578], [387], [2321], [5781], [5663], [60489], [1950], [1869], [1277], [7428], [811], [7276], [846], [282617], [4204], [196], [3627], [7132], [8600], [7098], [5599], [718], [7161], [2697], [26191], [10891], [4353], [2152], [2067], [3953], [6352], [3486], [4089], [959], [4968], [407040], [6657], [3084], [356], [30835], [59272], [2260], [1387], [11200], [1786], [3667], [3593], [7052], [8878], [100507436], [1019], [302], [1385], [860], [6469], [648], [1050], [5027], [5580], [3689], [567], [4297], [4018], [1958], [4613], [1111], [9021], [7442], [3456]]
Blocks AV:[[7157], [7422], [1956], [6331], [207], [3091], [7040], [7124], [351], [348], [4790], [3569], [2064], [1499], [4137], [1029], [920], [6774], [3586], [4524], [7421], [4609], [3845], [2475], [3576], [672], [2099], [5728], [9370], [627], [4193], [596], [3553], [79094], [5743], [5243], [367], [3479], [29126], [6622], [3458], [999], [1312], [7015], [7852], [1026], [5594], [472], [675], [3717], [332], [5290], [406991], [6714], [6772], [2147], [4851], [595], [3146], [1234], [3605], [4780], [5879], [2908], [3791], [7097], [3725], [2950], [6696], [2146], [581], [4233], [1813], [5925], [1432], [10413], [177], [5970], [857], [3688], [3606], [836], [2932], [3565], [6667], [335], [7450], [142], [8743], [5979], [7276], [3690], [5265], [79068], [1588], [328], [5747], [4582], [861], [238], [4153], [9429], [5595], [1027], [324], [1950], [8626], [2247], [338], [841], [5599], [4088], [387], [4982], [3065], [11200], [19], [6934], [4869], [3486], [6513], [3757], [406947], [213], [983], [3685], [5578], [5460], [1385], [5781], [3265], [10891], [2309], [1490], [2152], [331], [3481], [4170], [5347], [5300], [1017], [2263], [4089], [196], [650], [5888], [3084], [5591], [718], [5465], [7161], [3784], [860], [10135], [356], [2260], [7076], [1387], [2778], [1786], [3315], [2308], [90865], [1191], [3661], [846], [11186], [998], [959], [7057], [2212], [8878], [3551], [5295], [5894], [2629], [1050], [1994], [7415], [60489], [3308], [3620], [2200], [3303], [3667], [23586], [4018], [5950], [842], [6502], [6280], [867], [7430], [2539], [6927], [30835], [5478], [4792], [1544], [6850]]
AVB - Atrioventricular block:[[4000]]
Atrioventricular Block:[[4846], [4879], [4000], [4312], [6331], [1482], [6910], [54795], [406925], [4550]]
Unspecified atrioventricular block:[[]]
Atrioventricular Blocks:[[3784], [151]]
Atrioventricular conduction block:[[6331], [1482], [6336], [2697], [355], [4000], [54795], [4879], [6910], [1674], [51422], [151]]
