Extrasystoles Atrial:[[9992], [1215]]
Atrial premature complex:[[]]
Premature Atrial Beats:[[]]
Atrial ectopic:[[6331], [4524], [7040], [2626], [3569], [7422], [6774], [857], [2100], [7124], [4318], [1956], [9370], [348], [406991], [207], [4313], [2099], [7099], [5243], [4790], [23411], [596], [332], [3958], [3576], [3479], [2627], [7097], [3815], [3146], [1906], [5290], [177], [581], [1490], [4282], [6387], [6347], [3605], [10021], [6696], [2146], [4487], [1588], [4843], [8074], [3757], [3606], [406938], [5578], [4312], [142], [8743], [2247], [406947], [5747], [387], [7076], [2152], [9518], [133], [5599], [4088], [2155], [255738], [796], [7474], [10631], [3315], [3570], [26291], [5228], [3491], [100124700], [151648], [6401], [3673], [3066], [3624], [4853], [3678], [4194], [246778], [1281], [102], [23224], [7468], [4772], [406996], [406928], [23705], [2274], [8741], [8312], [406976], [406904], [5337], [407019], [5999], [10298], [406900], [406901], [3984], [406922], [406977], [10519], [442909], [8490], [10008], [79148], [406905], [693198], [64061], [192343]]
Atrial premature depolarisation:[[2147]]
Atrial premature contractions:[[3569], [6774], [4790], [3757], [3146], [4312], [192343]]
Premature atrial contraction:[[]]
Premature atrial contractions:[[]]
Premature Atrial Beat:[[]]
PAC - Premature atrial contraction:[[]]
Supraventricular Beats Premature:[[6331]]
Atrial premature depolarization:[[6331], [5308], [3784], [857], [2100], [3757], [596], [1906], [2147], [142], [287], [6262], [3753], [3736]]
Extrasystole Atrial:[[4878], [5308], [2702], [6331], [3784], [4882], [4524], [4635], [4881], [463], [4883], [2626], [7040], [1482], [3569], [3741], [857], [3782], [2100], [7124], [1636], [1401], [6774], [4846], [4879], [4318], [9370], [348], [1956], [7422], [5243], [2697], [183], [2099], [7099], [3759], [7450], [3958], [431], [207], [4790], [406991], [23411], [100188842], [4313], [3479], [3576], [5573], [5468], [1277], [7852], [619478], [406216], [1906], [2627], [5879], [596], [177], [3952], [7097], [185], [2147], [1490], [5054], [2153], [3146], [100306979], [70], [6387], [6347], [3605], [4624], [10021], [332], [5290], [3162], [4000], [4487], [2050], [4982], [1585], [3815], [1559], [6262], [4314], [1557], [8074], [56729], [3383], [6696], [2146], [3757], [3606], [11093], [79001], [1071], [1116], [335], [4312], [142], [8743], [6324], [2247], [4282], [8600], [5747], [7139], [5578], [406938], [287], [10891], [4843], [9518], [581], [775], [133], [153], [1588], [3558], [387], [356], [929], [2022], [7076], [1471], [6772], [2152], [7042], [19], [3486], [959], [3039], [406947], [5265], [5599], [217], [4088], [5781], [3762], [4353], [7137], [7412], [9992], [5111], [255738], [3753], [5465], [7474], [59272], [57057], [3315], [7189], [1536], [659], [2316], [6910], [958], [796], [1728], [3084], [3570], [6403], [10631], [10060], [5806], [7273], [811], [2155], [6285], [3491], [6280], [8862], [26291], [9631], [100124700], [567], [10370], [151648], [2214], [729230], [551], [5058], [6401], [4306], [7077], [125], [3066], [2244], [7341], [3329], [3684], [5228], [155], [7941], [3312], [4194], [947], [5396], [2159], [1113]]
Supraventricular extrasystoles:[[]]
Premature Complexes Atrial:[[5308], [3784], [6331], [7040], [7124], [3569], [2099], [1401], [1636], [348], [857], [4790], [23411], [6774], [7099], [1482], [4318], [4846], [9370], [7422], [207], [4000], [3576], [7450], [183], [3479], [3146], [4313], [5468], [3958], [185], [177], [2147], [596], [7097], [3952], [2153], [6347], [2146], [142], [3162], [11093], [3605], [3383], [6387], [335], [4088], [8743], [19], [2247], [5111], [5781], [6262], [6772], [5265], [255738], [7076], [356], [3753], [2022], [1536], [3039], [5599], [3329], [3570], [2155], [6280], [567], [3624], [1356], [59], [51206], [4925], [407024], [192343]]
Supraventricular premature beats:[[]]
Atrial premature systoles:[[4524], [5308], [6331], [3784], [3569], [7124], [1636], [1401], [7040], [1482], [23411], [857], [2099], [4318], [4846], [2100], [348], [6774], [9370], [4879], [668], [7422], [183], [4790], [7099], [4000], [3576], [2697], [7450], [3958], [406991], [185], [207], [3479], [5468], [4313], [3952], [3757], [6347], [177], [1277], [3146], [1906], [596], [3162], [7097], [2147], [2153], [3605], [4314], [6387], [4982], [19], [3383], [2146], [335], [3815], [4312], [6262], [6696], [3606], [11093], [1588], [8600], [406938], [142], [8743], [2247], [255738], [1471], [287], [9518], [133], [4088], [356], [7076], [2022], [6772], [1536], [7412], [3039], [5265], [5599], [217], [796], [5781], [7137], [5111], [3753], [3570], [3673], [2155], [151648], [6280], [3491], [4306], [567], [10370], [6401], [125], [2244], [3329], [5228], [2645], [406913], [3624], [4853], [4607], [5972], [1356], [55600], [64805], [59], [406973], [468], [57167], [51206], [7049], [407024], [4925], [2002], [407010], [3909], [3736], [6013], [192343]]
Premature Complices Atrial:[[4524], [5308], [6331], [3784], [3569], [7124], [1636], [1401], [7040], [1482], [23411], [857], [2099], [4318], [4846], [2100], [348], [6774], [9370], [4879], [668], [7422], [183], [4790], [7099], [4000], [3576], [2697], [7450], [3958], [406991], [185], [207], [3479], [5468], [4313], [3952], [3757], [6347], [177], [1277], [3146], [1906], [596], [3162], [7097], [2147], [2153], [3605], [4314], [6387], [4982], [19], [3383], [2146], [335], [3815], [4312], [6262], [6696], [3606], [11093], [1588], [8600], [406938], [142], [8743], [2247], [255738], [1471], [287], [9518], [133], [4088], [356], [7076], [2022], [6772], [1536], [7412], [3039], [5265], [5599], [217], [796], [5781], [7137], [5111], [3753], [3570], [3673], [2155], [151648], [6280], [3491], [4306], [567], [10370], [6401], [125], [2244], [3329], [5228], [2645], [406913], [3624], [4853], [4607], [5972], [1356], [55600], [64805], [59], [406973], [468], [57167], [51206], [7049], [407024], [4925], [2002], [407010], [3909], [3736], [6013], [192343]]
Premature atrial contraction (PAC):[[]]
Premature Atrial Contractions:[[]]
Atrial extrasystoles:[[]]
Ectopic Beats Atrial:[[6331], [4843], [3757]]
Atrial premature beats:[[]]
Premature Atrial Contraction:[[]]
Supraventricular Beat Premature:[[]]
Premature Complex Atrial:[[2146], [4524], [1401], [7124], [5308], [6331], [3784], [6280], [7422], [3569], [857], [2099], [1482], [7040], [23411], [348], [6774], [1636], [7099], [142], [3570], [4318], [4846], [3479], [2100], [9370], [4790], [3146], [5468], [3958], [4879], [4088], [5111], [2697], [207], [596], [7097], [4000], [3576], [3757], [177], [7450], [5781], [4313], [3952], [406991], [567], [6262], [6347], [255738], [668], [1277], [3815], [4312], [183], [3162], [2147], [3039], [185], [2153], [57167], [3673], [6387], [7137], [3383], [4314], [3329], [335], [6772], [6696], [3605], [468], [1536], [8743], [287], [19], [2247], [3753], [2022], [356], [2244], [2155], [7412], [1588], [1906], [5599], [3606], [3624], [5265], [8600], [7076], [406938], [4982], [1471], [59], [10370], [11093], [4853], [6401], [4306], [7049], [217], [9518], [3491], [2645], [1356], [406913], [151648], [51206], [5228], [2002], [125], [4607], [55600], [5972], [3909], [64805], [3736], [406973], [407024], [4925], [407010], [192343]]
Ectopic atrial beats:[[6331], [4843], [3757]]
Ectopic Beat Atrial:[[2099], [133]]
Supraventricular premature contraction:[[7137], [6331]]
