Attention-deficit hyperactivity disorder (ADHD):[[121278], [1815], [627], [1312], [6532], [6531], [4128], [4524], [1813], [4842], [1816], [1012], [2908], [6530], [6616], [3356], [1621], [150], [1814], [1812], [2332], [3351], [4129], [1139], [4160], [3350], [5294], [3767], [9575], [7166], [2904], [412], [2668], [6869], [23284], [5730], [9914], [3359], [6844], [28964], [147], [10276], [6527], [54769], [283659], [389084], [729178], [108228198], [108228197]]
Attention deficit hyperactivity disorder hyperactive impulsive type:[[150], [4842], [1815], [1312], [6532], [627], [6531], [5243], [1813], [1012], [3356], [1816], [1814]]
Disorders Attention Deficit-Hyperactivity:[[121278], [1815], [627], [1312], [6532], [4023], [6531], [4842], [4524], [2272], [1813], [27086], [4128], [2897], [9370], [2915], [6622], [53335], [2908], [3356], [3123], [5243], [4204], [2332], [6530], [1621], [3350], [2289], [6616], [5071], [9509], [1139], [1814], [2904], [57412], [4160], [255239], [9575], [3351], [93986], [7166], [3358], [5020], [5649], [1812], [2668], [4129], [285195], [1356], [6869], [2166], [1742], [406], [412], [3359], [23522], [9211], [4010], [9607], [553], [160851], [1271], [8224], [389084], [9229], [27255], [50859]]
Attention-deficit hyperactivity disorder NOS:[[4842], [5243], [6622]]
Attention deficit-hyperactivity disorder (ADHD):[[121278], [1815], [627], [1312], [6532], [6531], [4128], [4524], [1813], [4842], [1816], [1012], [2908], [6530], [6616], [3356], [1621], [150], [1814], [1812], [2332], [3351], [4129], [1139], [4160], [3350], [5294], [3767], [9575], [7166], [2904], [412], [2668], [6869], [23284], [5730], [9914], [3359], [6844], [28964], [147], [10276], [6527], [54769], [283659], [389084], [729178], [108228198], [108228197]]
Attention-deficit hyperactivity disorders:[[6530]]
Attention Deficit Disorders with Hyperactivity:[[6531], [79845]]
Attention-deficit hyperactivity disorder:[[121278], [1815], [450087], [627], [450090], [450089], [450088], [100190791], [100190790], [1312], [6532], [4023], [4524], [2272], [6531], [4842], [4691], [9370], [5243], [3123], [4128], [1813], [6622], [8797], [10681], [27086], [3603], [54600], [2908], [4017], [1816], [53335], [6921], [6480], [2915], [5071], [2332], [4204], [6530], [3356], [3065], [658], [411], [6616], [2011], [2069], [1814], [55959], [4160], [3350], [1621], [150], [3767], [1139], [54575], [8793], [2897], [54576], [2289], [57504], [4212], [5294], [2904], [3358], [1812], [9575], [7979], [2013], [3038], [1012], [5649], [7166], [2259], [285195], [6869], [4129], [3351], [2668], [1356], [5020], [2900], [2166], [23090], [1742], [9509], [406], [55037], [255239], [93986], [79071], [5924], [412], [3359], [5730], [3672], [28232], [89797], [9211], [6844], [93100], [57412], [6822], [165140], [54495], [221178], [201134], [9607], [91782], [1407], [4010], [23284], [10655], [9463], [154141], [147], [28964], [171425], [344148], [10276], [3763], [23522], [3895], [7143], [160851], [553], [2044], [79750], [9048], [3352], [1271], [388815], [8224], [30820], [406886], [9229], [55367], [27300], [27255], [9914], [1795], [6527], [51194], [49855], [390980], [643542], [101928161], [101927437], [54769], [254170], [283659], [50859], [401145], [392617], [114786], [389084], [108228198], [108228197], [729178]]
Hyperkinetic syndrome of childhood:[[]]
ADHD:[[54715], [7534], [3651], [627], [5074], [3981], [1312], [6532], [4524], [5789], [3569], [1813], [8324], [5205], [6531], [4318], [1815], [2908], [4128], [1723], [1012], [3356], [126], [1565], [154810], [3383], [79068], [7704], [2932], [10531], [3557], [1759], [7942], [55693], [2332], [121278], [1812], [6530], [1814], [1621], [150], [6529], [4353], [3481], [6616], [4842], [4131], [1268], [3351], [3682], [5021], [54329], [4160], [135], [65018], [1139], [5294], [114780], [2117], [51503], [7295], [4803], [3767], [3350], [4129], [221458], [342372], [84623], [2852], [9575], [6016], [2103], [1816], [7166], [1020], [23179], [27185], [2904], [4552], [219699], [4306], [4041], [1420], [2668], [1137], [145946], [7054], [412], [23040], [406958], [1138], [6869], [1136], [219409], [22801], [2571], [4208], [56951], [4040], [154743], [9647], [6804], [862], [8464], [23245], [3762], [143689], [91752], [4522], [10082], [4908], [5730], [9415], [406959], [9914], [4916], [8864], [3359], [9586], [84152], [407053], [1644], [26047], [1066], [152926], [387129], [6507], [6310], [407042], [6857], [7905], [10893], [9201], [196446], [4336], [407041], [84945], [4543], [6515], [1143], [9682], [23284], [64324], [407017], [3360], [406961], [123775], [6844], [152], [9258], [4122], [2917], [7021], [100652824], [440695], [100861550], [729224], [101928036], [101927062], [101927967], [6855], [51473], [10458], [635], [7434], [1104], [7093], [406966], [55553], [114784], [28964], [80217], [3384], [147], [10276], [2774], [8973], [51559], [1142], [83696], [344887], [200373], [158067], [54413], [438], [6487], [5522], [11074], [8825], [55327], [6527], [100507443], [64130], [10623], [54769], [283659], [79845], [389084], [729178], [108228198]]
Attention Deficit Hyperactivity Disorder:[[121278], [1815], [450087], [627], [450090], [450089], [450088], [100190791], [100190790], [1312], [6532], [4023], [4524], [2272], [6531], [4842], [4691], [9370], [5243], [3123], [4128], [1813], [6622], [8797], [10681], [27086], [3603], [54600], [2908], [4017], [1816], [53335], [6921], [6480], [2915], [5071], [2332], [4204], [6530], [3356], [3065], [658], [411], [6616], [2011], [2069], [1814], [55959], [4160], [3350], [1621], [150], [3767], [1139], [54575], [8793], [2897], [54576], [2289], [57504], [4212], [5294], [2904], [3358], [1812], [9575], [7979], [2013], [3038], [1012], [5649], [7166], [2259], [285195], [6869], [4129], [3351], [2668], [1356], [5020], [2900], [2166], [23090], [1742], [9509], [406], [55037], [255239], [93986], [79071], [5924], [412], [3359], [5730], [3672], [28232], [89797], [9211], [6844], [93100], [57412], [6822], [165140], [54495], [221178], [201134], [9607], [91782], [1407], [4010], [23284], [10655], [9463], [154141], [147], [28964], [171425], [344148], [10276], [3763], [23522], [3895], [7143], [160851], [553], [2044], [79750], [9048], [3352], [1271], [388815], [8224], [30820], [406886], [9229], [55367], [27300], [27255], [9914], [1795], [6527], [51194], [49855], [390980], [643542], [101928161], [101927437], [54769], [254170], [283659], [50859], [401145], [392617], [114786], [389084], [108228198], [108228197], [729178]]
Overactive child syndrome:[[114548], [7157], [627], [5594], [6532], [121278]]
ADHD - Attention deficit disorder with hyperactivity:[[1312], [6531], [1815], [1621], [150], [6616], [4842], [5021], [1816], [10458]]
Attention deficit disorder with hyperactivity:[[1312], [355], [6531], [1815], [4988], [5021], [4842], [1621], [150], [6616], [2903], [1816], [10458], [9124], [80333]]
Attention Deficit Hyperactivity Disorders:[[6530]]
Hyperkinetic Syndrome:[[]]
Unspecified hyperkinetic syndrome:[[]]
attention deficit disorder with hyperactivity:[[1312], [355], [6531], [1815], [4988], [5021], [4842], [1621], [150], [6616], [2903], [1816], [10458], [9124], [80333]]
Attention-deficit/hyperactivity disorder (ADHD):[[1312], [3356], [1815], [121278], [627], [6531], [4524], [1813], [4128], [2904], [1816], [6530], [1012], [1621], [2332], [150], [6616], [1812], [1139], [7166], [4160], [5294], [23284], [3359], [412], [10276], [6527], [54769], [389084], [729178]]
HYPERACTIVITY OF CHILDHOOD:[[1815], [627], [1312], [6532], [4524], [348], [3596], [355], [4318], [9370], [5243], [6531], [121278], [2944], [4128], [2952], [2908], [2950], [1812], [351], [3767], [1813], [28232], [1789], [7249], [2064], [7015], [154], [3123], [4137], [5021], [4160], [5054], [3356], [10814], [2289], [79071], [3350], [4204], [4988], [658], [89797], [2308], [1621], [4010], [6469], [6285], [10673], [1814], [7166], [2066], [154141], [4306], [3351], [171425], [5020], [4041], [2259], [5649], [4129], [2166], [8741], [2903], [9229], [23090], [112476], [388815], [1742], [255239], [3359], [80333], [53942], [50859], [4130], [729178]]
attention deficit syndrome with hyperactivity:[[4023], [348], [1815], [121278], [3123], [4842], [627], [2332], [1312], [6532], [4128], [2272], [4137], [6531], [55959], [8797], [3603], [27086], [2013], [1813], [2915], [53335], [6616], [355], [4524], [9509], [4204], [2897], [221178], [6530], [9370], [5243], [1139], [10681], [2908], [23090], [5021], [150], [2944], [23522], [6622], [3356], [1621], [2950], [2952], [5649], [6285], [154141], [4010], [5071], [4988], [3767], [3350], [4160], [1012], [9575], [1814], [3763], [4041], [590], [1756], [3358], [2904], [5020], [255239], [1812], [4129], [5294], [2668], [3351], [7166], [6869], [412], [2166], [2902], [3359], [406], [2903], [4040], [5730], [93986], [6822], [1407], [9607], [553], [9048], [406886], [1795], [27255]]
Attention deficit hyperkinetic disorder:[[2902], [6844], [120892]]
Hyperkinetic syndrome:[[]]
ADDH:[[11128], [1815]]
Attention Deficit Disorder with Hyperactivity:[[1312], [355], [6531], [1815], [4988], [5021], [4842], [1621], [150], [6616], [2903], [1816], [10458], [9124], [80333]]
Attention deficit hyperactivity disorder predominantly hyperactive impulsive type:[[4842], [1815], [6532], [1312], [627], [6531], [1816]]
Attention deficit hyperactivity disorder:[[121278], [1815], [450087], [627], [450090], [450089], [450088], [100190791], [100190790], [1312], [6532], [4023], [4524], [2272], [6531], [4842], [4691], [9370], [5243], [3123], [4128], [1813], [6622], [8797], [10681], [27086], [3603], [54600], [2908], [4017], [1816], [53335], [6921], [6480], [2915], [5071], [2332], [4204], [6530], [3356], [3065], [658], [411], [6616], [2011], [2069], [1814], [55959], [4160], [3350], [1621], [150], [3767], [1139], [54575], [8793], [2897], [54576], [2289], [57504], [4212], [5294], [2904], [3358], [1812], [9575], [7979], [2013], [3038], [1012], [5649], [7166], [2259], [285195], [6869], [4129], [3351], [2668], [1356], [5020], [2900], [2166], [23090], [1742], [9509], [406], [55037], [255239], [93986], [79071], [5924], [412], [3359], [5730], [3672], [28232], [89797], [9211], [6844], [93100], [57412], [6822], [165140], [54495], [221178], [201134], [9607], [91782], [1407], [4010], [23284], [10655], [9463], [154141], [147], [28964], [171425], [344148], [10276], [3763], [23522], [3895], [7143], [160851], [553], [2044], [79750], [9048], [3352], [1271], [388815], [8224], [30820], [406886], [9229], [55367], [27300], [27255], [9914], [1795], [6527], [51194], [49855], [390980], [643542], [101928161], [101927437], [54769], [254170], [283659], [50859], [401145], [392617], [114786], [389084], [108228198], [108228197], [729178]]
ATTENTION DEFICIT-HYPERACTIVITY DISORDER:[[121278], [1815], [450087], [627], [450090], [450089], [450088], [100190791], [100190790], [1312], [6532], [4023], [4524], [2272], [6531], [4842], [4691], [9370], [5243], [3123], [4128], [1813], [6622], [8797], [10681], [27086], [3603], [54600], [2908], [4017], [1816], [53335], [6921], [6480], [2915], [5071], [2332], [4204], [6530], [3356], [3065], [658], [411], [6616], [2011], [2069], [1814], [55959], [4160], [3350], [1621], [150], [3767], [1139], [54575], [8793], [2897], [54576], [2289], [57504], [4212], [5294], [2904], [3358], [1812], [9575], [7979], [2013], [3038], [1012], [5649], [7166], [2259], [285195], [6869], [4129], [3351], [2668], [1356], [5020], [2900], [2166], [23090], [1742], [9509], [406], [55037], [255239], [93986], [79071], [5924], [412], [3359], [5730], [3672], [28232], [89797], [9211], [6844], [93100], [57412], [6822], [165140], [54495], [221178], [201134], [9607], [91782], [1407], [4010], [23284], [10655], [9463], [154141], [147], [28964], [171425], [344148], [10276], [3763], [23522], [3895], [7143], [160851], [553], [2044], [79750], [9048], [3352], [1271], [388815], [8224], [30820], [406886], [9229], [55367], [27300], [27255], [9914], [1795], [6527], [51194], [49855], [390980], [643542], [101928161], [101927437], [54769], [254170], [283659], [50859], [401145], [392617], [114786], [389084], [108228198], [108228197], [729178]]
Disorder Attention Deficit-Hyperactivity:[[450087], [450090], [450089], [450088], [100190791], [100190790], [121278], [1815], [2272], [10681], [1312], [6532], [4023], [4842], [53335], [3356], [4691], [1816], [627], [3603], [27086], [2915], [6531], [411], [4524], [1813], [2069], [55959], [4128], [2897], [4212], [57504], [8797], [2289], [2904], [2900], [3038], [5243], [54600], [4017], [6622], [344148], [6530], [643542], [6921], [9370], [2908], [9509], [23090], [6480], [2668], [79750], [658], [1621], [3123], [6616], [2011], [93986], [28232], [89797], [4204], [93100], [5071], [2332], [165140], [54495], [221178], [54575], [8793], [54576], [285195], [7979], [150], [10655], [1139], [2013], [3350], [1814], [154141], [1742], [2259], [171425], [1407], [5020], [9575], [1812], [3351], [6844], [7166], [55037], [79071], [5924], [5649], [160851], [3065], [3358], [1012], [4160], [3767], [27300], [4129], [201134], [6869], [91782], [2166], [590], [23284], [255239], [5294], [390980], [101928161], [101927437], [3359], [1356], [406], [9229], [412], [5730], [388815], [1795], [3672], [49855], [57412], [6822], [9211], [10458], [4010], [9607], [28964], [10276], [9463], [147], [3763], [553], [7143], [23522], [3895], [8224], [9048], [2044], [3352], [1271], [30820], [406886], [55367], [9914], [27255], [6527], [51194], [54769], [283659], [50859], [401145], [254170], [392617], [114786], [389084], [729178], [108228198], [108228197]]
Attention deficit/hyperactivity disorder:[[53335], [1815], [121278], [1312], [2915], [3356], [627], [6531], [4524], [1813], [1816], [8797], [2904], [5243], [54600], [4017], [4128], [6921], [6480], [658], [6530], [2011], [93986], [4204], [1621], [5071], [2332], [54575], [8793], [54576], [285195], [7979], [6616], [2013], [1139], [2259], [150], [1407], [55037], [79071], [1812], [5924], [7166], [3065], [4160], [201134], [1012], [91782], [590], [5294], [3359], [23284], [388815], [412], [3672], [49855], [6822], [10276], [3763], [23522], [9048], [30820], [406886], [55367], [6527], [54769], [50859], [389084], [729178]]
Hyperkinetic disorder:[[2902], [6844], [6347], [774], [120892], [6857], [6323], [5428], [10846], [85358], [7701], [111]]
Syndromes Hyperkinetic:[[6347], [6323], [5428], [111], [10846]]
Attention deficit-hyperactivity disorder:[[121278], [1815], [450087], [627], [450090], [450089], [450088], [100190791], [100190790], [1312], [6532], [4023], [4524], [2272], [6531], [4842], [4691], [9370], [5243], [3123], [4128], [1813], [6622], [8797], [10681], [27086], [3603], [54600], [2908], [4017], [1816], [53335], [6921], [6480], [2915], [5071], [2332], [4204], [6530], [3356], [3065], [658], [411], [6616], [2011], [2069], [1814], [55959], [4160], [3350], [1621], [150], [3767], [1139], [54575], [8793], [2897], [54576], [2289], [57504], [4212], [5294], [2904], [3358], [1812], [9575], [7979], [2013], [3038], [1012], [5649], [7166], [2259], [285195], [6869], [4129], [3351], [2668], [1356], [5020], [2900], [2166], [23090], [1742], [9509], [406], [55037], [255239], [93986], [79071], [5924], [412], [3359], [5730], [3672], [28232], [89797], [9211], [6844], [93100], [57412], [6822], [165140], [54495], [221178], [201134], [9607], [91782], [1407], [4010], [23284], [10655], [9463], [154141], [147], [28964], [171425], [344148], [10276], [3763], [23522], [3895], [7143], [160851], [553], [2044], [79750], [9048], [3352], [1271], [388815], [8224], [30820], [406886], [9229], [55367], [27300], [27255], [9914], [1795], [6527], [51194], [49855], [390980], [643542], [101928161], [101927437], [54769], [254170], [283659], [50859], [401145], [392617], [114786], [389084], [108228198], [108228197], [729178]]
Attention deficit hyperactivity disorder (ADHD):[[121278], [1815], [627], [1312], [6532], [6531], [4128], [4524], [1813], [4842], [1816], [1012], [2908], [6530], [6616], [3356], [1621], [150], [1814], [1812], [2332], [3351], [4129], [1139], [4160], [3350], [5294], [3767], [9575], [7166], [2904], [412], [2668], [6869], [23284], [5730], [9914], [3359], [6844], [28964], [147], [10276], [6527], [54769], [283659], [389084], [729178], [108228198], [108228197]]
Attention-deficit/hyperactivity disorder:[[3356], [1312], [8797], [1815], [121278], [54600], [4017], [53335], [6921], [6480], [658], [2011], [4524], [54575], [8793], [54576], [627], [7979], [6531], [2013], [5243], [285195], [2259], [2915], [2904], [1813], [55037], [79071], [5924], [93986], [2332], [4204], [201134], [5071], [91782], [4128], [1816], [1407], [6530], [1139], [1621], [388815], [1812], [7166], [6616], [150], [3065], [4160], [5294], [590], [1012], [3359], [412], [3672], [23284], [49855], [6822], [10276], [3763], [23522], [9048], [30820], [406886], [55367], [6527], [54769], [50859], [389084], [729178]]
