Autism Spectrum Disorder:[[26053], [267012], [6532], [775], [5728], [6134], [1312], [3356], [22941], [121278], [4204], [4524], [1636], [627], [7157], [288], [26047], [348], [4893], [1815], [4233], [7421], [7124], [3690], [6095], [2904], [139411], [2332], [5021], [7040], [2099], [351], [2475], [116442], [9370], [2944], [6622], [3952], [2917], [3717], [207], [3123], [54715], [4803], [367], [1813], [2952], [93986], [3458], [596], [57680], [6647], [5649], [3084], [3135], [3605], [2668], [4128], [6531], [2950], [4790], [5743], [1499], [1008], [6323], [7015], [5071], [324], [361], [4763], [110806262], [57502], [85358], [1557], [1814], [5444], [3350], [2915], [27185], [285195], [2896], [3606], [27086], [5053], [3603], [54413], [1139], [4843], [1742], [4282], [6285], [406938], [406947], [5020], [2697], [2247], [1786], [6326], [2068], [1523], [7249], [1812], [50863], [1950], [56729], [952], [2521], [1788], [28514], [6530], [3351], [2670], [6616], [4627], [2562], [6469], [91752], [3358], [4010], [3667], [7337], [9378], [551], [2571], [7204], [7052], [7248], [1544], [6403], [100124700], [6573], [1859], [4035], [6505], [4129], [2020], [2739], [847], [84868], [773], [4552], [3699], [5175], [4306], [7471], [5191], [552], [2569], [27178], [4548], [6262], [22871], [23394], [1524], [57526], [2566], [7518], [23705], [6804], [2554], [4544], [8140], [4340], [9915], [2555], [9415], [7001], [4208], [10020], [5598], [2290], [2170], [1760], [3198], [57492], [6520], [51317], [5293], [29072], [1644], [412], [9722], [55217], [23314], [1583], [6948], [1630], [9447], [6535], [2969], [3360], [170302], [6091], [1009], [407041], [386653], [3549], [6334], [2558], [2171]]
Pervasive developmental disorder:[[6532], [7157], [627], [8493], [4204], [351], [2571], [5021], [7428], [192343]]
Developmental disorder pervasive:[[6532], [7157], [627], [8493], [4204], [351], [2571], [5021], [7428], [192343]]
Pervasive developmental disorder (PDD):[[]]
Unspecified pervasive developmental disorder:[[7157], [351], [7428]]
Autistic spectrum disorder:[[6532], [2902], [3356], [7157], [288], [627], [4524], [3569], [7124], [6095], [27086], [7421], [2099], [4204], [2289], [3123], [2332], [5021], [207], [2903], [596], [26047], [4790], [93986], [2908], [51738], [3135], [3605], [5649], [4763], [3350], [5080], [7249], [6667], [85358], [5020], [6616], [6469], [7466], [2670], [139411], [7248], [6326], [551], [6716], [4129], [4914], [2571], [4306], [57680], [2566], [57526], [285195], [10020], [8140], [4155], [26278], [57502], [2020], [552], [6367], [1759], [3549], [4908], [6091], [3198], [54413], [79718], [7472], [2558], [10728], [3363], [11141], [80816], [1749], [6328], [1750], [83538], [8123], [349075]]
Autism Spectrum Disorders:[[5728], [26053], [4204], [4524], [627], [6134], [6532], [348], [7157], [1312], [22941], [7124], [4233], [2332], [2475], [7421], [7040], [5021], [9370], [775], [367], [26047], [351], [6622], [3952], [2697], [3717], [4893], [3123], [1636], [1813], [3135], [2099], [2944], [1977], [3356], [207], [6323], [3605], [4128], [5743], [6531], [1499], [121278], [596], [1815], [7015], [1008], [4790], [5444], [2952], [324], [3458], [3606], [2950], [3084], [5649], [57680], [110806262], [406928], [4763], [91752], [3350], [361], [6647], [57502], [27185], [2904], [1007], [6285], [2146], [2100], [3105], [85358], [4282], [9378], [406938], [1814], [2896], [1557], [288], [54413], [23314], [4627], [5071], [4843], [2521], [406947], [6326], [2068], [1139], [7337], [1950], [2247], [56729], [1788], [93986], [7249], [3240], [54715], [4803], [952], [2562], [6469], [1786], [7052], [783], [2670], [773], [551], [4010], [4306], [3667], [552], [7248], [5175], [847], [174], [3358], [3351], [2571], [4548], [1859], [4552], [3699], [27086], [5020], [267012], [1812], [2739], [2852], [23394], [1524], [2668], [9968], [6262], [7471], [57526], [285195], [6616], [2915], [8604], [5915], [4129], [6530], [4340], [2290], [2170], [1742], [6095], [2566], [4544], [1760], [2555], [5293], [3806], [4208], [3198], [2495], [9415], [8912], [386653], [4036], [2969], [170302], [1644], [79648], [79813], [1630], [412], [57492], [1270], [6334], [4952], [64581], [10716], [6091], [65217], [4543], [9722], [79718], [28514], [1106], [2917], [1610], [4908], [56853], [220], [7472], [5786], [54806], [3363], [152330], [814], [58508], [2558], [7204], [438], [23191], [5191]]
Disorder Autistic Spectrum:[[6532], [2902], [3356], [7157], [288], [627], [4524], [3569], [7124], [6095], [27086], [7421], [2099], [4204], [2289], [3123], [2332], [5021], [207], [2903], [596], [26047], [4790], [93986], [2908], [51738], [3135], [3605], [5649], [4763], [3350], [5080], [7249], [6667], [85358], [5020], [6616], [6469], [7466], [2670], [139411], [7248], [6326], [551], [6716], [4129], [4914], [2571], [4306], [57680], [2566], [57526], [285195], [10020], [8140], [4155], [26278], [57502], [2020], [552], [6367], [1759], [3549], [4908], [6091], [3198], [54413], [79718], [7472], [2558], [10728], [3363], [11141], [80816], [1749], [6328], [1750], [83538], [8123], [349075]]
Pervasive developmental disorder unspecified:[[7157], [351], [7428]]
Pervasive developmental disorders:[[7157], [627], [6532], [4204], [351], [2571], [5021], [7428], [192343]]
ASD:[[414], [6532], [4524], [5728], [627], [1636], [1312], [7421], [1499], [3135], [2475], [2944], [4233], [3605], [5021], [2950], [5444], [2952], [2908], [6647], [3690], [6648], [4204], [1815], [2332], [4128], [1571], [4763], [1545], [5080], [84868], [2243], [551], [7514], [2289], [2626], [1482], [121278], [7534], [952], [4803], [5617], [4548], [3358], [4306], [5649], [7337], [7042], [4552], [6573], [5308], [3351], [8660], [6335], [85358], [4192], [6616], [6649], [26047], [2296], [6326], [4129], [3759], [5618], [574411], [57142], [1742], [112476], [8085], [9378], [815], [64581], [70], [6948], [552], [407041], [8912], [1816], [921], [2915], [2562], [288], [4628], [10728], [120227], [5625], [57680], [3766], [1622], [2020], [79813], [54715], [3239], [2917], [1600], [783], [22803], [6853], [8604], [22807], [23191], [22941], [406895], [1809], [10999], [6570], [30008], [22871], [2743], [2556], [438], [54413], [6854], [321], [11141], [8605], [9037], [5013], [54862], [26999], [4723], [2861], [23126], [10787], [54751], [2557], [2055], [50944], [144165], [406896], [26610], [91624], [10590], [2563], [51412], [83943], [11000], [26470], [3237], [342618], [95681], [3238], [27151], [55879], [347735], [205428], [64409], [129684], [79742], [83538]]
Autistic Spectrum Disorders:[[627], [6532], [7157], [4524], [3569], [7124], [4204], [7421], [3123], [2332], [5021], [2099], [2903], [2908], [207], [27086], [4790], [3135], [596], [51738], [3605], [3356], [4763], [3350], [5649], [2100], [5080], [1589], [3105], [288], [2289], [6667], [7249], [7466], [6716], [6469], [26047], [93986], [85358], [7248], [4306], [2670], [6326], [551], [4914], [2902], [5020], [6616], [2571], [57526], [4129], [552], [2566], [6095], [57680], [3806], [57502], [6091], [4908], [79718], [3198], [8604], [3363], [7472], [54413], [2558], [4885], [285195], [93664], [9379], [114788]]
Autism spectrum disorders:[[5728], [26053], [4204], [4524], [627], [6134], [6532], [348], [7157], [1312], [22941], [7124], [4233], [2332], [2475], [7421], [7040], [5021], [9370], [775], [367], [26047], [351], [6622], [3952], [2697], [3717], [4893], [3123], [1636], [1813], [3135], [2099], [2944], [1977], [3356], [207], [6323], [3605], [4128], [5743], [6531], [1499], [121278], [596], [1815], [7015], [1008], [4790], [5444], [2952], [324], [3458], [3606], [2950], [3084], [5649], [57680], [110806262], [406928], [4763], [91752], [3350], [361], [6647], [57502], [27185], [2904], [1007], [6285], [2146], [2100], [3105], [85358], [4282], [9378], [406938], [1814], [2896], [1557], [288], [54413], [23314], [4627], [5071], [4843], [2521], [406947], [6326], [2068], [1139], [7337], [1950], [2247], [56729], [1788], [93986], [7249], [3240], [54715], [4803], [952], [2562], [6469], [1786], [7052], [783], [2670], [773], [551], [4010], [4306], [3667], [552], [7248], [5175], [847], [174], [3358], [3351], [2571], [4548], [1859], [4552], [3699], [27086], [5020], [267012], [1812], [2739], [2852], [23394], [1524], [2668], [9968], [6262], [7471], [57526], [285195], [6616], [2915], [8604], [5915], [4129], [6530], [4340], [2290], [2170], [1742], [6095], [2566], [4544], [1760], [2555], [5293], [3806], [4208], [3198], [2495], [9415], [8912], [386653], [4036], [2969], [170302], [1644], [79648], [79813], [1630], [412], [57492], [1270], [6334], [4952], [64581], [10716], [6091], [65217], [4543], [9722], [79718], [28514], [1106], [2917], [1610], [4908], [56853], [220], [7472], [5786], [54806], [3363], [152330], [814], [58508], [2558], [7204], [438], [23191], [5191]]
Autism spectrum disorder:[[26053], [267012], [6532], [775], [5728], [6134], [1312], [3356], [22941], [121278], [4204], [4524], [1636], [627], [7157], [288], [26047], [348], [4893], [1815], [4233], [7421], [7124], [3690], [6095], [2904], [139411], [2332], [5021], [7040], [2099], [351], [2475], [116442], [9370], [2944], [6622], [3952], [2917], [3717], [207], [3123], [54715], [4803], [367], [1813], [2952], [93986], [3458], [596], [57680], [6647], [5649], [3084], [3135], [3605], [2668], [4128], [6531], [2950], [4790], [5743], [1499], [1008], [6323], [7015], [5071], [324], [361], [4763], [110806262], [57502], [85358], [1557], [1814], [5444], [3350], [2915], [27185], [285195], [2896], [3606], [27086], [5053], [3603], [54413], [1139], [4843], [1742], [4282], [6285], [406938], [406947], [5020], [2697], [2247], [1786], [6326], [2068], [1523], [7249], [1812], [50863], [1950], [56729], [952], [2521], [1788], [28514], [6530], [3351], [2670], [6616], [4627], [2562], [6469], [91752], [3358], [4010], [3667], [7337], [9378], [551], [2571], [7204], [7052], [7248], [1544], [6403], [100124700], [6573], [1859], [4035], [6505], [4129], [2020], [2739], [847], [84868], [773], [4552], [3699], [5175], [4306], [7471], [5191], [552], [2569], [27178], [4548], [6262], [22871], [23394], [1524], [57526], [2566], [7518], [23705], [6804], [2554], [4544], [8140], [4340], [9915], [2555], [9415], [7001], [4208], [10020], [5598], [2290], [2170], [1760], [3198], [57492], [6520], [51317], [5293], [29072], [1644], [412], [9722], [55217], [23314], [1583], [6948], [1630], [9447], [6535], [2969], [3360], [170302], [6091], [1009], [407041], [386653], [3549], [6334], [2558], [2171]]
Pervasive Development Disorders:[[]]
AUTISM SPECTRUM DISORDER:[[26053], [267012], [6532], [775], [5728], [6134], [1312], [3356], [22941], [121278], [4204], [4524], [1636], [627], [7157], [288], [26047], [348], [4893], [1815], [4233], [7421], [7124], [3690], [6095], [2904], [139411], [2332], [5021], [7040], [2099], [351], [2475], [116442], [9370], [2944], [6622], [3952], [2917], [3717], [207], [3123], [54715], [4803], [367], [1813], [2952], [93986], [3458], [596], [57680], [6647], [5649], [3084], [3135], [3605], [2668], [4128], [6531], [2950], [4790], [5743], [1499], [1008], [6323], [7015], [5071], [324], [361], [4763], [110806262], [57502], [85358], [1557], [1814], [5444], [3350], [2915], [27185], [285195], [2896], [3606], [27086], [5053], [3603], [54413], [1139], [4843], [1742], [4282], [6285], [406938], [406947], [5020], [2697], [2247], [1786], [6326], [2068], [1523], [7249], [1812], [50863], [1950], [56729], [952], [2521], [1788], [28514], [6530], [3351], [2670], [6616], [4627], [2562], [6469], [91752], [3358], [4010], [3667], [7337], [9378], [551], [2571], [7204], [7052], [7248], [1544], [6403], [100124700], [6573], [1859], [4035], [6505], [4129], [2020], [2739], [847], [84868], [773], [4552], [3699], [5175], [4306], [7471], [5191], [552], [2569], [27178], [4548], [6262], [22871], [23394], [1524], [57526], [2566], [7518], [23705], [6804], [2554], [4544], [8140], [4340], [9915], [2555], [9415], [7001], [4208], [10020], [5598], [2290], [2170], [1760], [3198], [57492], [6520], [51317], [5293], [29072], [1644], [412], [9722], [55217], [23314], [1583], [6948], [1630], [9447], [6535], [2969], [3360], [170302], [6091], [1009], [407041], [386653], [3549], [6334], [2558], [2171]]
