Syndromes Canale-Smith:[[]]
ALPS:[[3586], [355], [356], [406938], [7128], [5551], [84557], [825], [843]]
Syndromes Autoimmune Lymphoproliferative:[[1493], [355], [6774], [7157], [7124], [3106], [3845], [7040], [4893], [3569], [3586], [29126], [4790], [4879], [2475], [5133], [5243], [3458], [406991], [3627], [4609], [4282], [406938], [3559], [959], [406947], [54790], [811], [4615], [1786], [7297], [3718], [5293], [3604]]
Autoimmune lymphoproliferative syndrome [ALPS]:[[356], [355], [1493], [841], [5580], [6774], [3586], [3845], [2475], [843], [406991], [4893], [406938], [7076], [331], [7128], [10018], [3716], [8772], [5551], [201294], [10125], [987], [6947]]
Canale-Smith syndrome:[[]]
Autoimmune Lymphoproliferative Syndrome Type I Autosomal Dominant:[[356], [6774], [7157], [1786], [3106], [2475], [7124], [7040], [64127], [3458], [4790], [10320], [6696], [3718], [1482], [3716], [5551], [4345]]
Syndrome Canale Smith:[[]]
Syndrome Autoimmune Lymphoproliferative:[[356], [3845], [7157], [1493], [355], [331], [6774], [4893], [841], [811], [5580], [843], [64127], [7128], [3106], [2475], [7124], [3569], [7040], [3586], [959], [5133], [4790], [29126], [5243], [3458], [406991], [54790], [6696], [3627], [3105], [10320], [3606], [10673], [4282], [4879], [406938], [4609], [3559], [406947], [7076], [1482], [5970], [3596], [4615], [9021], [1191], [1786], [8651], [3716], [3002], [10018], [4283], [10563], [3718], [952], [8772], [5293], [6366], [7297], [5551], [3676], [6361], [4345], [4791], [1380], [4486], [6367], [201294], [1233], [115650], [3497], [987], [10125], [6947]]
Autoimmune lymphoproliferative syndrome:[[356], [3845], [7157], [1493], [355], [331], [6774], [4893], [841], [811], [5580], [843], [64127], [7128], [3106], [2475], [7124], [3569], [7040], [3586], [959], [5133], [4790], [29126], [5243], [3458], [406991], [54790], [6696], [3627], [3105], [10320], [3606], [10673], [4282], [4879], [406938], [4609], [3559], [406947], [7076], [1482], [5970], [3596], [4615], [9021], [1191], [1786], [8651], [3716], [3002], [10018], [4283], [10563], [3718], [952], [8772], [5293], [6366], [7297], [5551], [3676], [6361], [4345], [4791], [1380], [4486], [6367], [201294], [1233], [115650], [3497], [987], [10125], [6947]]
CANALE-SMITH SYNDROME:[[]]
AUTOIMMUNE LYMPHOPROLIFERATIVE SYNDROME TYPE I AUTOSOMAL DOMINANT:[[356], [6774], [7157], [1786], [3106], [2475], [7124], [7040], [64127], [3458], [4790], [10320], [6696], [3718], [1482], [3716], [5551], [4345]]
AUTOIMMUNE LYMPHOPROLIFERATIVE SYNDROME:[[356], [3845], [7157], [1493], [355], [331], [6774], [4893], [841], [811], [5580], [843], [64127], [7128], [3106], [2475], [7124], [3569], [7040], [3586], [959], [5133], [4790], [29126], [5243], [3458], [406991], [54790], [6696], [3627], [3105], [10320], [3606], [10673], [4282], [4879], [406938], [4609], [3559], [406947], [7076], [1482], [5970], [3596], [4615], [9021], [1191], [1786], [8651], [3716], [3002], [10018], [4283], [10563], [3718], [952], [8772], [5293], [6366], [7297], [5551], [3676], [6361], [4345], [4791], [1380], [4486], [6367], [201294], [1233], [115650], [3497], [987], [10125], [6947]]
Syndrome Canale-Smith:[[]]
