Backache:[[]]
Back ache:[[]]
Backaches:[[]]
Backache unspecified:[[7157], [1956], [2099], [7422], [351], [207], [348], [6774], [4193], [7040], [7124], [4790], [672], [1026], [1029], [2064], [5925], [1432], [3091], [5468], [1499], [3725], [367], [836], [6714], [2033], [5743], [5594], [595], [673], [7421], [5599], [5879], [4089], [387], [596], [4088], [7015], [2260], [1387], [4609], [675], [999], [1017], [5595], [3791], [7852], [4233], [472], [998], [867], [2885], [5894], [598], [1813], [3064], [7046], [2908], [5058], [4087], [5970], [2147], [960], [355], [2100], [6387], [5159], [142], [2308], [7189], [983], [2932], [7048], [1027], [3065], [6772], [3688], [581], [64127], [5621], [5111], [114548], [3558], [5295], [1019], [27185], [25], [3265], [4792], [324], [8743], [7428], [3350], [4170], [3320], [2335], [5241], [841], [5578], [7161], [2321], [652], [2332], [2353], [331], [4869], [5347], [3643], [7329], [7132], [5335], [5888], [3084], [5781], [4436], [1950], [7341], [8837], [1111], [6464], [1457], [7128], [8651], [613], [5329], [5580], [11200], [3315], [1785], [5170], [2316], [1385], [1268], [8841], [834], [6850], [6500], [5610], [3559], [3932], [5566], [8202], [3667], [7424], [1021], [4297], [5590], [811], [5300], [2534], [4893], [5371], [7186], [3551], [7430], [5315], [285], [1147], [5581], [7133], [7273], [6868], [7253], [6597], [3190], [2002], [891], [5037], [801], [7249], [1814], [10018], [558], [3014], [3312], [898], [6256], [55294], [1386], [3659], [1051], [1977], [8829], [6502], [4804], [2149], [8517], [775], [5579], [5467], [7295], [4690], [3566], [10399], [7514], [4286], [4155], [7068], [4803], [4599]]
Pain Back:[[4914], [3569], [7124], [3586], [1312], [3553], [6532], [348], [6347], [2099], [3576], [7040], [7099], [3106], [1636], [1565], [5594], [154], [3952], [5468], [3458], [4137], [5595], [1268], [6647], [3552], [7442], [7097], [23411], [3606], [7132], [114548], [1910], [4312], [4314], [2335], [2321], [729230], [3375], [23621], [2260], [2896], [9518], [842], [1269], [3303], [6678], [773], [7494], [834], [2081], [1909], [3662], [176], [8200], [972], [1082], [4916], [9507], [288], [11096], [4886], [6660], [27430], [55799]]
Back Ache:[[]]
Pains Back:[[3688]]
Back pain:[[7124], [3569], [3553], [2099], [1636], [1312], [3576], [7099], [3106], [6347], [7097], [23411], [1565], [3606], [4312], [3552], [114548], [2335], [4314], [7132], [9518], [7442], [842], [6678], [1269], [834], [176], [1082], [8200], [9507], [11096], [6660], [55799]]
Backache NOS:[[4843], [4842], [4846], [1956], [7422], [3091], [351], [2099], [6774], [5243], [5743], [1499], [6622], [3479], [29126], [3458], [339345], [154], [23411], [6648], [3162], [355], [6714], [857], [6667], [1027], [1559], [8743], [3791], [3757], [3320], [1756], [56729], [796], [5295], [4792], [4035], [801], [1509], [111365141], [383], [3753], [23569], [823], [953], [5592], [6097], [9722], [384], [23564], [79924], [6541], [2982], [11184], [406963], [7270], [2983], [2232], [2977], [340719]]
Dorsalgia:[[]]
Pain in back:[[4914], [3569], [7124], [3586], [1312], [3553], [6532], [348], [6347], [2099], [3576], [7040], [7099], [3106], [1636], [1565], [5594], [154], [3952], [5468], [3458], [4137], [5595], [1268], [6647], [3552], [7442], [7097], [23411], [3606], [7132], [114548], [1910], [4312], [4314], [2335], [2321], [729230], [3375], [23621], [2260], [2896], [9518], [842], [1269], [3303], [6678], [773], [7494], [834], [2081], [1909], [3662], [176], [8200], [972], [1082], [4916], [9507], [288], [11096], [4886], [6660], [27430], [55799]]
Back pain NOS:[[2099], [23411]]
Dorsalgia unspecified:[[7157], [1956], [2099], [7422], [351], [207], [348], [6774], [4193], [7040], [7124], [4790], [672], [1026], [1029], [2064], [5925], [1432], [3091], [5468], [1499], [3725], [367], [836], [6714], [2033], [5743], [5594], [595], [673], [7421], [5599], [5879], [4089], [387], [596], [4088], [7015], [2260], [1387], [4609], [675], [999], [1017], [5595], [3791], [7852], [4233], [472], [998], [867], [2885], [5894], [598], [1813], [3064], [7046], [2908], [5058], [4087], [5970], [2147], [960], [355], [2100], [6387], [5159], [142], [2308], [7189], [983], [2932], [7048], [1027], [3065], [6772], [3688], [581], [64127], [5621], [5111], [114548], [3558], [5295], [1019], [27185], [25], [3265], [4792], [324], [8743], [7428], [3350], [4170], [3320], [2335], [5241], [841], [5578], [7161], [2321], [652], [2332], [2353], [331], [4869], [5347], [3643], [7329], [7132], [5335], [5888], [3084], [5781], [4436], [1950], [7341], [8837], [1111], [6464], [1457], [7128], [8651], [613], [5329], [5580], [11200], [3315], [1785], [5170], [2316], [1385], [1268], [8841], [834], [6850], [6500], [5610], [3559], [3932], [5566], [8202], [3667], [7424], [1021], [4297], [5590], [811], [5300], [2534], [4893], [5371], [7186], [3551], [7430], [5315], [285], [1147], [5581], [7133], [7273], [6868], [7253], [6597], [3190], [2002], [891], [5037], [801], [7249], [1814], [10018], [558], [3014], [3312], [898], [6256], [55294], [1386], [3659], [1051], [1977], [8829], [6502], [4804], [2149], [8517], [775], [5579], [5467], [7295], [4690], [3566], [10399], [7514], [4286], [4155], [7068], [4803], [4599]]
Back Aches:[[]]
