DANUBIAN ENDEMIC FAMILIAL NEPHROPATHY:[[3123], [7157], [999], [7124], [7040], [3569], [1636], [3105], [3586], [1029], [5243], [567], [5743], [3458], [3106], [1499], [2944], [6648], [7097], [3565], [948], [7057], [81494], [2876]]
NEPHROPATHIA EPIDEMICA:[[4879]]
Balkan nephropathy:[[]]
BALKAN ENDEMIC NEPHROPATHY:[[7157], [7040], [5243], [3123], [3106], [999], [2944], [2952], [3105], [6648], [567], [2876], [2938], [3339], [259], [1990], [8645]]
Nephropathy Balkan:[[3123], [3105], [7040], [7157], [2944], [5243], [999], [6648], [2952], [3106], [567], [2876], [2938], [3339], [259], [1990], [8645]]
DEFN:[[]]
BEN:[[9569], [112939], [54971], [57673], [222389], [139105], [79656], [138151], [389206], [1565], [221336], [6648], [1576], [1577], [1994], [650623], [100419793], [644459], [392368], [100862682], [2876], [7334], [8313], [54821], [55770], [27005], [11176], [259289]]
Nephropathy Balkan Endemic:[[3123], [7157], [3105], [7040], [2944], [5243], [3106], [999], [6648], [2952], [567], [2876], [2938], [3339], [259], [1990], [8645]]
Balkan endemic nephropathy:[[7157], [7040], [5243], [3123], [3106], [999], [2944], [2952], [3105], [6648], [567], [2876], [2938], [3339], [259], [1990], [8645]]
Danubian Endemic Familial Nephropathy:[[3123], [7157], [999], [7124], [7040], [3569], [1636], [3105], [3586], [1029], [5243], [567], [5743], [3458], [3106], [1499], [2944], [6648], [7097], [3565], [948], [7057], [81494], [2876]]
