Basal cell carcinoma syndrome:[[7157], [2074], [1029], [5728], [8626], [4292], [1540], [7291], [4436], [6663], [6513], [26585], [6774], [7015], [2475], [675], [999], [1910], [2146], [355], [50943], [1906], [5727], [1956], [2068], [3569], [7422], [7124], [6469], [7040], [4524], [4613], [5156], [10413], [5743], [3586], [7421], [4318], [2625], [841], [1636], [6899], [51684], [4157], [6608], [6657], [1499], [652], [3576], [7852], [4323], [4313], [3091], [59], [406991], [6387], [7053], [5133], [6591], [1030], [4582], [2950], [2736], [29126], [596], [332], [3356], [3480], [3815], [3861], [3558], [1890], [2735], [3725], [6714], [8314], [406937], [3290], [6352], [4087], [4170], [5443], [5578], [648], [1113], [1490], [650], [6868], [598], [4684], [2876], [51284], [6662], [2312], [3685], [2272], [7517], [2833], [10381], [8837], [8038], [1909], [102], [3485], [7507], [7471], [3491], [406935], [3611], [51311], [8643], [3911], [7299], [8797], [2191], [10642], [407975], [3549], [6855], [56998], [6693], [1627], [4694], [192343]]
NEVOID BASAL CELL CARCINOMA SYNDROME:[[332], [5727], [6608], [56998], [51684], [8643]]
Multiple Basal Cell Nevi Odontogenic Keratocysts and Skeletal Anomalies:[[2263], [29126]]
GORLIN-GOLTZ SYNDROME:[[794]]
GORLIN SYNDROME:[[5727], [51684], [6469], [216], [2735], [6608], [990], [8643], [3549], [51053], [4174], [81620], [8318], [64840], [4998], [23594], [5000], [7484], [29980], [91653]]
Nevus Syndrome Basal Cell:[[1029], [3815], [999], [595], [3845], [1499], [5290], [5594], [7010], [673], [2706], [5727], [1030], [4157], [7430], [177], [8314], [2776], [3014], [4830], [7517], [10643], [6612]]
BCNS - Basal cell naevus syndrome:[[]]
BASAL CELL NEVUS SYNDROME:[[5727], [6612]]
Fifth Phacomatoses:[[7157], [54738], [1401], [1029], [1499], [4846], [1080], [2153], [3479], [4915], [1234], [6647], [4233], [2157], [3815], [7273], [5621], [1906], [7056], [8291], [7428], [4916], [4914], [3309], [11093], [350], [1356], [7253], [5159], [5428], [6453], [6288], [3987], [200576], [1910], [1272], [1137], [9381], [152330], [4680], [2030], [6092], [26509], [4647], [2618], [9656], [5289], [5817], [11073], [6188], [50618], [57192], [9843], [7026], [5305], [1141], [6900], [7343], [6125], [23396], [8553], [1497], [57526], [1690], [2700], [5434], [10016], [778], [2186], [51119], [55679], [4685], [9644], [6130], [1371], [7025], [9698], [22992], [84678], [79365], [8396], [6207], [7991], [6202], [23369], [53942], [23521], [6289], [27255], [152503], [55243], [84623], [5993], [9665], [55247], [2121], [57121], [79837], [10654], [116985], [54757], [128869], [29982], [553115], [79896], [90342], [440138], [654463], [84520], [100288695], [109648316]]
Basal cell nevus syndrome:[[5727], [6612]]
Naevoid basal cell carcinoma syndrome:[[5727]]
Fifth Phacomatosis:[[]]
Gorlin's syndrome:[[3757], [1280], [114548], [3753], [2074], [7157], [348], [1281], [51085], [546], [80184], [7466], [3845], [673], [8481], [5728], [8195], [7486], [641], [2706], [2317], [4292], [91147], [8626], [1540], [4000], [54658], [1161], [7490], [2033], [6331], [4023], [1071], [5781], [4436], [2263], [3643], [7291], [3784], [2261], [2260], [582], [10806], [8085], [10083], [367], [4683], [207], [84062], [3123], [7468], [4647], [4952], [2200], [1029], [7399], [4810], [201163], [2969], [10804], [6949], [7227], [2492], [775], [7840], [2316], [5428], [3730], [5080], [585], [1278], [54487], [5604], [55612], [2121], [811], [5290], [132884], [4281], [116442], [84100], [2812], [5077], [64127], [79068], [6663], [783], [338], [57167], [1130], [9968], [2332], [1277], [3990], [10743], [7456], [19], [2122], [3265], [6737], [84059], [6741], [3481], [6513], [4089], [23111], [2646], [356], [1285], [1387], [26585], [8976], [7504], [1827], [331], [23405], [9401], [65217], [4893], [672], [4692], [9569], [5894], [4277], [6774], [3117], [1401], [1788], [7401], [7128], [3570], [545], [10163], [583], [10682], [124590], [129880], [54808], [27241], [2138], [79738], [4137], [2475], [60], [3897], [5159], [1364], [8091], [5885], [79803], [2811], [2956], [9993], [5460], [4286], [675], [3717], [8220], [80144], [80025], [999], [3973], [79621], [4193], [64135], [1145], [55212], [2645], [27031], [4851], [1493], [10535], [2131], [1910], [7122], [9031], [4853], [1134], [2146], [100188856], [355], [50943], [105259599], [2153], [9652], [10908], [3664], [7020], [8214], [5308], [10062], [8517], [5076], [27019], [5189], [5395], [1287], [1906], [25825], [3759]]
NBCCS:[[5727], [6678], [891], [8643]]
BCNS:[[5727]]
Syndrome Gorlin-Goltz:[[794]]
NBCCS - Nevoid basal cell carcinoma syndrome:[[5727], [8643]]
Syndrome Gorlin:[[5727], [51684], [6469], [990], [51053], [4174], [81620], [8318], [6608], [4998], [23594], [5000], [8643], [2735], [64840], [216], [29980], [794], [3549], [7484], [91653]]
Gorlin Goltz Syndrome:[[794], [64840]]
Basal cell naevus syndrome:[[2263], [4790], [4157], [8314]]
BCNS - Basal cell nevus syndrome:[[5727]]
Gorlin-Goltz syndrome:[[794]]
NBCCS - Naevoid basal cell carcinoma syndrome:[[5727]]
Nevoid Basal Cell Carcinoma Syndrome:[[332], [5727], [6608], [56998], [51684], [8643]]
Gorlin syndrome:[[5727], [51684], [6469], [216], [2735], [6608], [990], [8643], [3549], [51053], [4174], [81620], [8318], [64840], [4998], [23594], [5000], [7484], [29980], [91653]]
MULTIPLE BASAL CELL NEVI ODONTOGENIC KERATOCYSTS AND SKELETAL ANOMALIES:[[2263], [29126]]
Nevoid basal cell carcinoma syndrome:[[332], [5727], [6608], [56998], [51684], [8643]]
