WIEDEMANN-BECKWITH SYNDROME:[[]]
Wiedemann-Beckwith syndrome:[[]]
Wiedemann-Beckwith Syndromes (WBS):[[1028]]
EMG Syndromes:[[]]
Wiedemann Beckwith Syndrome (WBS):[[]]
BECKWITH-WIEDEMANN SYNDROME:[[3481], [3784], [1028], [105259599], [7262], [10984], [5002], [7040], [5003], [283120], [1786], [6786], [174], [3767], [10664], [64324], [5325], [6712], [4676], [346171], [833], [29850], [7762], [10077], [7761], [7260], [10078]]
EMG SYNDROME:[[]]
Beckwith-Wiedemann syndrome:[[3481], [3784], [1028], [105259599], [7262], [10984], [5002], [7040], [5003], [283120], [1786], [6786], [174], [3767], [10664], [64324], [5325], [6712], [4676], [346171], [833], [29850], [7762], [10077], [7761], [7260], [10078]]
Syndrome EMG:[[]]
Wiedemann Syndromes:[[4297], [3784], [7040], [1028], [10984], [4000], [1786], [6786], [64324], [11128], [5831]]
Wiedemann-Beckwith Syndrome (WBS):[[]]
Wiedemann Beckwith Syndrome:[[]]
Exomphalos-macroglossia-gigantism syndrome:[[]]
Syndrome Exomphalos-Macroglossia-Gigantism:[[]]
WBS:[[2006], [1028], [2969], [9569], [106029313], [106029312], [106029311], [6513], [7038], [6528], [114049], [64409]]
Wiedemann-Beckwith Syndrome:[[]]
Syndrome Beckwith-Wiedemann:[[3784], [3481], [105259599], [1028], [7262], [5002], [10984], [5003], [7040], [6786], [283120], [64324], [3767], [1786], [174], [10664], [833], [5325], [6712], [346171], [4676], [29850], [7762], [7761], [10077], [7260], [10078]]
Wiedemann Syndrome:[[3784], [7262], [4000], [3481], [5002], [105259599], [4297], [5003], [1028], [10984], [7040], [6786], [3977], [64324], [283120], [3767], [1786], [174], [10664], [11128], [55617], [833], [5325], [5831], [6712], [346171], [4676], [29850], [7762], [10077], [7761], [7260], [10078]]
Exomphalos Macroglossia Gigantism Syndrome:[[]]
Exomphalos-Macroglossia-Gigantism Syndromes:[[]]
Beckwith's syndrome:[[3757], [1280], [114548], [3753], [2074], [7157], [348], [1281], [51085], [546], [80184], [7466], [3845], [673], [8481], [5728], [8195], [7486], [641], [2706], [2317], [4292], [91147], [8626], [1540], [4000], [54658], [1161], [7490], [2033], [6331], [4023], [1071], [5781], [4436], [2263], [3643], [7291], [3784], [2261], [2260], [582], [10806], [8085], [10083], [367], [4683], [207], [84062], [3123], [7468], [4647], [4952], [2200], [1029], [7399], [4810], [201163], [2969], [10804], [6949], [7227], [2492], [775], [7840], [2316], [5428], [3730], [5080], [585], [1278], [54487], [5604], [55612], [2121], [811], [5290], [132884], [4281], [116442], [84100], [2812], [5077], [64127], [79068], [6663], [783], [338], [57167], [1130], [9968], [2332], [1277], [3990], [10743], [7456], [19], [2122], [3265], [6737], [84059], [6741], [3481], [6513], [4089], [23111], [2646], [356], [1285], [1387], [26585], [8976], [7504], [1827], [331], [23405], [9401], [65217], [4893], [672], [4692], [9569], [5894], [4277], [6774], [3117], [1401], [1788], [7401], [7128], [3570], [545], [10163], [583], [10682], [124590], [129880], [54808], [27241], [2138], [79738], [4137], [2475], [60], [3897], [5159], [1364], [8091], [5885], [79803], [2811], [2956], [9993], [5460], [4286], [675], [3717], [8220], [80144], [80025], [999], [3973], [79621], [4193], [64135], [1145], [55212], [2645], [27031], [4851], [1493], [10535], [2131], [1910], [7122], [9031], [4853], [1134], [2146], [100188856], [355], [50943], [105259599], [2153], [9652], [10908], [3664], [7020], [8214], [5308], [10062], [8517], [5076], [27019], [5189], [5395], [1287], [1906], [25825], [3759]]
EXOMPHALOS-MACROGLOSSIA-GIGANTISM SYNDROME:[[]]
BWS:[[283120], [1028], [105259599], [2332], [3481], [3784], [1786], [174], [10984], [6711]]
