Adamantiades-Behcet Disease:[[3593]]
Behcet's Disease:[[1493], [64127], [3586], [6774], [3123], [3717], [6347], [7422], [3569], [3106], [3558], [26191], [356], [958], [3593], [149233], [7124], [1234], [8651], [51752], [3383], [6775], [246778], [3659], [100507436], [4524], [1636], [7040], [1235], [2524], [7292], [7421], [1232], [4318], [5966], [5771], [4846], [7128], [3084], [1230], [100499483], [4790], [5243], [3595], [3458], [3105], [3133], [60468], [2153], [3565], [10544], [3663], [3135], [3178], [3162], [4851], [3146], [5970], [1543], [3181], [3557], [114548], [57653], [2321], [8807], [84162], [3315], [5027], [3553], [4598], [7099], [144811], [3576], [50616], [3605], [5617], [3952], [2944], [596], [2952], [2113], [4210], [3606], [2919], [5444], [7097], [2147], [6295], [6556], [2950], [50943], [51311], [1557], [6696], [5588], [4153], [5133], [3683], [4282], [90865], [581], [3627], [7132], [54106], [6097], [3552], [56729], [3394], [3320], [406947], [5329], [115352], [718], [10135], [4792], [1490], [10673], [6280], [3308], [7133], [57817], [9021], [3600], [3689], [3601], [79001], [51561], [4087], [3375], [6279], [4973], [6376], [54210], [7056], [252995], [199], [284], [2833], [3716], [3002], [27178], [1673], [350], [1361], [2023], [5627], [3654], [1672], [112744], [55801], [727], [8517], [9235], [101928376], [6402], [1003], [406973], [923], [6404], [8741], [9475], [3811], [58191], [574501], [3578], [7448], [7498], [6737], [728], [3959], [3687], [51135], [114609], [10911], [5184], [3813], [3560], [374], [406958], [8858], [3594], [387082], [7049], [3821], [104], [7294], [8302], [151888], [406961], [24145], [337867], [10963], [47], [79661], [719], [7423], [9169], [608], [7188], [254827]]
Old Silk Route Disease:[[7422], [2706]]
Behcet's syndrome:[[7124], [3586], [3106], [50943], [114548], [3627], [6280], [6279], [24145], [47], [6576], [160364]]
Triple Symptom Complex:[[]]
BEHCET SYNDROME:[[3586], [51284], [51752]]
Behcet's Syndrome:[[7124], [3586], [3106], [50943], [114548], [3627], [6280], [6279], [24145], [47], [6576], [160364]]
Behçet's disease:[[1493], [64127], [3586], [6774], [3123], [3717], [6347], [7422], [3569], [3106], [3558], [26191], [356], [958], [3593], [149233], [7124], [1234], [8651], [51752], [3383], [6775], [246778], [3659], [100507436], [4524], [1636], [7040], [1235], [2524], [7292], [7421], [1232], [4318], [5966], [5771], [4846], [7128], [3084], [1230], [100499483], [4790], [5243], [3595], [3458], [3105], [3133], [60468], [2153], [3565], [10544], [3663], [3135], [3178], [3162], [4851], [3146], [5970], [1543], [3181], [3557], [114548], [57653], [2321], [8807], [84162], [3315], [5027], [3553], [4598], [7099], [144811], [3576], [50616], [3605], [5617], [3952], [2944], [596], [2952], [2113], [4210], [3606], [2919], [5444], [7097], [2147], [6295], [6556], [2950], [50943], [51311], [1557], [6696], [5588], [4153], [5133], [3683], [4282], [90865], [581], [3627], [7132], [54106], [6097], [3552], [56729], [3394], [3320], [406947], [5329], [115352], [718], [10135], [4792], [1490], [10673], [6280], [3308], [7133], [57817], [9021], [3600], [3689], [3601], [79001], [51561], [4087], [3375], [6279], [4973], [6376], [54210], [7056], [252995], [199], [284], [2833], [3716], [3002], [27178], [1673], [350], [1361], [2023], [5627], [3654], [1672], [112744], [55801], [727], [8517], [9235], [101928376], [6402], [1003], [406973], [923], [6404], [8741], [9475], [3811], [58191], [574501], [3578], [7448], [7498], [6737], [728], [3959], [3687], [51135], [114609], [10911], [5184], [3813], [3560], [374], [406958], [8858], [3594], [387082], [7049], [3821], [104], [7294], [8302], [151888], [406961], [24145], [337867], [10963], [47], [79661], [719], [7423], [9169], [608], [7188], [254827]]
Triple-Symptom Complex:[[]]
Behcet Disease:[[7124], [3569], [4524], [4318], [3106], [1636], [3586], [4790], [7421], [7099], [4846], [3605], [3458], [4313], [7097], [2147], [1493], [5444], [1234], [3105], [2153], [7450], [3690], [6648], [406938], [4843], [406947], [90865], [959], [958], [4210], [100507436], [3593], [149233], [3600], [7128], [59067], [3592], [84868], [22914], [3673], [4803], [7056], [85480], [51561], [1361], [406973], [10392], [51752], [721], [3578], [3428], [720], [5771], [1667], [1717], [8858], [3601], [1668], [9150], [548594], [5157]]
Triple Symptom Complices:[[2099], [7157], [7422], [3569], [7040], [2064], [1029], [7124], [9370], [3586], [4524], [3717], [3553], [1401], [4313], [4137], [4846], [5054], [6347], [3605], [282617], [6352], [407040], [6513], [4282], [5663], [4763], [2260], [2066], [2316], [5777], [350], [406992], [1293], [93986], [406941], [114905]]
Behçet Disease:[[7124], [3569], [4524], [4318], [3106], [1636], [3586], [4790], [7421], [7099], [4846], [3605], [3458], [4313], [7097], [2147], [1493], [5444], [1234], [3105], [2153], [7450], [3690], [6648], [406938], [4843], [406947], [90865], [959], [958], [4210], [100507436], [3593], [149233], [3600], [7128], [59067], [3592], [84868], [22914], [3673], [4803], [7056], [85480], [51561], [1361], [406973], [10392], [51752], [721], [3578], [3428], [720], [5771], [1667], [1717], [8858], [3601], [1668], [9150], [548594], [5157]]
Behcet syndrome:[[3586], [51284], [51752]]
Behcet Triple Symptom Complex:[[]]
Adamantiades-Behcet Diseases:[[3593]]
BEHCET DISEASE:[[7124], [3569], [4524], [4318], [3106], [1636], [3586], [4790], [7421], [7099], [4846], [3605], [3458], [4313], [7097], [2147], [1493], [5444], [1234], [3105], [2153], [7450], [3690], [6648], [406938], [4843], [406947], [90865], [959], [958], [4210], [100507436], [3593], [149233], [3600], [7128], [59067], [3592], [84868], [22914], [3673], [4803], [7056], [85480], [51561], [1361], [406973], [10392], [51752], [721], [3578], [3428], [720], [5771], [1667], [1717], [8858], [3601], [1668], [9150], [548594], [5157]]
Adamantiades Behcet Disease:[[3593]]
Behcet's disease:[[1493], [64127], [3586], [6774], [3123], [3717], [6347], [7422], [3569], [3106], [3558], [26191], [356], [958], [3593], [149233], [7124], [1234], [8651], [51752], [3383], [6775], [246778], [3659], [100507436], [4524], [1636], [7040], [1235], [2524], [7292], [7421], [1232], [4318], [5966], [5771], [4846], [7128], [3084], [1230], [100499483], [4790], [5243], [3595], [3458], [3105], [3133], [60468], [2153], [3565], [10544], [3663], [3135], [3178], [3162], [4851], [3146], [5970], [1543], [3181], [3557], [114548], [57653], [2321], [8807], [84162], [3315], [5027], [3553], [4598], [7099], [144811], [3576], [50616], [3605], [5617], [3952], [2944], [596], [2952], [2113], [4210], [3606], [2919], [5444], [7097], [2147], [6295], [6556], [2950], [50943], [51311], [1557], [6696], [5588], [4153], [5133], [3683], [4282], [90865], [581], [3627], [7132], [54106], [6097], [3552], [56729], [3394], [3320], [406947], [5329], [115352], [718], [10135], [4792], [1490], [10673], [6280], [3308], [7133], [57817], [9021], [3600], [3689], [3601], [79001], [51561], [4087], [3375], [6279], [4973], [6376], [54210], [7056], [252995], [199], [284], [2833], [3716], [3002], [27178], [1673], [350], [1361], [2023], [5627], [3654], [1672], [112744], [55801], [727], [8517], [9235], [101928376], [6402], [1003], [406973], [923], [6404], [8741], [9475], [3811], [58191], [574501], [3578], [7448], [7498], [6737], [728], [3959], [3687], [51135], [114609], [10911], [5184], [3813], [3560], [374], [406958], [8858], [3594], [387082], [7049], [3821], [104], [7294], [8302], [151888], [406961], [24145], [337867], [10963], [47], [79661], [719], [7423], [9169], [608], [7188], [254827]]
Behçet Diseases:[[7124], [3569], [4524], [4318], [3586], [1636], [3690], [4790], [7421], [149233], [7099], [7128], [3458], [3605], [4846], [3106], [4313], [7097], [1493], [5444], [1234], [406938], [3105], [90865], [406947], [2147], [5771], [7450], [958], [84868], [59067], [6648], [4210], [100507436], [4843], [85480], [3593], [959], [4803], [51561], [3600], [3592], [51284], [22914], [1361], [3673], [3578], [51752], [7448], [406973], [10392], [721], [3428], [720], [1667], [8858], [1717], [3601], [1668]]
Adamantiades-Behcet disease:[[3593]]
Behcet Syndrome:[[3586], [51284], [51752]]
BD:[[1672], [7157], [7124], [627], [351], [3106], [1956], [4524], [348], [3569], [7422], [4790], [7421], [2944], [7099], [3458], [3586], [4846], [3553], [2099], [1636], [672], [2952], [1029], [6532], [4318], [6774], [5243], [3605], [1312], [7097], [1493], [3105], [596], [675], [6347], [3383], [1813], [5444], [3717], [6647], [6696], [406991], [2147], [3606], [2153], [100507436], [7186], [2908], [7515], [355], [50943], [4282], [5925], [775], [90865], [1815], [4548], [114548], [1906], [6648], [406938], [4153], [1673], [5027], [4843], [406947], [407040], [7132], [3356], [718], [4353], [1571], [56729], [196], [7128], [7098], [2896], [3593], [7412], [4210], [10673], [3084], [1268], [7133], [1814], [6285], [2212], [149233], [22914], [3785], [302], [6401], [8313], [7153], [2214], [6548], [2625], [820], [6093], [3659], [79483], [2052], [2150], [252995], [50616], [4311], [1812], [246778], [1535], [51561], [940], [301], [9627], [5896], [51284], [121278], [85480], [6288], [85363], [27178], [3358], [7185], [9972], [727], [1269], [55600], [54210], [5928], [1003], [6364], [79728], [8741], [706], [6869], [157680], [653509], [7416], [3976], [2060], [5173], [30009], [6616], [3786], [51752], [7226], [2215], [406989], [1311], [3756], [574501], [4171], [288], [406], [57697], [6550], [7391], [9474], [55894], [10243], [145264], [91752], [728], [5008], [334], [2220], [23054], [9590], [407010], [9132], [10801], [5931], [55697], [9493], [3398], [7049], [1667], [104], [6097], [115352], [5289], [6281], [2890], [79971], [4908], [23230], [574447], [2891], [658], [54474], [7965], [3833], [387082], [55193], [55729], [2886], [800], [9702], [6046], [50604]]
