Episodes of overeating:[[6531], [4988]]
Binge eating:[[338], [1312], [627], [9370], [6532], [3952], [51738], [1813], [2908], [79068], [6531], [4160], [3953], [4988], [3356], [5021], [1814], [2641], [2166], [885], [5697], [23779], [255239], [55615], [4924], [553158], [168741]]
Bingeing:[[]]
Binging:[[1268], [50507], [3171]]
Hyperorexia nervosa:[[]]
Binges:[[]]
Binge overeating:[[79068], [6531], [1815], [4988], [5021]]
Disorders Binge-Eating:[[1312], [627], [9370], [6532], [3952], [338], [51738], [1813], [2908], [79068], [6531], [3356], [5021], [4988], [4160], [3953], [1814], [2641], [255239], [2166], [5697]]
Disorder Binge-Eating:[[3356], [1312], [6532], [338], [627], [3952], [51738], [1813], [9370], [2908], [79068], [6531], [4988], [5021], [1814], [4160], [3953], [23779], [55615], [2166], [255239], [885], [553158], [5697], [168741]]
Binge Eating Disorder:[[1312], [9370], [1813], [51738], [2908], [79068], [4988], [4160], [2166], [255239]]
Binge eating disorder:[[1312], [9370], [1813], [51738], [2908], [79068], [4988], [4160], [2166], [255239]]
Bouts of overeating:[[]]
