Psychoses Manic-Depressive:[[6532]]
BPAD:[[4095], [4096], [100188844], [100126593], [121278], [6683], [8863], [2195], [23209], [27201]]
Psychoses Bipolar Affective:[[627], [1312], [6532], [3569], [3356], [6531], [7166]]
Psychosis Manic-Depressive:[[6532], [1268]]
Bipolar disorder unspecified:[[775], [7157], [1956], [2099], [207], [348], [351], [7124], [4790], [5580], [4803], [2932], [1499], [5594], [367], [27185], [2908], [1813], [596], [8850], [51741], [3084], [387], [7015], [1387], [675], [5595], [598], [3350], [3064], [114548], [64127], [5621], [3320], [994], [2332], [7132], [5335], [1385], [2904], [2534], [1814], [7133], [2002], [81876], [5467], [10399], [2902], [3351], [1616], [468], [55690], [6804], [4487], [23779], [5469], [8554], [2915], [2917], [8537], [2889], [7257]]
MDI - Manic-depressive illness:[[]]
Psychosis Bipolar Affective:[[267012], [775], [627], [1312], [6532], [1813], [3356], [3569], [3084], [1401], [2099], [27185], [4128], [6285], [3350], [203228], [1815], [1268], [84062], [5021], [3570], [2571], [406], [255239], [2913], [10017], [319100], [154197]]
Bipolar affective disorder:[[267012], [775], [79796], [627], [6532], [1312], [7494], [3356], [6531], [121278], [79068], [6285], [4128], [27185], [2784], [4684], [84062], [23774], [7166], [2066], [7226], [7862], [5590], [6869], [2571], [406], [2913], [8864], [1644], [291], [5142], [6844], [6755], [104], [4862], [1408], [6845], [27154], [9223], [9341], [9863], [2847], [9248], [7257], [9975], [319100], [10043], [90134], [27201], [10042], [494470]]
BIPOLAR AFFECTIVE DISORDER:[[267012], [775], [79796], [627], [6532], [1312], [7494], [3356], [6531], [121278], [79068], [6285], [4128], [27185], [2784], [4684], [84062], [23774], [7166], [2066], [7226], [7862], [5590], [6869], [2571], [406], [2913], [8864], [1644], [291], [5142], [6844], [6755], [104], [4862], [1408], [6845], [27154], [9223], [9341], [9863], [2847], [9248], [7257], [9975], [319100], [10043], [90134], [27201], [10042], [494470]]
Disorder Bipolar:[[267012], [775], [3133], [288], [8379], [23345], [79796], [2212], [2214], [6925], [3356], [91869], [26011], [3697], [2902], [64067], [26354], [133], [1312], [6532], [55193], [301], [121278], [3815], [4774], [3310], [1636], [9881], [4784], [6934], [1463], [338], [114798], [400359], [5999], [6482], [8728], [1756], [54106], [4524], [4803], [2917], [58155], [5580], [64478], [6095], [627], [7124], [54715], [348], [8722], [26291], [7157], [1565], [1815], [54453], [1000], [152189], [11320], [51479], [8314], [170690], [3569], [1806], [51741], [3553], [81562], [79728], [6787], [7450], [89], [8850], [1813], [2904], [26047], [2289], [2099], [7422], [894], [2932], [57178], [8100], [80381], [5243], [1401], [207], [215], [29886], [160851], [10395], [2908], [4137], [9984], [2524], [158219], [6531], [3479], [79633], [4318], [4842], [4082], [217], [4920], [8650], [1956], [3183], [3952], [7134], [57591], [4521], [9988], [7494], [994], [3084], [596], [5027], [2668], [2993], [5728], [25855], [2192], [4846], [351], [51422], [3799], [10301], [132160], [84700], [7099], [2944], [84433], [3458], [23140], [4790], [56848], [51185], [81035], [50863], [5286], [27074], [124936], [367], [673], [1284], [8087], [6347], [1501], [2768], [3350], [2523], [1499], [64072], [2903], [178], [63876], [2475], [4128], [4482], [2952], [6647], [671], [4691], [56999], [51455], [5444], [27185], [10558], [26053], [4026], [5737], [1240], [6285], [5594], [23081], [84166], [2332], [1814], [5091], [817], [6712], [10072], [79068], [4204], [987], [8128], [2569], [22978], [3576], [10992], [7015], [582], [1493], [1512], [675], [5646], [151648], [3699], [4988], [23133], [1272]]
Bipolar disorder:[[267012], [775], [3133], [288], [8379], [23345], [6925], [3815], [4524], [627], [7157], [6934], [338], [1312], [6532], [7124], [348], [26354], [54106], [1956], [1756], [55193], [3569], [5580], [2212], [3553], [207], [2214], [4803], [133], [79796], [2932], [2099], [26011], [26291], [5243], [1401], [4790], [1636], [351], [3479], [301], [4774], [4784], [8314], [1000], [1499], [7099], [4137], [367], [4846], [2908], [51741], [1813], [1806], [8850], [79728], [596], [3576], [7015], [2944], [89], [1463], [8728], [2475], [6531], [3084], [3952], [114798], [5594], [3458], [675], [3697], [6347], [64067], [2952], [5027], [80381], [1493], [3356], [5444], [10395], [6647], [23411], [58155], [2524], [3146], [215], [1565], [3606], [4153], [7450], [9881], [8722], [4128], [8650], [64127], [5621], [79068], [114548], [4082], [3183], [27185], [5595], [57591], [4920], [4521], [26047], [3557], [994], [4282], [217], [7134], [2993], [387], [400359], [25855], [929], [152189], [2192], [2332], [51422], [3309], [2247], [3799], [11320], [3320], [1815], [406947], [3064], [84433], [2309], [121278], [54453], [160851], [3350], [56848], [51185], [2263], [1139], [6285], [7132], [64478], [6787], [1385], [2896], [1284], [5286], [81562], [1387], [598], [2768], [2904], [2523], [8087], [64072], [178], [54715], [9575], [27074], [91752], [1501], [671], [203228], [302], [5021], [56999], [51455], [2289], [7133], [4615], [10558], [4026], [2784], [1814], [2534], [5737], [3310], [1240], [875], [84166], [4482], [5091], [817], [3570], [80339], [4842], [10072], [29886], [7494], [22978], [10992], [4684], [7351], [23081], [6712], [582], [4915], [1512], [3358]]
Mood Disorder Bipolar:[[627], [7157], [1312], [6532], [4318], [3553], [1813], [2932], [1636], [3356], [6531], [6347], [3350], [8087], [4842], [4915], [3351], [5020], [2903], [1734], [9722], [1407], [1408]]
Manic depression:[[3569], [7124], [1312], [1401], [627], [6532], [3952], [3479], [3606], [3383], [1268], [1394], [6285], [4803], [7295], [84062], [4929], [267012], [4908], [1109], [10380]]
manic-depressive reaction:[[6532], [3952], [1268], [1394]]
Manic-depressive illness:[[6532], [3952]]
Bipolar Mood Disorders:[[267012], [775], [23345], [627], [55193], [6532], [4524], [1312], [7124], [3553], [1813], [3569], [3356], [2932], [596], [2099], [2908], [5027], [5444], [6285], [2944], [4128], [3350], [2952], [23411], [121278], [1815], [79068], [3557], [27185], [1814], [1385], [3552], [2784], [9575], [2289], [1728], [1268], [91752], [4915], [7166], [1394], [2066], [7054], [8863], [2571], [3351], [6506], [5020], [4855], [1129], [2911], [4916], [5173], [9572], [6303], [262], [553], [6854], [6570], [319100], [115], [9248], [3361], [8224]]
Manic-depressive psychosis:[[]]
Psychoses Manic Depressive:[[3569], [1312], [627], [6532]]
manic-depressive illness:[[6532], [3952]]
Bipolar Disorders:[[4524], [627], [6532], [5290], [1813], [2908], [217], [4314], [775], [27185], [4306], [7054], [5649], [91752], [6095], [8863], [406921], [255239], [288], [406949], [8914], [4862], [2774], [5226], [51299], [724022]]
Psychosis Manic Depressive:[[7124], [1312], [627], [3569], [6532], [1401], [6285], [1268], [267012]]
