Birt Hogg Dube Syndrome:[[201163], [5728], [2475], [1499], [5727], [8945], [5564], [96459], [57600]]
Familial multiple fibrofolliculoma:[[201163]]
Fibrofolliculomas with Trichodiscomas and Acrochordons:[[]]
Birt-Hogg-Dube syndrome:[[201163], [5728], [2475], [1499], [5727], [8945], [5564], [96459], [57600]]
Birt-Hogg-Dubé syndrome:[[201163], [5728], [2475], [1499], [5727], [8945], [5564], [96459], [57600]]
Birt-Hogg-Dubé Syndrome:[[201163], [5728], [2475], [1499], [5727], [8945], [5564], [96459], [57600]]
Hornstein-Birt-Hogg-Dubé Syndrome:[[201163], [5728], [2475], [1499], [5727], [8945], [5564], [96459], [57600]]
Multiple fibrofolliculomata:[[5979], [1029], [1030], [3662], [64478], [6774], [3123], [5728], [7015], [4609], [3106], [3105], [3119], [9429], [1311], [2099], [7132], [3586], [958], [3559], [10301], [3117], [3593], [4137], [2131], [2132], [595], [3575], [7157], [3592], [355], [3077], [8626], [348], [4602], [4982], [6934], [8777], [7468], [3949], [2261], [217], [2646], [3122], [85358], [5820], [942], [3394], [169026], [5771], [627], [1071], [4790], [5244], [5734], [4023], [6622], [5468], [10], [1401], [54901], [149233], [3087], [3479], [11200], [2778], [596], [10018], [965], [7852], [3458], [51162], [3562], [2212], [4094], [5594], [7494], [3717], [1952], [1234], [3676], [1493], [4233], [23274], [5314], [898], [81037], [923], [3815], [6928], [1594], [4261], [177], [23607], [22941], [5133], [5621], [346007], [1027], [324], [3133], [335], [25975], [114548], [3990], [578], [6311], [1956], [3558], [7361], [79068], [341], [7124], [90411], [1813], [8600], [7369], [7012], [7422], [255738], [152789], [3107], [2153], [3569], [50944], [7040], [6531], [4524], [3992], [2322], [2122], [64127], [11030], [59], [338], [375033], [356], [23122], [813], [28985], [5747], [84466], [3759], [11191], [7412], [57178], [5460], [9415], [8000], [3953], [2064], [1146], [117289], [841], [3091], [3570], [56606], [2137], [1636], [351], [5966], [59067], [2629], [2309], [55750], [2135], [729230], [6927], [22861], [10644], [6125], [672], [4318], [5592], [9370], [5243], [19], [3845], [367], [673], [207], [6586], [9644], [1410], [23332], [7421], [8651], [2308], [213], [11093], [3553], [5341], [54882], [4221], [5743], [57630], [1499], [7099], [8701], [7046]]
HORNSTEIN-KNICKENBERG SYNDROME:[[3757], [1280], [114548], [3753], [2074], [7157], [348], [1281], [51085], [546], [80184], [7466], [3845], [673], [8481], [5728], [8195], [7486], [641], [2706], [2317], [4292], [91147], [8626], [1540], [4000], [54658], [1161], [7490], [2033], [6331], [4023], [1071], [5781], [4436], [2263], [3643], [7291], [3784], [2261], [2260], [582], [10806], [8085], [10083], [367], [4683], [207], [84062], [3123], [7468], [4647], [4952], [2200], [1029], [7399], [4810], [201163], [2969], [10804], [6949], [7227], [2492], [775], [7840], [2316], [5428], [3730], [5080], [585], [1278], [54487], [5604], [55612], [2121], [811], [5290], [132884], [4281], [116442], [84100], [2812], [5077], [64127], [79068], [6663], [783], [338], [57167], [1130], [9968], [2332], [1277], [3990], [10743], [7456], [19], [2122], [3265], [6737], [84059], [6741], [3481], [6513], [4089], [23111], [2646], [356], [1285], [1387], [26585], [8976], [7504], [1827], [331], [23405], [9401], [65217], [4893], [672], [4692], [9569], [5894], [4277], [6774], [3117], [1401], [1788], [7401], [7128], [3570], [545], [10163], [583], [10682], [124590], [129880], [54808], [27241], [2138], [79738], [4137], [2475], [60], [3897], [5159], [1364], [8091], [5885], [79803], [2811], [2956], [9993], [5460], [4286], [675], [3717], [8220], [80144], [80025], [999], [3973], [79621], [4193], [64135], [1145], [55212], [2645], [27031], [4851], [1493], [10535], [2131], [1910], [7122], [9031], [4853], [1134], [2146], [100188856], [355], [50943], [105259599], [2153], [9652], [10908], [3664], [7020], [8214], [5308], [10062], [8517], [5076], [27019], [5189], [5395], [1287], [1906], [25825], [3759]]
Birt-Hogg-Dube Syndrome:[[201163], [5728], [2475], [1499], [5727], [8945], [5564], [96459], [57600]]
FIBROFOLLICULOMAS WITH TRICHODISCOMAS AND ACROCHORDONS:[[]]
Multiple fibrofolliculomas:[[201163]]
BIRT-HOGG-DUBE SYNDROME:[[201163], [5728], [2475], [1499], [5727], [8945], [5564], [96459], [57600]]
Hornstein-Knickenberg Syndrome:[[3757], [1280], [114548], [3753], [2074], [7157], [348], [1281], [51085], [546], [80184], [7466], [3845], [673], [8481], [5728], [8195], [7486], [641], [2706], [2317], [4292], [91147], [8626], [1540], [4000], [54658], [1161], [7490], [2033], [6331], [4023], [1071], [5781], [4436], [2263], [3643], [7291], [3784], [2261], [2260], [582], [10806], [8085], [10083], [367], [4683], [207], [84062], [3123], [7468], [4647], [4952], [2200], [1029], [7399], [4810], [201163], [2969], [10804], [6949], [7227], [2492], [775], [7840], [2316], [5428], [3730], [5080], [585], [1278], [54487], [5604], [55612], [2121], [811], [5290], [132884], [4281], [116442], [84100], [2812], [5077], [64127], [79068], [6663], [783], [338], [57167], [1130], [9968], [2332], [1277], [3990], [10743], [7456], [19], [2122], [3265], [6737], [84059], [6741], [3481], [6513], [4089], [23111], [2646], [356], [1285], [1387], [26585], [8976], [7504], [1827], [331], [23405], [9401], [65217], [4893], [672], [4692], [9569], [5894], [4277], [6774], [3117], [1401], [1788], [7401], [7128], [3570], [545], [10163], [583], [10682], [124590], [129880], [54808], [27241], [2138], [79738], [4137], [2475], [60], [3897], [5159], [1364], [8091], [5885], [79803], [2811], [2956], [9993], [5460], [4286], [675], [3717], [8220], [80144], [80025], [999], [3973], [79621], [4193], [64135], [1145], [55212], [2645], [27031], [4851], [1493], [10535], [2131], [1910], [7122], [9031], [4853], [1134], [2146], [100188856], [355], [50943], [105259599], [2153], [9652], [10908], [3664], [7020], [8214], [5308], [10062], [8517], [5076], [27019], [5189], [5395], [1287], [1906], [25825], [3759]]
BHD:[[201163], [50947], [55325], [5728], [1499], [595], [7508], [5727], [85464]]
