Blepharoptosis:[[4540]]
Eyelid ptosis:[[6261]]
Droopy eyelid:[[]]
Drooping eyelid:[[]]
Ptosis of eyelid unspecified:[[]]
Droopy eyelids:[[]]
Ptosis of eyelid:[[668], [7291], [6261], [10736]]
Unspecified ptosis of eyelid:[[]]
Ptosis:[[668], [54115], [5765], [7291], [2261], [60467], [6261], [5428], [4976], [84617], [1621], [7471], [10381], [6329], [2303], [7862], [8106], [56652], [79776], [51366], [9361], [2195], [55605], [23394], [51520], [23522], [10736], [8292], [9427], [58499], [84570], [8403], [55148], [140464]]
Ptosis eyelid:[[668], [7291], [6261], [10736]]
Unspecified ptosis of unspecified eyelid:[[]]
Ptosis Eyelid:[[668], [7291], [6261], [10736]]
Blepharoptoses:[[]]
Ptoses Eyelid:[[57492], [7157], [1956], [2064], [3845], [673], [1029], [5743], [1499], [5468], [5290], [1026], [4851], [7291], [3065], [1906], [1027], [6772], [6513], [983], [3066], [4893], [7431], [2625], [3624], [4057], [898], [6261], [668], [7020], [6654], [6722], [9839], [51176], [9531], [6664], [4069], [1889], [2591], [64220], [3933], [57822], [8831], [90070], [10736], [55506], [341640], [116039], [389376], [6775079]]
