Disorders Blood Coagulation:[[2147], [348], [7035], [3717], [2152], [5054], [2153], [7450], [2155], [6774], [947], [2243], [2159], [5265], [2161], [4780], [5027], [2244], [5879], [3043], [2811], [1277], [2266], [2200], [7056], [1906], [5329], [135], [2150], [1950], [857], [350], [3383], [2335], [6469], [5328], [998], [3172], [2623], [5340], [4282], [3082], [9927], [1361], [84062], [6521], [7057], [5327], [3673], [2621], [2626], [1278], [7454], [1728], [23414], [2624], [2776], [3827], [308], [51206], [3699], [2], [1293], [3674], [8858], [57126], [4036], [81704], [3273], [144402], [57699], [3249], [79803]]
Blood coagulation disorder:[[]]
Coagulation defect unspecified:[[2147], [672], [7124], [351], [6774], [4790], [3091], [5879], [1950], [1499], [5594], [2335], [5329], [2321], [5781], [7454]]
Disorder of haemostasis:[[7450], [2099], [5054], [2147], [2152], [11093], [2243], [7035]]
Coagulation defects:[[2147], [7450], [2153], [2157], [5624], [2155], [2158], [2162], [2161], [2160], [2165], [90411], [7124], [5054], [672], [348], [3569], [351], [462], [3082], [1950], [3553], [3091], [1499], [6774], [3717], [2243], [4780], [3690], [11093], [3952], [5627], [3630], [6469], [1906], [3043], [8829], [2266], [5594], [5663], [948], [2335], [2626], [1277], [5781], [5265], [283120], [3065], [3075], [4153], [8743], [6934], [2200], [998], [2625], [6657], [718], [3953], [2627], [6521], [7291], [3456], [1278], [2022], [959], [1728], [140628], [9927], [4036], [5573], [302], [3659], [2776], [3439], [4921], [3674], [7454], [4040], [6403], [2623], [7137], [10516], [5868], [3170], [5873], [2048], [23468], [3440], [6247], [3020], [3045], [118429], [2812], [5889], [2815], [6223], [81704], [716], [5890], [11005], [30008], [165], [8546], [3451], [3445], [3452], [3447], [3446], [3441], [8506], [3448], [3442], [3449], [3443], [3444], [3705], [129804], [1954]]
Blood clotting disorder:[[5328], [2147], [2153], [51206], [2152], [2243], [2155], [2161], [2395], [10747], [7143], [2683]]
Coagulation disorder:[[7450], [2147], [2153], [2157], [2152], [2155], [5624], [2149], [2158], [7035], [2161], [1690], [348], [7124], [3690], [3569], [90411], [2677], [5328], [1401], [3717], [3553], [5054], [6934], [3952], [351], [3674], [4790], [3949], [26047], [51206], [3091], [1950], [6774], [2475], [1499], [7056], [2243], [672], [5027], [2192], [3146], [4313], [6915], [5594], [4780], [3605], [857], [2048], [5627], [1906], [2811], [238], [11093], [948], [1277], [2335], [2623], [5663], [3383], [6696], [3065], [4153], [135], [3934], [3630], [4282], [2200], [929], [8743], [3075], [84062], [6469], [4035], [2768], [4041], [2199], [4353], [3953], [2534], [3172], [6657], [3673], [302], [5781], [959], [1728], [7291], [2621], [3456], [1278], [710], [283120], [57124], [781], [3699], [6403], [2626], [3659], [7804], [7018], [7077], [7137], [406906], [2638], [2624], [966], [4040], [7092], [11216], [1969], [7001], [23245], [1392], [5657], [5320], [5568], [51317], [9235], [3440], [6863], [57572], [3998], [2812], [5889], [80274], [10747], [80856], [552], [340267], [406980], [4319], [11005], [221037], [4778], [7103], [30008], [222663], [3249], [2814], [22915], [5575], [30845], [80739], [64145], [23348], [129684], [7093], [106146144], [106146143]]
Clotting disorder:[[7124], [7450], [5328], [2147], [2677], [351], [3717], [2152], [2153], [64805], [51206], [2155], [2157], [361], [959], [2243], [2158], [5624], [7056], [2161], [7035], [2395], [554], [10747], [7143], [2683], [2889]]
Disorder of hemostasis:[[7450], [861], [7124], [3690], [3569], [7422], [3553], [3952], [3674], [64805], [351], [3077], [6774], [2313], [2147], [3576], [2152], [2153], [51206], [6915], [3557], [2157], [11093], [2155], [4353], [3953], [2335], [4627], [958], [6403], [57817], [554], [2149], [5624], [2811], [4035], [7077], [2243], [7035], [2158], [7056], [1356], [2161], [30061], [4778], [4319], [6916], [10699], [2814], [340205]]
Disorder of hemostatic system:[[348], [4318], [1401], [7450], [7040], [6647], [4524], [7099], [3717], [2155], [4313], [2147], [2152], [5054], [64805], [2153], [5624], [11093], [2157], [7077], [23118], [2161], [7056], [7035], [2243], [5627], [4552], [2811], [6750]]
Coagulopathy:[[5054], [2153], [3605], [2152], [3146], [1432], [7450], [3934], [11093], [2155], [959], [285], [2243], [5624], [302], [6403], [6382], [406906], [7056], [551], [2159], [462], [1361], [7035], [2160], [2161], [64805], [407048], [407012], [406899], [406974], [407049]]
Disorder Blood Coagulation:[[5624], [7450], [3690], [2147], [348], [5328], [3717], [2152], [2153], [2155], [2157], [5054], [3674], [51206], [5027], [2149], [2161], [6774], [2243], [7035], [2192], [2811], [6915], [4780], [1277], [948], [2158], [2677], [2623], [7056], [3065], [2048], [1950], [857], [135], [1906], [2335], [84062], [6469], [2534], [2768], [3172], [3383], [3673], [4282], [2200], [3456], [1278], [2621], [5627], [2626], [3659], [1728], [2624], [966], [2199], [781], [11216], [3699], [4035], [5657], [710], [5568], [51317], [3440], [7001], [57572], [2812], [5889], [3998], [80856], [80274], [1690], [221037], [4778], [10747], [340267], [2814], [7103], [30008], [3249], [22915], [5575], [30845], [80739], [222663], [64145], [90411], [23348]]
Disorder of haemostatic system:[[2147], [7077], [7035]]
