BLOOM SYNDROME:[[641], [472], [4292], [3949], [983], [11200], [5315], [7133], [3014], [7486], [2177], [2237], [6613], [5424], [5142], [6612], [57697], [5892], [57804], [116028]]
Bloom Syndrome:[[641], [472], [4292], [3949], [983], [11200], [5315], [7133], [3014], [7486], [2177], [2237], [6613], [5424], [5142], [6612], [57697], [5892], [57804], [116028]]
Telangiectatic Erythema Congenital:[[7422], [7124], [7040], [3569], [3553], [2064], [7051], [4846], [5243], [2950], [3458], [54106], [796], [4157], [2938]]
BLM:[[641], [7157], [80010], [642], [116028], [1956], [207], [672], [2099], [472], [5888], [4609], [2475], [4292], [3725], [23411], [2100], [836], [7486], [142], [3949], [3320], [1111], [4282], [4436], [2263], [4204], [983], [861], [841], [7153], [11200], [545], [7133], [7158], [331], [6117], [6615], [5371], [4683], [3014], [2956], [864], [7415], [2177], [7341], [55294], [7014], [7329], [2547], [546], [5604], [4361], [23476], [2237], [100], [5573], [5901], [10111], [4599], [8350], [3837], [7272], [7518], [231], [27086], [6613], [10987], [1460], [7013], [83990], [11073], [2175], [1364], [7465], [9156], [7846], [3981], [8359], [9401], [7156], [1001], [2176], [7516], [8243], [11277], [6223], [25913], [80198], [5424], [6118], [8654], [5965], [5142], [6612], [4628], [322], [8655], [112399], [23746], [5887], [51079], [1365], [2189], [1052], [9025], [57697], [51547], [51750], [55662], [5981], [8924], [23020], [6829], [6047], [5707], [1653], [9400], [10036], [84464], [9775], [1763], [51720], [6233], [22938], [6208], [55215], [5892], [9928], [55832], [10112], [5709], [6853], [10445], [10992], [6129], [84335], [6119], [23133], [170506], [10267], [6993], [55183], [11100], [8335], [8888], [6239], [54821], [26019], [9045], [22909], [57534], [6147], [11219], [25885], [2339], [4116], [8725], [7011], [81603], [10204], [22976], [11116], [22858], [2005], [6832], [5876], [348654], [79035], [100126317], [388585], [8732], [9643], [221092], [116447], [9716], [378708], [11234], [79858], [11137], [221], [1355], [6787], [57460], [5455], [6167], [201254], [253714], [79913], [23514], [84450], [54465], [83855], [8329], [81545], [80233], [89870], [79587], [79585], [54468]]
BLS:[[8625], [5993]]
Bloom syndrome:[[641], [472], [4292], [3949], [983], [11200], [5315], [7133], [3014], [7486], [2177], [2237], [6613], [5424], [5142], [6612], [57697], [5892], [57804], [116028]]
BS:[[641], [2812], [831], [1956], [7124], [26206], [672], [3586], [675], [84220], [3717], [1493], [64127], [50943], [3480], [3725], [6331], [1277], [59272], [3627], [110806263], [390313], [23451], [6556], [329], [52], [407048], [9201], [1188], [10427], [10484], [5352], [10483], [57697], [7216], [111255642], [9632], [5364], [487], [9871], [10802], [108783649], [55245], [111255645], [9324]]
Bloom's Syndromes:[[641], [7156]]
Bloom's Syndrome:[[641], [2237], [57697], [7156], [25885], [57804]]
Bloom Torre Machacek Syndrome:[[]]
Congenital telangiectatic erythema syndrome:[[7422], [7124], [7040], [3569], [3553], [4846], [5243], [3458], [2950], [7051], [2064], [54106], [796], [4157], [2938]]
Congenital Telangiectatic Erythemas:[[2218], [1589], [4868], [2324], [26580], [146059], [5290], [857], [284119], [167691], [1080], [2266], [1145], [79147], [1134], [2244], [10381], [2243], [5631], [91869], [7422], [4810], [1144], [4000], [1545], [4524], [5054], [1180], [3000], [2147], [5979], [7253], [7040], [4893], [9215], [7124], [6261], [7157], [2697], [29954], [4072], [1991], [64802], [1956], [25], [3265], [4933], [1636], [58], [2673], [2626], [26154], [3569], [4352], [7849], [6335], [3845], [4879], [1634], [1482], [8087], [2065], [5236], [190], [23581], [3091], [367], [673], [4625], [2784], [8929], [6010], [2627], [2099], [1441], [55906], [2706], [4803], [60482], [3342], [7010], [59341], [3479], [3341], [6329], [7051], [6576], [2064], [55624], [182], [1401], [4846], [207], [6121], [4790], [351], [3553], [7099], [9370], [5243], [3106], [399565], [627], [4359], [7421], [3952], [7170], [59344], [5743], [2944], [1499], [55858], [3938], [150082], [7454], [4137], [999], [1650], [23418], [2668], [596], [1294], [5468], [3908], [10585], [2950], [4851], [4609], [57190], [23746], [11093], [7485], [100861439], [619409], [619404], [550625], [404715], [317685], [266979], [81866], [54719], [54115], [53368], [7792], [5765], [4934], [981], [878], [1906], [6616], [3675], [5373], [2779], [80184], [3757], [3458], [5587], [1293], [1785], [2153], [778], [4487], [2290], [3921], [4604], [3717], [1406], [101202687], [101202686], [101154642], [101055624], [100682325], [100302720], [100188765], [780915], [780899], [8130], [8104], [8094], [907], [4313], [332], [4053], [1140], [2512], [9469], [7097], [1811], [406987], [10653], [84061], [7067], [1026], [7450], [2952], [406991], [10661], [6331], [1291], [5080]]
Bloom-Torre-Machacek Syndrome:[[]]
BS - Bloom syndrome:[[641], [57697]]
