Shoulder-Girdle Neuropathies:[[]]
Parsonage-Turner syndrome:[[]]
Neuritides Brachial Plexus:[[]]
Parsonage Aldren Turner Syndrome:[[]]
Parsonage-Aldren-Turner syndrome:[[]]
Shoulder Girdle Neuropathies:[[]]
Shoulder Girdle Neuropathy:[[]]
Syndrome Parsonage-Turner:[[3757], [6331], [367], [331], [5460], [50943], [4524], [7403], [7421], [268], [627], [6473], [26191], [2690], [3486], [10075], [9365], [81887], [6736], [5770], [1594], [6103], [2488], [8239], [7258], [84433], [8835], [1617], [4650], [6191], [6474], [107652445], [57623], [57393], [6192], [80258]]
Neuritis Brachial:[[7422], [348], [3569], [1906], [7412], [10801]]
Shoulder girdle syndrome:[[79147], [1291]]
Neuritides Brachial:[[7422], [348], [4524], [3569], [7040], [1401], [1030], [7486], [100048912], [4846], [6262], [5054], [5444], [6647], [3383], [9353], [3135], [183], [1906], [1471], [2913], [4353], [5142], [255738], [1116], [948], [7412], [7133], [155], [7941], [4973], [5176], [1535], [1509], [4878], [2678], [5376], [79991], [1910], [5919], [1514], [59], [1909], [54433], [9988], [64388], [10801], [339479], [270], [55328], [9312], [81833], [1240], [1489], [8315], [85463], [120], [728441]]
Syndrome Parsonage-Aldren-Turner:[[3757], [6331], [367], [331], [5460], [50943], [4524], [7403], [7421], [268], [627], [6473], [26191], [2690], [3486], [10075], [9365], [81887], [6736], [5770], [1594], [6103], [2488], [8239], [7258], [84433], [8835], [1617], [4650], [6191], [6474], [107652445], [57623], [57393], [6192], [80258]]
Brachial neuritis:[[]]
Shoulder-Girdle Neuropathy:[[]]
Parsonage Turner Syndrome:[[]]
Neuritis Brachial Plexus:[[]]
