Metabolic encephalopathy:[[6513], [128989]]
Metabolic Disorder Brain:[[348], [627], [1565], [4023], [8644], [1636], [3949], [79068], [1401], [335], [6513], [3098], [1268], [1576], [8398], [7422], [3952], [3953], [9370], [4524], [3479], [7157], [3992], [2902], [7124], [3356], [2645], [2272], [3569], [9415], [207], [6532], [5071], [6934], [1312], [3845], [10891], [4129], [121278], [4204], [351], [3091], [7040], [1956], [2908], [2571], [255738], [406], [3667], [367], [5467], [1815], [2903], [4544], [80339], [6095], [2099], [2590], [5646], [6647], [83636], [1557], [3553], [5243], [2944], [217], [2475], [3586], [7421], [5728], [4790], [133], [3815], [2950], [4137], [1588], [596], [2932], [3630], [51085], [7099], [1012], [5465], [6622], [3458], [26354], [5515], [2678], [960], [6472], [1813], [4609], [5159], [1191], [4846], [3690], [23411], [4318], [183], [55193], [5444], [6347], [7840], [776], [3486], [51738], [4780], [5321], [6774], [672], [7450], [25953], [120892], [590], [673], [4128], [2629], [5578], [7054], [2539], [4803], [4313], [1000], [7276], [2289], [2784], [196], [857], [5663], [472], [6482], [10524], [177], [6531], [1742], [4953], [3576], [5743], [5236], [1499], [387], [26227], [3931], [2952], [3162], [7097], [6770], [3484], [5594], [706], [4233], [4035], [2072], [2668], [2332], [948], [26291], [3350], [4552], [3717], [4915], [4282], [3570], [5372], [3077], [8074], [3557], [406991], [7015], [5290], [5781], [1906], [3481], [154], [5789], [5054], [3064], [54106], [249], [2896], [4843], [6696], [6648], [65018], [1080], [4363], [7494], [3146], [1859], [7534], [3123], [3939], [3383], [27161], [3934], [114548], [3606], [5580], [4851], [3605]]
Metabolic Encephalopathy:[[6513], [128989]]
Metabolic Brain Syndrome:[[]]
Metabolic Brain Syndromes:[[]]
Metabolic Disorders Brain:[[348], [627], [4879], [79068], [6513], [3949], [4023], [1071], [1268], [19], [1565], [3992], [1576], [7422], [1401], [8398], [3952], [9370], [3479], [3953], [3098], [4524], [1543], [1636], [7124], [2645], [10062], [7157], [3630], [3569], [3091], [367], [9415], [5468], [10891], [7040], [207], [1956], [4204], [2908], [351], [4129], [5467], [2475], [3667], [5071], [255738], [2571], [4544], [406], [7054], [2903], [5209], [5728], [83636], [3553], [3586], [2099], [7099], [1557], [2944], [4790], [6647], [3481], [4137], [3417], [217], [4318], [7421], [6774], [6532], [6622], [4609], [596], [5444], [2678], [960], [1312], [5465], [2932], [2950], [23411], [1813], [3845], [5243], [2629], [120892], [4780], [4846], [183], [7840], [4313], [51738], [3458], [814], [2697], [6347], [672], [673], [3162], [1432], [4128], [5265], [1815], [2539], [25953], [9429], [29126], [177], [857], [3576], [5054], [25830], [7276], [50507], [196], [5743], [6531], [1499], [387], [2784], [7097], [5290], [6770], [6272], [4915], [6696], [8074], [472], [3240], [2332], [4282], [1906], [3350], [406991], [3356], [3815], [7015], [1471], [4552], [3717], [185], [3643], [718], [3570], [1555], [3418], [11315], [3557], [3606], [9365], [5781], [5970], [6648], [538], [652], [231], [2952], [4659], [4684], [4233], [5515], [23435], [43], [4000], [3146], [2022], [5879], [6285], [3383], [154], [706], [121278], [2147], [4851], [249], [10135], [5621], [2896], [1191], [3077], [3123], [4160], [3934], [2100], [114548], [1080], [3605], [1859], [406947], [5159], [406938], [4843], [55193], [4852], [1278], [5925], [847], [1436], [3486]]
Metabolic Brain Diseases:[[]]
Metabolic Brain Disease:[[]]
Metabolic Encephalopathies:[[]]
Metabolic brain syndrome:[[]]
