Infarctions Brain Stem:[[3569]]
Infarction Brainstem:[[348], [7422], [3553], [6532], [627], [351], [1499], [3123], [6647], [185], [6331], [79068], [7132], [23435], [3039], [796], [1268], [2056], [3371], [90]]
Brain stem infarct:[[3569], [3383]]
Infarction Brain Stem:[[3569], [3383], [3458], [6647], [5806], [4898]]
Stem Infarcts Brain:[[4879], [4854], [3569], [348], [7040], [1401], [836], [5654], [5159], [23435], [185], [7515], [328], [217], [253827]]
Brain stem infarction:[[]]
Brain stem stroke:[[3569], [3383], [7421], [3458], [6647], [5806], [2740], [4566]]
Stroke Brainstem:[[348], [7422], [6532], [627], [3553], [4137], [351], [1499], [3123], [185], [6647], [79068], [836], [3039], [796], [23435], [4128], [7132], [1268], [2056], [775], [3350], [361], [3371], [6863], [406989], [347], [8404]]
Stem Infarct Brain:[[4879], [8842], [7157], [7422], [348], [3569], [7124], [4318], [4851], [7099], [3091], [7015], [4524], [3586], [1636], [3576], [596], [3479], [5468], [1401], [6387], [3162], [2247], [3383], [6347], [960], [4313], [4846], [2944], [9370], [5054], [836], [10763], [7471], [3557], [5970], [3146], [3082], [7097], [4312], [682], [6285], [5133], [284], [7412], [7139], [185], [7076], [581], [3627], [4854], [335], [3958], [718], [59272], [51738], [217], [1557], [10631], [5465], [9518], [3486], [729230], [4153], [1958], [7132], [4023], [3570], [959], [2539], [1440], [7133], [1490], [3579], [846], [301], [6382], [3339], [9423], [2006], [7056], [3002], [7448], [51129], [574501], [721], [712], [1573], [6277], [406924], [57761], [406922], [10220], [10699], [51393], [440823], [11100]]
Infarctions Brainstem:[[7422], [4137], [351], [3039]]
Infarction of brain stem:[[3569], [3383], [3458], [6647], [5806], [4898]]
