Gibraltar fever:[[4210], [3119], [3123], [7124], [7132], [3553], [3569], [7422], [7157], [3586], [7040], [5243], [90865], [4088], [3559], [7099], [1636], [5743], [1401], [4524], [3576], [3350], [3458], [8737], [85480], [6774], [9370], [3106], [5054], [4790], [7421], [5744], [1080], [4153], [4598], [9173], [7097], [5444], [3717], [3479], [3952], [3383], [7852], [2944], [3146], [114548], [101910199], [5594], [1493], [7096], [3105], [1234], [6347], [4780], [3565], [2952], [2950], [64127], [836], [3552], [5970], [51738], [355], [50943], [3606], [4282], [1432], [30835], [3791], [8600], [3557], [857], [3688], [3690], [796], [1906], [406938], [4982], [5595], [581], [1576], [1268], [2321], [929], [2033], [6772], [4843], [6352], [3757], [282617], [406947], [3627], [2335], [7098], [54106], [356], [2152], [6288], [3953], [4988], [983], [3117], [3596], [23586], [6323], [7412], [959], [8878], [100507436], [4049], [5027], [10451], [3620], [5806], [331], [23405], [811], [57817], [3456], [7057], [2212], [6280], [2312], [3685], [8792], [285], [3689], [3303], [4615], [9021], [22806], [5340], [3570], [5478], [7415], [23274], [7037], [59067], [3439], [2638], [8651], [197], [6493], [2243], [1910], [5610], [6261], [3297], [2876], [7056], [6198], [1437], [9817], [3579], [4691], [5155], [9332], [3684], [284], [5320], [100], [406935], [134430], [1361], [54210], [6573], [10085], [5045], [6777], [7010], [834], [3676], [4599], [1003], [1965], [6348], [6335], [9536], [6890], [406942], [1594], [340061], [7448], [10257], [7145], [57506], [84991], [2209], [9636], [4283], [2215], [51311], [29108], [26986], [728], [10371], [5733], [406934], [7332], [2875]]
Brucellosis unspecified:[[7040], [7124], [7128]]
Rock Fever:[[3553], [7422], [7157], [7040], [4088], [6774], [4790], [7421], [1432], [3952], [5594], [5744], [3717], [1080], [7097], [7852], [836], [6347], [64127], [857], [355], [3688], [3690], [1906], [406938], [5595], [356], [2152], [983], [7412], [7057], [3685], [1437], [3579], [4691], [3676], [192343]]
Brucelloses:[[]]
Cyprus fever:[[]]
Brucellosis:[[3569], [3586], [7124], [7040], [3458], [1401], [7099], [3576], [3565], [3605], [1234], [1493], [3606], [4153], [3557], [26191], [4353], [3596], [3593], [57817], [2212], [3600], [1280], [7128], [847], [3592], [1437], [6402], [6890], [6556], [942], [6891], [406931], [5696], [574452], [5698], [100885789], [100302226], [102467146], [102464824]]
Mediterranean fever:[[4210], [7124], [3569], [3553], [7132], [5243], [7422], [7099], [4524], [3586], [1636], [5743], [1401], [3458], [5054], [9370], [3106], [3717], [7421], [1080], [7097], [5444], [4598], [114548], [3565], [3952], [1493], [6288], [64127], [836], [51738], [3557], [355], [3606], [4982], [581], [1576], [356], [929], [4843], [6352], [100507436], [3620], [57817], [6280], [2638], [197], [2876], [7056], [100], [1361], [54210], [834], [6348], [1594], [340061], [29108], [728], [2209], [10371], [368], [6283], [5473], [64240], [54541], [4010], [51816], [27202], [10572], [260434]]
Brucella Infections:[[3569], [6772], [7124], [7097], [3553], [7040], [4318], [29126], [5133], [100507436], [340061]]
Undulant Fever:[[]]
Infection Brucella:[[7124], [3569], [7040], [4318], [3553], [29126], [7097], [5133], [6772], [100507436], [22914], [2081], [5562], [340061], [8600], [1387], [6401], [6364], [6520], [4069], [100885789]]
Malta Fever:[[]]
undulant fever:[[]]
Fever Cyprus:[[]]
Malta fever:[[]]
Undulant fever:[[]]
Gibraltar Fever:[[4210], [3119], [3123], [7124], [7132], [3553], [3569], [7422], [7157], [3586], [7040], [5243], [90865], [4088], [3559], [7099], [1636], [5743], [1401], [4524], [3576], [3350], [3458], [8737], [85480], [6774], [9370], [3106], [5054], [4790], [7421], [5744], [1080], [4153], [4598], [9173], [7097], [5444], [3717], [3479], [3952], [3383], [7852], [2944], [3146], [114548], [101910199], [5594], [1493], [7096], [3105], [1234], [6347], [4780], [3565], [2952], [2950], [64127], [836], [3552], [5970], [51738], [355], [50943], [3606], [4282], [1432], [30835], [3791], [8600], [3557], [857], [3688], [3690], [796], [1906], [406938], [4982], [5595], [581], [1576], [1268], [2321], [929], [2033], [6772], [4843], [6352], [3757], [282617], [406947], [3627], [2335], [7098], [54106], [356], [2152], [6288], [3953], [4988], [983], [3117], [3596], [23586], [6323], [7412], [959], [8878], [100507436], [4049], [5027], [10451], [3620], [5806], [331], [23405], [811], [57817], [3456], [7057], [2212], [6280], [2312], [3685], [8792], [285], [3689], [3303], [4615], [9021], [22806], [5340], [3570], [5478], [7415], [23274], [7037], [59067], [3439], [2638], [8651], [197], [6493], [2243], [1910], [5610], [6261], [3297], [2876], [7056], [6198], [1437], [9817], [3579], [4691], [5155], [9332], [3684], [284], [5320], [100], [406935], [134430], [1361], [54210], [6573], [10085], [5045], [6777], [7010], [834], [3676], [4599], [1003], [1965], [6348], [6335], [9536], [6890], [406942], [1594], [340061], [7448], [10257], [7145], [57506], [84991], [2209], [9636], [4283], [2215], [51311], [29108], [26986], [728], [10371], [5733], [406934], [7332], [2875]]
Rock fever:[[3553], [7422], [7157], [7040], [4088], [6774], [4790], [7421], [1432], [3952], [5594], [5744], [3717], [1080], [7097], [7852], [836], [6347], [64127], [857], [355], [3688], [3690], [1906], [406938], [5595], [356], [2152], [983], [7412], [7057], [3685], [1437], [3579], [4691], [3676], [192343]]
