Bruxism (grinding teeth):[[]]
Teeth gnashing:[[7157], [7422], [7124], [348], [3569], [3553], [7040], [8091], [4318], [627], [7099], [4609], [3479], [596], [3458], [4851], [6696], [9429], [3480], [8626], [51738], [836], [2697], [3791], [3557], [4288], [860], [929], [4982], [2247], [3552], [8600], [3309], [3486], [2263], [1490], [779], [5111], [5328], [7442], [2212], [4049], [4854], [2214], [652], [5080], [249], [4803], [842], [7042], [1000], [5083], [4322], [5167], [5744], [4254], [8792], [7043], [1672], [4317], [8989], [4853], [132], [6863], [79054], [2215], [1832], [3589], [4487], [1896], [5008], [8200], [7141], [265], [23314], [2274], [3872], [4172], [7227], [80326], [9622], [6926], [4284], [649], [9260], [10913], [5116], [10117], [23394], [765], [8490], [3493], [27202], [266], [60529], [585], [83872], [25928], [60401], [128178], [256764], [132625], [83999], [9119], [401138], [56033], [152816], [57549], [107988021], [107988022], [119180], [108281111]]
Teeth grinding:[[7157], [7422], [7124], [348], [3569], [3553], [7040], [8091], [4318], [627], [7099], [4609], [3479], [596], [3458], [4851], [6696], [9429], [3480], [8626], [51738], [836], [2697], [3791], [3557], [4288], [860], [929], [4982], [2247], [3552], [8600], [3309], [3486], [2263], [1490], [779], [5111], [5328], [7442], [2212], [4049], [4854], [2214], [652], [5080], [249], [4803], [842], [7042], [1000], [5083], [4322], [5167], [5744], [4254], [8792], [7043], [1672], [4317], [8989], [4853], [132], [6863], [79054], [2215], [1832], [3589], [4487], [1896], [5008], [8200], [7141], [265], [23314], [2274], [3872], [4172], [7227], [80326], [9622], [6926], [4284], [649], [9260], [10913], [5116], [10117], [23394], [765], [8490], [3493], [27202], [266], [60529], [585], [83872], [25928], [60401], [128178], [256764], [132625], [83999], [9119], [401138], [56033], [152816], [57549], [107988021], [107988022], [119180], [108281111]]
Teeth Grinding Disorder:[[]]
Teeth Grinding Disorders:[[]]
Bruxism (teeth grinding):[[]]
Grinding of teeth:[[7157], [7422], [7124], [348], [3569], [3553], [7040], [8091], [4318], [627], [7099], [4609], [3479], [596], [3458], [4851], [6696], [9429], [3480], [8626], [51738], [836], [2697], [3791], [3557], [4288], [860], [929], [4982], [2247], [3552], [8600], [3309], [3486], [2263], [1490], [779], [5111], [5328], [7442], [2212], [4049], [4854], [2214], [652], [5080], [249], [4803], [842], [7042], [1000], [5083], [4322], [5167], [5744], [4254], [8792], [7043], [1672], [4317], [8989], [4853], [132], [6863], [79054], [2215], [1832], [3589], [4487], [1896], [5008], [8200], [7141], [265], [23314], [2274], [3872], [4172], [7227], [80326], [9622], [6926], [4284], [649], [9260], [10913], [5116], [10117], [23394], [765], [8490], [3493], [27202], [266], [60529], [585], [83872], [25928], [60401], [128178], [256764], [132625], [83999], [9119], [401138], [56033], [152816], [57549], [107988021], [107988022], [119180], [108281111]]
Grinding teeth:[[7157], [7422], [7124], [348], [3569], [3553], [7040], [8091], [4318], [627], [7099], [4609], [3479], [596], [3458], [4851], [6696], [9429], [3480], [8626], [51738], [836], [2697], [3791], [3557], [4288], [860], [929], [4982], [2247], [3552], [8600], [3309], [3486], [2263], [1490], [779], [5111], [5328], [7442], [2212], [4049], [4854], [2214], [652], [5080], [249], [4803], [842], [7042], [1000], [5083], [4322], [5167], [5744], [4254], [8792], [7043], [1672], [4317], [8989], [4853], [132], [6863], [79054], [2215], [1832], [3589], [4487], [1896], [5008], [8200], [7141], [265], [23314], [2274], [3872], [4172], [7227], [80326], [9622], [6926], [4284], [649], [9260], [10913], [5116], [10117], [23394], [765], [8490], [3493], [27202], [266], [60529], [585], [83872], [25928], [60401], [128178], [256764], [132625], [83999], [9119], [401138], [56033], [152816], [57549], [107988021], [107988022], [119180], [108281111]]
Bruxomania:[[]]
Bruxism:[[1813], [3356], [1814], [89], [6812], [1816]]
