Malignant lymphoma small noncleaved Burkitt's diffuse:[[]]
BURKITT LYMPHOMA:[[4609], [643], [7157], [7124], [3569], [4790], [6774], [3586], [1029], [675], [3106], [1026], [332], [5290], [406991], [23411], [960], [3105], [142], [581], [8626], [3320], [959], [406947], [4170], [406937], [1786], [958], [7057], [10673], [4792], [604], [700], [729230], [1789], [2735], [4602], [406935], [407021], [57379], [100048912], [578], [406942], [4194], [3939], [3662], [11009], [27113], [931], [407010], [79444], [5934], [123], [407975], [8115], [1874], [3455], [599], [976], [4209], [10148], [11274], [406974], [8543], [114614], [10301], [605], [9275], [286530], [9274], [79844], [192343]]
Burkitt lymphoma/leukemia:[[4609], [4170], [3662], [578], [1029], [8115], [643], [7157], [581], [7124], [3569], [8626], [4790], [10301], [6774], [3586], [23411], [1026], [332], [406991], [960], [5290], [142], [675], [3106], [406947], [3105], [3320], [1786], [959], [10673], [1789], [4602], [407021], [958], [406937], [57379], [604], [2735], [406935], [406942], [7057], [4792], [729230], [931], [100048912], [4194], [11009], [27113], [3939], [79444], [407010], [407975], [4209], [599], [976], [114614], [286530], [9275], [192343]]
Burkitt's tumor:[[]]
Burkitt lymphoma unspecified site:[[4609], [7157], [6774], [4790], [7124], [1029], [142], [1026], [960], [675], [581], [3320], [4170], [4194], [27113]]
Burkitt lymphoma/leukaemia:[[4609], [7157], [3569], [6774], [3586], [1029], [675], [3106], [1026], [5290], [3105], [142], [8626], [4170], [406947], [10673], [57379], [578], [3662], [406942], [931], [192343]]
Tumor Burkitt's:[[7157], [355], [8743], [10673], [6790], [5728], [10563], [57379], [4609], [3586], [3458], [207], [332], [581], [387], [1869], [1728], [4297], [10018], [2272], [7249], [9212], [5292], [3190], [3456], [7248], [51176], [2081], [56616], [10320], [3439], [4773], [3663], [7409], [3400], [27113], [6664], [5451], [637], [643], [55872], [10672], [1796], [80326], [11201], [933], [3595]]
Lymphoma Burkitt:[[643], [4609], [604], [57379], [8115], [3106], [7157], [700], [7124], [3569], [4790], [6774], [3586], [1029], [605], [9275], [581], [1026], [332], [406991], [5290], [4602], [9274], [675], [4170], [23411], [8626], [960], [3105], [406947], [142], [10673], [959], [958], [4792], [3320], [406937], [3662], [1786], [7057], [2735], [578], [9314], [931], [406942], [729230], [3939], [8741], [407021], [1789], [406935], [930], [11009], [100048912], [4194], [27113], [79444], [5934], [407010], [407975], [123], [599], [1874], [3399], [3455], [976], [10148], [4209], [11274], [406974], [8543], [114614], [10301], [286530], [79844], [192343]]
Burkitt's lymphoma:[[57379], [10563], [7157], [4609], [3586], [207], [5728], [332], [355], [581], [387], [1869], [1728], [10018], [10673], [2272], [7249], [10320], [5292], [3190], [7248], [51176], [2081], [56616], [5451], [637], [7409], [27113], [4773], [3400], [643], [11201], [10672], [55872], [933], [3595], [80326], [1796], [23089], [5452], [27434], [1847], [10603], [9242], [574029]]
Burkitts Lymphoma:[[]]
Burkitts Tumor:[[]]
Burkitt's lymphoma (clinical):[[10563], [57379], [7157], [4609], [3586], [207], [5728], [332], [355], [581], [10018], [1728], [10673], [7249], [1869], [387], [2272], [7248], [10320], [5292], [51176], [3190], [5451], [637], [2081], [27113], [7409], [4773], [55872], [3400], [10672], [933], [3595], [23089], [80326]]
Burkitt's tumour:[[57379], [10563], [7157], [4609], [3586], [207], [5728], [332], [3458], [8743], [1869], [355], [581], [2272], [6790], [387], [10673], [4297], [9212], [7249], [3439], [7248], [2081], [27113], [3400], [55872], [1796], [23089]]
BL:[[933], [7124], [1956], [7097], [2064], [3586], [3576], [672], [5743], [6774], [207], [4790], [1029], [4609], [4313], [5970], [23411], [7852], [332], [920], [5594], [1234], [4780], [355], [3162], [836], [142], [4582], [3725], [581], [3417], [4023], [406947], [5599], [3558], [10135], [1950], [2308], [9081], [6513], [100507436], [7057], [1728], [4792], [442862], [5340], [5315], [80339], [4057], [891], [81205], [684], [2645], [407021], [842], [4771], [8517], [2597], [3371], [102], [406992], [5292], [3716], [8945], [7096], [6683], [340061], [3662], [7471], [904], [1654], [1909], [6566], [9612], [8291], [1655], [7030], [375], [3440], [79444], [639], [57650], [6741], [4916], [8766], [5903], [10333], [3959], [10410], [3020], [5783], [5449], [5817], [65125], [2071], [2220], [10075], [6709], [1874], [9146], [2648], [7403], [8431], [9201], [3937], [64083], [1201], [3337], [1173], [9972], [5479], [3037], [113235], [10533], [969], [9730], [10521], [5520], [1434], [8519], [51305], [3301], [11235], [6711], [3185], [858], [2059], [3434], [64072], [5813], [5304], [5908], [23534], [4134], [5870], [4836], [54984], [23291], [80328], [30818], [4026], [11345], [106560211], [2889], [3140], [2107], [3508], [83605], [3792], [11128], [10130], [8997], [23396], [23365], [3431], [9098], [51520], [5902], [9681], [53947], [607], [8667], [81876], [2314], [27433], [1678], [8487], [200186], [116986], [57122], [9367], [9140], [80223], [7023], [4795], [9150], [5862], [114836], [374383], [8869], [5721], [30834], [9282], [51010], [1650], [2961], [153222], [2960], [1207], [9001], [10477], [8985], [114614], [2275], [63978], [81671], [9868], [3703], [83844], [8292]]
Burkitt lymphoma:[[4609], [643], [7157], [7124], [3569], [4790], [6774], [3586], [1029], [675], [3106], [1026], [332], [5290], [406991], [23411], [960], [3105], [142], [581], [8626], [3320], [959], [406947], [4170], [406937], [1786], [958], [7057], [10673], [4792], [604], [700], [729230], [1789], [2735], [4602], [406935], [407021], [57379], [100048912], [578], [406942], [4194], [3939], [3662], [11009], [27113], [931], [407010], [79444], [5934], [123], [407975], [8115], [1874], [3455], [599], [976], [4209], [10148], [11274], [406974], [8543], [114614], [10301], [605], [9275], [286530], [9274], [79844], [192343]]
Burkitt's type malignant lymphoma - undifferentiated:[[]]
Tumor Burkitt:[[675], [7124], [7157], [1029], [8626], [959], [10673], [8741], [4609], [7337], [643], [3569], [578], [4790], [6774], [3586], [8543], [23411], [960], [3105], [958], [1026], [332], [5290], [406991], [605], [142], [7057], [581], [9275], [3320], [406947], [4792], [3106], [4170], [729230], [406937], [1786], [1457], [9274], [604], [9314], [1789], [2735], [407021], [4602], [406935], [406942], [4194], [3939], [11009], [100048912], [79444], [3662], [407975], [931], [27113], [407010], [57379], [5934], [8115], [5093], [1460], [976], [1874], [1459], [930], [599], [3399], [406974], [4209], [10148], [11274], [10301], [192343]]
Burkitt's tumor or lymphoma:[[596], [8915], [595], [604], [3119], [238], [648], [4609], [2625], [643], [867], [57379], [10892], [10563], [7074], [1236], [53335], [5820], [602], [3596], [8115], [57674], [3123], [51341], [64919], [3106], [868], [607], [6886], [7157], [5966], [7124], [257144], [1956], [7422], [942], [3569], [4524], [3195], [3122], [9159], [3586], [84868], [7040], [6774], [283149], [83666], [5243], [207], [4790], [1029], [605], [5728], [5743], [1499], [23613], [26230], [3107], [64061], [28985], [2475], [79872], [4253], [29126], [54625], [3091], [4193], [3717], [255877], [9275], [4318], [3845], [7421], [3576], [1026], [332], [27332], [406991], [7852], [2950], [581], [4851], [673], [472], [6387], [2531], [603], [5290], [2099], [7099], [4026], [2146], [355], [50943], [2113], [5925], [51530], [9274], [2952], [64857], [2064], [2944], [151636], [51347], [4233], [4170], [1401], [367], [5133], [836], [51170], [27004], [4602], [3565], [1027], [154215], [8626], [23411], [5551], [3725], [1493], [675], [3553], [4288], [7515], [5970], [960], [6929], [9370], [4869], [3105], [406947], [3605], [3815], [3558], [3952], [7015], [3458], [340152], [9623], [4255], [4313], [387], [64062], [3958], [6622], [5468], [142], [5594], [2247], [3479], [9429], [3480], [8743], [3791], [3559], [8648], [80323], [2068], [3135], [407040], [6347], [5599], [10673], [100306940], [51752], [4049], [165631], [920], [6772], [6850], [3383], [567], [598], [4277], [4615], [2214], [5054], [3146], [5444], [7128], [10018], [4780], [64693], [4436], [3600], [7097], [3557], [2100], [3606], [5347], [59067], [958], [2932], [682], [8651], [5879], [5595], [7490], [2908]]
Burkitt's lymphoma - disorder:[[2272], [7157], [3586], [4609], [207], [5728], [4773], [355], [387], [1728], [7249], [7248], [2081], [56616]]
BL - Burkitt's lymphoma:[[933], [4609], [3586], [207], [332], [355], [581], [1728], [5292]]
Lymphoma Burkitt's:[[57379], [10563], [4609], [643], [7157], [3586], [207], [5728], [332], [581], [355], [3458], [387], [8743], [10673], [10018], [1869], [4297], [6790], [1728], [10320], [2272], [5292], [9212], [7249], [6664], [3663], [51176], [2081], [27113], [3400], [3190], [5451], [7248], [4773], [7409], [56616], [637], [10672], [933], [55872], [11201], [5452], [80326], [3595], [23089], [1796], [27434], [1847], [9242], [10603], [574029]]
Burkitt's type malignant lymphoma - small non-cleaved:[[]]
