Diaphyseal Dysplasia 1 Progressive:[[7040]]
Diaphyseal dysplasia:[[7040], [4233]]
PROGRESSIVE DIAPHYSEAL DYSPLASIA:[[7040]]
Engelmann syndrome:[[7040]]
Engelmann's disease:[[]]
Osteopathia hyperostotica multiplex infantis:[[]]
Camurati-Engelmann syndrome:[[]]
DIAPHYSEAL DYSPLASIA 1 PROGRESSIVE:[[7040]]
Engelman's disease:[[1493], [5979], [64127], [11315], [351], [8792], [348], [5071], [1910], [3064], [3586], [6774], [3123], [1029], [6622], [4137], [540], [5310], [3717], [6347], [24], [1201], [6387], [3119], [120892], [335], [7450], [5621], [7422], [3569], [338], [5311], [3949], [3107], [4287], [19], [4023], [5664], [57623], [1071], [3558], [4314], [255738], [4088], [356], [3117], [26191], [1191], [653361], [1586], [958], [26503], [1401], [2629], [4018], [3593], [116519], [6927], [4688], [729230], [3106], [864], [3570], [80339], [7415], [6597], [2244], [59067], [345], [8651], [3115], [10577], [149233], [5314], [6261], [3592], [7957], [1030], [28], [10320], [1234], [3659], [246778], [3990], [4041], [1378], [100048912], [3077], [3383], [6775], [5376], [9173], [2161], [55600], [26058], [7439], [1138], [4361], [4582], [7369], [1956], [1282], [3122], [6653], [4747], [51752], [7124], [4359], [538], [55054], [1136], [6311], [5663], [3931], [3992], [2646], [6584], [337], [9966], [4321], [56606], [217], [1235], [274], [5734], [2524], [7040], [341], [7292], [3953], [4524], [1232], [6272], [5966], [5771], [2308], [54901], [4068], [7332], [8878], [3562], [100507436], [9388], [3084], [2099], [10452], [3559], [6583], [5328], [8301], [1636], [3635], [4693], [1230], [2212], [945], [4318], [29881], [9370], [5243], [367], [4790], [7128], [7421], [64241], [54332], [6403], [1373], [7077], [4846], [94103], [51085], [2243], [10019], [345611], [7015], [4311], [2581], [10221], [56731], [7840], [2876], [940], [6606], [60468], [3595], [2266], [50941], [100359403], [3458], [221692], [10347], [3658], [3133], [2904], [64478], [1394], [64170], [64399], [5594]]
Diaphyseal sclerosis:[[7040], [4233]]
Camurati Engelmann Syndrome:[[]]
ENGELMANN DISEASE:[[7040]]
CED:[[7040], [841], [55764], [22861], [9844], [8915], [837], [51454], [63916], [84173], [79767], [255520], [55531], [596], [6622], [3119], [5879], [19], [598], [25], [3117], [958], [5950], [4035], [5058], [834], [5829], [317], [9564], [835], [23210], [10347], [1793], [4026], [9994], [8996], [8738], [10787], [10217], [55367], [84466], [57539], [112752]]
Camurati-Engelmann Syndrome:[[]]
Camurati Engelmann Disease:[[7040]]
DPD1:[[7040]]
Progressive Diaphyseal Dysplasia:[[7040]]
Progressive diaphyseal dysplasia:[[7040]]
CAEND:[[]]
Hyperostoses Diaphyseal:[[]]
Hyperostosis Diaphyseal:[[]]
CAMURATI-ENGELMANN DISEASE:[[7040]]
PDD:[[348], [1859], [26020]]
Dysplasias Progressive Diaphyseal:[[7040]]
Engelmann Disease:[[7040]]
Engelmann's Disease:[[]]
Camurati-Engelmann Disease:[[7040]]
