Oat Cell Carcinomas:[[]]
Small cell neuroendocrine carcinoma:[[3815], [7157], [1029], [1956], [3576], [2064], [960], [5925], [8626], [7015], [29126], [3875], [1026], [6513], [1027], [3091], [4760], [5979], [5079], [5156], [5290], [332], [429], [673], [6696], [2735], [7080], [3579], [3642], [2719], [238], [3880], [216], [7849], [3170], [3856], [4613], [7913], [23600], [3855], [4133], [54474], [3799], [9582], [6755], [10683], [139378]]
Small Cell Carcinoma:[[1956], [7040], [2950], [367], [5728], [7015], [2944], [3815], [2100], [6597], [5925], [4255], [238], [1588], [6657], [2321], [8842], [682], [2078], [6935], [5156], [2625], [5058], [216], [7080], [1113], [3579], [2833], [10643], [7113], [26762], [8549], [6595], [8644], [4345], [2208], [3726], [1230], [5880], [4133], [4824], [429], [6862], [3642], [3954]]
Small cell carcinoma:[[1956], [7040], [2950], [367], [5728], [7015], [2944], [3815], [2100], [6597], [5925], [4255], [238], [1588], [6657], [2321], [8842], [682], [2078], [6935], [5156], [2625], [5058], [216], [7080], [1113], [3579], [2833], [10643], [7113], [26762], [8549], [6595], [8644], [4345], [2208], [3726], [1230], [5880], [4133], [4824], [429], [6862], [3642], [3954]]
Small Cell Carcinomas:[[7157], [1029], [7015], [3815], [5925], [8626], [1958], [6794], [2625], [2078], [6597], [7080], [3852], [7113], [1364], [9476], [11000]]
Round cell carcinoma:[[]]
SCC - Small cell carcinoma:[[1956], [7015], [7040], [367], [2944], [5925], [3815], [2100], [6657], [238], [682], [2078], [6935], [7080], [10643], [7113], [8644], [6862]]
Reserve cell carcinoma:[[]]
Oat Cell Carcinoma:[[]]
Oat cell carcinoma:[[]]
