Islet Cell Carcinoma:[[]]
Islet cell adenocarcinoma:[[4072], [3479], [5468], [9370], [3688], [7431], [3630], [5265], [114548], [100507436], [2688], [2150], [5294], [655], [637], [3651], [868], [5967], [5968]]
Malignant tumor of Islets of Langerhans:[[6347], [5562], [3630], [3643], [10563]]
Islet Cell Carcinomas:[[]]
Pancreatic endocrine tumor malignant:[[1029], [5979], [6690], [3576], [5925], [324], [7428], [999], [7015], [4089], [6790], [3815], [11186], [3569], [673], [9232], [1030], [1027], [4609], [4585], [207], [2064], [2017], [9451], [7422], [1956], [6774], [3845], [7048], [7040], [2099], [596], [3091], [3479], [5290], [2475], [3717], [51741], [5743], [7421], [960], [9370], [2261], [4221], [7852], [595], [2950], [5468], [5594], [332], [3480], [4233], [84432], [2146], [2100], [1026], [4288], [3481], [1019], [10413], [51738], [3952], [3486], [6772], [5747], [5595], [8842], [5460], [6662], [283120], [3934], [6469], [9429], [836], [6934], [3135], [1636], [2260], [2305], [5054], [841], [3065], [1490], [2778], [216], [7425], [22943], [1493], [5328], [2321], [3725], [2067], [7494], [6648], [2308], [1113], [5241], [1950], [768], [7057], [2263], [5781], [4316], [10135], [100124700], [5578], [2194], [9112], [3630], [301], [3320], [7849], [196], [3880], [2034], [3953], [406971], [4088], [133], [25], [6591], [5058], [3627], [5295], [3570], [6647], [998], [2113], [5159], [3643], [2852], [6928], [5888], [3159], [494324], [4684], [51651], [9365], [2065], [2056], [6752], [7345], [3485], [1591], [10399], [5176], [10406], [2896], [3169], [79068], [7534], [406987], [1500], [3170], [406983], [5914], [283131], [9201], [8289], [6659], [406933], [407043], [7039], [406989], [8140], [10381], [4680], [5196], [1268], [51129], [1364], [6776], [3181], [5573], [6392], [3488], [3624], [7415], [760], [10481], [3217], [3290], [5629], [4922], [253260], [1366], [1269], [3291], [2746], [10894], [7476], [84634], [429], [3516], [406953], [5451], [6755], [7367], [3399], [10451]]
Malignant Islet cell tumor:[[]]
Pancreatic endocrine tumour malignant:[[5979], [1029], [7015], [4089], [6690], [673], [3569], [999], [4609], [1027], [4585], [2064], [207], [7422], [1956], [3845], [9451], [7040], [3091], [6774], [2099], [596], [5290], [2475], [3576], [5743], [7852], [595], [7421], [332], [960], [3815], [4288], [3479], [4233], [1026], [4221], [3480], [2146], [2100], [5925], [5468], [5594], [324], [10413], [8842], [5747], [3486], [7428], [2950], [7048], [51738], [6662], [51741], [3934], [5460], [11186], [5054], [2321], [768], [3952], [9370], [5595], [216], [2260], [2305], [6469], [1490], [9429], [5328], [6790], [2261], [3630], [3065], [3135], [1636], [5241], [1493], [3725], [836], [22943], [2263], [6648], [7494], [1950], [6591], [2308], [3320], [100124700], [196], [4316], [133], [6647], [10135], [3481], [7849], [301], [2034], [3880], [494324], [9232], [3643], [2065], [7057], [3570], [5781], [3953], [3627], [4088], [406971], [5058], [2113], [5159], [841], [3159], [7345], [283120], [6752], [5888], [1268], [9365], [2056], [5295], [3170], [5176], [2852], [10381], [3169], [7534], [8289], [407043], [406983], [4680], [406933], [9201], [283131], [10399], [3488], [1364], [406987], [2017], [1269], [5196], [51129], [6392], [406989], [5629], [10481], [406953], [84634], [253260], [429], [7476], [1366], [10894], [79885]]
Carcinoma of endocrine pancreas:[[7494], [3569], [207], [3479], [2308], [1950], [6662], [3570], [23405], [301], [4057], [1268], [6659], [7345], [578], [3280], [760], [3170], [9451], [1269], [3642], [6517], [4760], [429], [3651], [9290], [7114], [2695], [9480]]
Malignant neoplasm of islets of langerhans:[[10563]]
Malignant neoplasm of Islets of Langerhans:[[10563]]
Malignant neoplasm of islets of Langerhans:[[10563]]
Islet cell carcinoma:[[]]
Endocrine pancreatic carcinoma:[[5979], [4089], [1029], [3651], [3576], [7015], [124220], [3320], [4233], [6690], [768], [3845], [1030], [4585], [5290], [2017], [9451], [1027], [3569], [7494], [999], [4609], [841], [55908], [2064], [207], [7422], [1956], [5925], [3516], [324], [7040], [7428], [2099], [84432], [596], [5068], [5468], [2475], [3091], [6774], [7421], [673], [4221], [2034], [5743], [3479], [7852], [6928], [595], [3717], [3952], [5594], [9370], [1026], [332], [3480], [960], [2100], [51738], [3815], [2146], [4288], [3486], [1080], [6934], [7425], [5595], [10413], [3934], [6662], [5747], [1636], [2950], [9429], [5054], [3725], [2305], [6648], [8842], [1493], [5460], [6772], [6790], [2260], [2308], [1490], [2778], [3065], [1950], [836], [3135], [6469], [1113], [3630], [22943], [2263], [5578], [133], [3481], [5241], [100124700], [5328], [216], [301], [7518], [5781], [4088], [1728], [2067], [2261], [51651], [3953], [5058], [196], [6647], [3642], [2321], [283120], [4316], [998], [5888], [796], [10135], [6591], [79068], [3643], [9112], [2113], [7057], [2065], [5295], [3570], [7048], [406971], [3880], [11186], [494324], [9232], [2056], [2896], [5159], [1019], [9365], [4803], [3627], [7849], [4684], [4760], [3280], [2194], [51741], [3159], [7534], [7345], [2852], [3169], [1500], [8405], [10399], [5771], [4057], [8202], [406933], [6752], [185], [26291], [7039], [3170], [406983], [8289], [6659], [23022], [2264], [283131], [3485], [1268], [407043], [5176], [10013], [360], [3624], [406987], [10406], [2534], [25], [6198], [1364], [51129], [3976], [8140], [3918], [5610], [406989], [5950], [9201], [6776], [7415], [632], [8856]]
Malignant tumour of Islets of Langerhans:[[6347], [3630], [3643], [10563]]
Islet Cell Tumor Malignant:[[]]
Malignant Islet cell tumour:[[3479], [3688], [5468], [9370], [100507436], [7431], [3630], [4072], [3627], [5265], [7128], [2150], [7249], [5294], [4254]]
