Intraductal carcinoma noninfiltrating no ICD-O subtype:[[]]
Intraductal Carcinomas:[[5979], [6615], [6935], [1462]]
Intraductal adenocarcinoma noninfiltrating:[[4072], [4585], [7157], [4582], [2064], [7422], [324], [3845], [207], [5728], [1499], [673], [1029], [5743], [5290], [406991], [11200], [999], [675], [3553], [960], [332], [2146], [5979], [2100], [4292], [2778], [4089], [3815], [3952], [6513], [7291], [6469], [648], [6662], [6794], [4316], [1045], [2078], [8091], [4436], [1786], [4586], [10643], [6615], [2735], [6935], [5268], [3265], [406947], [7430], [9518], [1048], [7052], [100133941], [2022], [4311], [94025], [3655], [10631], [7039], [27250], [6286], [1364], [4583], [10551], [406973], [9201], [574411], [1755], [1301], [83998], [6997], [54474], [406972], [1015], [406966], [51208], [4588], [54894], [474], [56667], [192343], [645468]]
Noninfiltrating Intraductal Carcinoma:[[]]
DCIS:[[2064], [7157], [1956], [3569], [672], [2099], [5743], [3091], [207], [675], [5468], [595], [7852], [4233], [5290], [5054], [4582], [6347], [2706], [960], [2100], [2146], [3480], [1027], [8626], [857], [64127], [5241], [4288], [5747], [2260], [6513], [3486], [6657], [3685], [5329], [2065], [7128], [796], [3084], [5328], [2272], [6615], [4311], [6382], [10855], [729230], [6678], [10631], [768], [216], [6502], [7037], [51741], [5742], [3838], [3675], [51094], [406932], [3398], [664], [3861], [977], [8061], [5313], [1301], [5266], [3694], [427], [5641], [8277], [5909], [8482], [607], [1515], [92304], [64710], [83660], [8974]]
Intraductal carcinoma noninfiltrating:[[7157], [7422], [5728], [675], [2100], [5979], [4089], [1786], [2078], [5716], [5987], [8031], [2637]]
Non-infiltrating intraductal adenocarcinoma:[[7157], [4585], [2064], [7422], [3845], [5743], [207], [5290], [999], [5728], [1029], [1499], [673], [3553], [2100], [960], [332], [3815], [4436], [4316], [3265], [406947], [7430], [6615], [94025], [51208], [4588]]
Ductal carcinoma in situ (breast):[[672], [675], [7015], [4582], [1029], [7157], [8202], [2272], [4609], [999], [2066], [2064], [1956], [7040], [7422], [5743], [4318], [5243], [5728], [5468], [29126], [7852], [6347], [1026], [960], [4851], [4233], [3815], [4288], [3383], [2146], [2100], [50943], [3480], [142], [8626], [1588], [3082], [6513], [2260], [7298], [1111], [3014], [2625], [864], [6678], [92140], [51741], [4311], [6720], [729230], [1634], [7128], [1500], [1000], [7534], [84557], [10628], [6278], [2296], [407050], [4751], [406950], [3624], [7227], [3156], [29108], [2191], [6926], [1445], [9451], [4838], [1366], [6664], [1474], [6783], [5521], [5641], [23452], [7088], [23581], [9584], [406951], [8569], [79084], [1515], [1537], [8974], [57534], [6775079]]
pTis: Ductal carcinoma in situ (breast):[[]]
Intraductal carcinoma:[[7157], [7422], [5728], [675], [2100], [5979], [4089], [1786], [2078], [5716], [5987], [8031], [2637]]
Intraductal Carcinoma:[[7157], [7422], [5728], [675], [2100], [5979], [4089], [1786], [2078], [5716], [5987], [8031], [2637]]
Ductal carcinoma in situ:[[2064], [7157], [1956], [7040], [7422], [672], [5743], [1029], [4318], [5243], [5728], [675], [5468], [7015], [4609], [999], [29126], [7852], [6347], [1026], [960], [4851], [4233], [4288], [3815], [3383], [2146], [2100], [50943], [3480], [142], [4582], [8626], [1588], [3082], [6513], [2260], [7298], [2272], [1111], [7128], [729230], [3014], [2625], [864], [4311], [6678], [7534], [6720], [92140], [2066], [51741], [1000], [8202], [3624], [84557], [1634], [1500], [3156], [7014], [406950], [10628], [1445], [9451], [2191], [6278], [2296], [29108], [407050], [4751], [6664], [4838], [7227], [1366], [6926], [23452], [7088], [5521], [5641], [23581], [6783], [8569], [9584], [79084], [406951], [1474], [1515], [1537], [57534], [8974], [6775079]]
Non-infiltrating intraductal carcinoma:[[7157], [7422], [5728], [2100]]
Noninfiltrating Intraductal Carcinomas:[[]]
Ductal Carcinoma In Situ:[[2064], [7157], [1956], [7040], [7422], [672], [5743], [1029], [4318], [5243], [5728], [675], [5468], [7015], [4609], [999], [29126], [7852], [6347], [1026], [960], [4851], [4233], [4288], [3815], [3383], [2146], [2100], [50943], [3480], [142], [4582], [8626], [1588], [3082], [6513], [2260], [7298], [2272], [1111], [7128], [729230], [3014], [2625], [864], [4311], [6678], [7534], [6720], [92140], [2066], [51741], [1000], [8202], [3624], [84557], [1634], [1500], [3156], [7014], [406950], [10628], [1445], [9451], [2191], [6278], [2296], [29108], [407050], [4751], [6664], [4838], [7227], [1366], [6926], [23452], [7088], [5521], [5641], [23581], [6783], [8569], [9584], [79084], [406951], [1474], [1515], [1537], [57534], [8974], [6775079]]
Intraductal carcinoma in situ of breast:[[675], [7157], [7422], [5728], [2100], [5979], [5716]]
Intraductal carcinoma noninfiltrating no International Classification of Diseases for Oncology subtype:[[]]
