Cylindroma (except Cylindroma of skin M-82000):[[]]
Adenoid cystic carcinoma:[[7157], [1956], [7422], [3091], [999], [3815], [4318], [1029], [1499], [5728], [6774], [4790], [332], [7015], [7852], [4851], [2475], [596], [595], [4193], [4313], [5594], [1234], [406991], [472], [5970], [2100], [1432], [6667], [8626], [3690], [4602], [6648], [9429], [5879], [3958], [5595], [8743], [4282], [6657], [682], [4288], [2247], [4869], [861], [2697], [3309], [6352], [8842], [1786], [3315], [8678], [6615], [5111], [864], [648], [5328], [5300], [2034], [7430], [4316], [7424], [4684], [4072], [6502], [7018], [1969], [7295], [4803], [6591], [4914], [2876], [3897], [10630], [1508], [51284], [9817], [1509], [102], [27250], [3397], [84557], [3485], [4162], [9839], [3852], [4853], [2346], [7100], [664], [6663], [407007], [8140], [2810], [11156], [6659], [346389], [3920], [1082], [9474], [4855], [8493], [3861], [11197], [7049], [6495], [407037], [8754], [7468], [407975], [4837], [23326], [1173], [5036], [1942], [6899], [4781], [2069], [5521], [117581], [7025], [610], [57509], [391], [4200], [5396], [1002], [220134], [2535], [4324], [4603], [2019], [10962], [1010], [144406], [374897], [140807], [116832], [26952], [192343]]
Carcinomas Adenocystic:[[1956], [596]]
Adenocarcinoma cylindroid:[[7015], [378938], [4072], [8626], [4585], [7157], [4582], [23136], [1956], [324], [28987], [7422], [7124], [3569], [7040], [4524], [2064], [2099], [3091], [672], [4318], [6774], [3845], [673], [207], [4790], [7421], [124220], [1029], [5728], [5743], [1499], [3576], [4609], [5243], [81037], [11200], [348], [999], [2475], [3479], [29126], [596], [7852], [27243], [675], [4193], [4313], [7099], [5594], [595], [3553], [1026], [332], [5290], [5468], [406991], [9370], [3586], [960], [4851], [4233], [6387], [4780], [2944], [6696], [2146], [367], [2100], [472], [3146], [3480], [5979], [857], [100505592], [4292], [5133], [27086], [3958], [7515], [10413], [2950], [23411], [8743], [50943], [9913], [351], [3717], [5747], [1080], [6648], [238], [4288], [5595], [1027], [3082], [3458], [1401], [1234], [1312], [2932], [2952], [3815], [3952], [79850], [6790], [1138], [3688], [355], [2067], [6513], [5925], [2263], [8842], [2068], [4089], [407040], [1432], [6657], [6667], [7291], [5460], [7076], [7298], [347902], [3135], [51196], [3605], [9429], [5879], [4312], [406937], [2305], [6469], [6647], [3162], [648], [3383], [154], [1493], [4282], [5054], [2335], [8678], [6347], [387], [682], [6794], [142], [5970], [6765], [7097], [1869], [1136], [4316], [836], [7424], [328], [4255], [177], [302], [22943], [7431], [6714], [3934], [1994], [3791], [2078], [3690], [3606], [4170], [55937], [1813], [4968], [5241], [216], [6662], [8091], [3417], [3565], [4088], [2260], [5315], [3065], [1045], [2152], [100124700], [1786], [3486], [5621], [11186], [5265], [1728], [301], [6678], [7048], [2321], [558], [335], [7080]]
Cystic Carcinoma Adenoid:[[7157], [1029], [8626], [999], [3845], [1499], [861], [7015], [1956], [3091], [3815], [7422], [4318], [3569], [332], [4851], [4790], [2034], [6774], [5728], [3605], [2475], [4602], [596], [7852], [595], [4193], [3479], [3852], [3458], [4313], [5594], [3146], [406991], [6667], [472], [5970], [2100], [1432], [6657], [682], [3690], [4282], [6648], [9429], [5879], [3958], [4288], [5595], [8743], [2247], [1234], [3309], [864], [8842], [8678], [6615], [2261], [1786], [3315], [5328], [5300], [5111], [2697], [648], [4869], [6352], [7424], [6591], [7430], [4316], [4072], [1969], [7295], [4684], [6502], [10630], [1508], [4914], [2876], [3897], [27250], [51284], [9817], [84557], [102], [5580], [3397], [664], [3485], [4162], [9839], [4803], [346389], [407007], [8140], [2810], [11156], [1509], [7100], [6659], [7018], [4853], [2346], [4855], [11197], [7049], [9474], [4781], [3861], [407037], [6663], [6495], [4837], [8493], [23326], [1082], [7468], [8828], [6693], [3920], [407975], [4172], [8754], [1942], [83998], [41], [1173], [2069], [6899], [5036], [57509], [5521], [4603], [117581], [5396], [7025], [220134], [610], [4200], [1002], [391], [2535], [4324], [2019], [10962], [144406], [1010], [374897], [116832], [140807], [192343], [26952]]
Cylindromas:[[7157], [4602], [1540], [4781], [80216]]
Adenocystic carcinoma:[[1956], [596]]
Cystic Carcinomas Adenoid:[[7157], [1956], [3091], [3815], [1029], [7422], [999], [4318], [3845], [1499], [332], [4851], [5728], [2475], [6774], [4602], [596], [3569], [595], [7015], [4790], [4313], [7852], [8626], [4193], [406991], [3605], [6657], [3479], [3958], [4288], [5594], [2100], [472], [4282], [9429], [682], [8842], [7424], [3146], [1234], [6667], [4072], [2261], [6615], [8743], [5970], [6591], [6648], [5595], [2247], [6502], [10630], [648], [864], [3309], [3897], [7430], [2697], [5580], [4869], [4316], [8678], [5111], [2034], [1786], [3315], [5328], [1969], [3397], [4914], [4803], [4684], [2810], [27250], [1508], [3852], [102], [4781], [84557], [664], [1509], [3485], [4162], [6663], [8140], [4853], [9839], [346389], [407007], [6693], [8828], [4172], [8754], [41], [1173], [1942], [83998], [2069], [4603], [5396], [4324], [374897], [192343]]
Carcinoma Adenocystic:[[1956], [596]]
Cylindroma:[[1540]]
