Basal cell carcinoma of skin:[[7157], [4157], [4311], [1956], [7299], [3662], [1029], [4948], [55770], [7015], [7422], [7124], [3569], [7040], [5743], [7421], [3091], [6774], [4318], [4524], [8626], [5728], [1499], [3586], [2475], [4313], [6868], [332], [3576], [960], [999], [406991], [596], [3815], [2312], [1030], [434], [1910], [3480], [10413], [3852], [50943], [29126], [2068], [7852], [355], [6387], [4288], [55920], [2950], [675], [3725], [6714], [2146], [1906], [1490], [4582], [5727], [58480], [5133], [4292], [6469], [841], [7291], [3356], [2735], [5443], [5578], [6352], [6513], [650], [2625], [648], [4087], [4170], [3558], [81037], [4436], [4323], [7053], [406937], [6662], [3685], [7517], [3491], [5156], [598], [6657], [3290], [2833], [652], [6608], [4684], [4804], [8314], [6591], [2272], [7507], [2736], [8837], [102], [1540], [2876], [1113], [3611], [7078], [4322], [3880], [2074], [6663], [3872], [7471], [3861], [10381], [1386], [3918], [8797], [2191], [1655], [1890], [1909], [8549], [26585], [51684], [378805], [4502], [10642], [407975], [3161], [3911], [3621], [56998], [4837], [4319], [3549], [6693], [337867], [1856], [7088], [1627], [6899], [10961], [4781], [7473], [3038], [3866], [55160], [81858], [4811], [51384], [22822], [8643], [4694], [8372], [5613], [79776], [252884], [192343], [6775079]]
Basalioma:[[6280], [6278]]
Epithelioma basal cell:[[7046]]
RU - Rodent ulcer:[[]]
Ulcers Rodent:[[7422], [348], [7421], [3082], [2247], [64135]]
BCC - Basal cell carcinoma of skin:[[7157], [4157], [1956], [1029], [7015], [3569], [6774], [8626], [4318], [3091], [3586], [2475], [4313], [6868], [999], [1030], [3852], [5727], [2068], [7852], [2950], [2735], [6469], [650], [3558], [652], [4684], [6608], [102], [4322], [6663], [26585], [3549], [4811]]
Carcinomas Basal Cell:[[7157], [1029], [3815], [596], [1956], [4851], [3586], [7422], [6469], [3569], [3383], [7040], [207], [2064], [4254], [999], [3565], [406991], [595], [7124], [634], [960], [857], [7852], [998], [4609], [2625], [3558], [8626], [1499], [1525], [6387], [6662], [1000], [7015], [958], [100133941], [5728], [4582], [3688], [7474], [3576], [2247], [5159], [983], [5175], [1969], [5347], [10630], [916], [5155], [4072], [4193], [2263], [2475], [2066], [1803], [8842], [3479], [5468], [5925], [355], [581], [6403], [4602], [2065], [4233], [6774], [2068], [1017], [51561], [5594], [51176], [29126], [682], [50943], [10135], [6513], [11200], [5133], [1026], [6714], [10413], [3091], [5747], [5111], [3553], [6401], [4170], [3875], [367], [26585], [1030], [846], [1906], [8737], [9370], [4684], [27250], [3678], [912], [650], [780], [3685], [4067], [7430], [3717], [768], [6422], [3958], [4070], [23411], [3918], [182], [4790], [6657], [4318], [374], [8000], [4760], [3952], [3162], [2146], [977], [55920], [6868], [5979], [841], [407006], [811], [89780], [59], [835], [6794], [7048], [2099], [4162], [4171], [7832], [50855], [4089], [100048912], [672], [3965], [301], [3559], [4780], [836], [9235], [1316], [407040], [7046], [2022], [5727], [6772], [7068], [3728], [5290], [7471], [7428], [5743], [4313], [3600], [4088], [3845], [4323], [2071], [1490], [675], [896], [5156], [1869], [1012], [3624], [1045], [472], [55872], [6608], [7942], [5578], [356], [406938], [909], [2627], [947], [5584], [659], [5590], [1636], [3691], [3852], [5076], [5054], [332], [6624], [5243], [5970], [972], [5371], [7421]]
Epithelioma Basal Cell:[[7046]]
Basal cell carcinomas:[[7157], [1956], [7422], [1029], [5743], [673], [7421], [2475], [7852], [595], [5054], [332], [23411], [3383], [3480], [4288], [10135], [5329], [3559], [5328], [6662], [7048], [4613], [3014], [864], [8314], [2638], [898], [5727], [5175], [952], [10630], [3880], [2833], [5921], [4171], [26585], [4654], [6608], [6277], [916], [794], [9241], [4437], [5325], [968], [1627], [3963], [51684], [22822], [90417], [10040], [192343]]
Rodent ulcer:[[]]
Cancer of skin basal cell:[[]]
Ulcer Rodent:[[7422], [3586], [5243], [7421], [4609], [2247], [4314], [65010]]
Epitheliomas Basal Cell:[[]]
Basal cell epithelioma:[[]]
Carcinoma Basal Cell:[[7157], [1029], [3815], [596], [1956], [4582], [8626], [3576], [3586], [4851], [3569], [6469], [5788], [3383], [100133941], [7422], [999], [652], [5879], [7412], [3565], [7040], [6352], [8829], [11200], [4254], [207], [2064], [634], [1499], [7124], [406991], [5979], [595], [7852], [998], [857], [6794], [1030], [960], [780], [26585], [7015], [4089], [4233], [861], [3558], [4739], [4609], [4070], [7042], [2625], [768], [1525], [958], [6662], [6387], [100048912], [5925], [7474], [1000], [3688], [2247], [983], [1969], [5159], [4157], [5728], [5347], [2263], [5155], [5175], [1022], [2066], [3077], [841], [1803], [7010], [10630], [387], [3123], [3932], [916], [4193], [5028], [4846], [4072], [3627], [100307123], [100307122], [100307121], [100307120], [100307119], [100307118], [3479], [975], [1017], [2475], [2068], [8842], [3690], [4059], [3320], [51176], [581], [2065], [355], [6403], [23513], [51561], [5468], [50943], [682], [1020], [5594], [6774], [3684], [5133], [55920], [6714], [4602], [3553], [1495], [10135], [5111], [10413], [10399], [29126], [5747], [3875], [4170], [9370], [1906], [6513], [1026], [3767], [56288], [4684], [6401], [3678], [3091], [27250], [58480], [8737], [1410], [6347], [367], [3717], [846], [6376], [650], [5144], [3685], [5754], [6422], [1003], [23411], [7430], [912], [3458], [182], [3952], [4790], [3673], [5290], [6868], [3918], [4067], [977], [3162], [356], [351], [55770], [7428], [374], [3845], [8000], [6955], [407006], [5663], [3958], [1025], [655], [6402], [3852], [4162], [6927], [3965], [6657], [949], [81037], [59], [89780], [4780], [4171], [4318], [811], [7048], [4760], [2146]]
