Merkel cell tumour:[[3815], [7157], [596], [1956], [4851], [6469], [4254], [999], [207], [23705], [8626], [1499], [4193], [5925], [2066], [5133], [2475], [7015], [29126], [581], [6657], [4267], [2146], [5156], [5290], [1432], [100507436], [4118], [5743], [332], [7099], [5371], [4255], [429], [673], [2100], [3480], [2719], [7080], [2735], [11186], [5460], [238], [6502], [7849], [55294], [4277], [4194], [10397], [1994], [3925], [9332], [10155], [6752], [8085], [7874], [3855], [340273], [6392]]
Primary cutaneous neuroendocrine carcinoma:[[673], [1029], [7015], [7157], [1956], [29126], [2064], [3091], [3815], [3576], [1026], [8626], [960], [5979], [5290], [5925], [238], [1027], [6513], [5156], [4613], [3880], [3875], [7849], [3856]]
Merkel Cell Carcinoma:[[7157], [29126], [3815], [207], [1499], [7099], [7015], [999], [596], [4193], [8626], [5133], [332], [5290], [2146], [4851], [5925], [2100], [581], [4255], [238], [5460], [100507436], [5156], [6469], [11186], [7080], [4684], [2735], [2066], [1113], [9332], [2719], [6777], [4254], [4194], [7849], [3852], [340061], [2026], [5079], [4486], [4277], [7913], [8085], [3440], [4267], [2208], [23314], [54474], [1192], [3855], [4319], [429], [3693], [3642], [474], [3092], [340273], [4485], [56547], [25932], [51100], [4610], [79148], [5459], [118856]]
Merkel cell tumor:[[]]
Tumors Merkle:[[]]
Trabecular cell carcinoma of skin:[[3569], [7422], [5879], [7040], [406991], [1499], [857], [7042], [6387], [3688], [5925], [2247], [3479], [387], [3553], [355], [7074], [6401], [5594], [23411], [6347], [3685], [3280], [3958], [6422], [356], [2099], [4790], [7048], [4318], [1490], [4088], [406938], [348], [7421], [823], [8600], [1545], [4313], [3964], [4288], [2833], [6280], [4087], [407024], [3309], [7052], [283], [3611], [4804], [154], [6678], [5080], [406985], [1113], [59341], [3308], [1312], [6279], [2778], [8792], [6385], [391], [7158], [6288], [624], [9588], [4212], [51384], [4986], [27179], [8406], [57534]]
Merkel cell carcinoma:[[7157], [29126], [3815], [207], [1499], [7099], [7015], [999], [596], [4193], [8626], [5133], [332], [5290], [2146], [4851], [5925], [2100], [581], [4255], [238], [5460], [100507436], [5156], [6469], [11186], [7080], [4684], [2735], [2066], [1113], [9332], [2719], [6777], [4254], [4194], [7849], [3852], [340061], [2026], [5079], [4486], [4277], [7913], [8085], [3440], [4267], [2208], [23314], [54474], [1192], [3855], [4319], [429], [3693], [3642], [474], [3092], [340273], [4485], [56547], [25932], [51100], [4610], [79148], [5459], [118856]]
Tumor Merkel Cell:[[7157], [3815], [596], [4254], [8626], [1956], [23705], [4851], [6469], [5925], [999], [207], [4193], [1499], [2066], [5133], [29126], [2475], [581], [7015], [6401], [4684], [11186], [5079], [6657], [4267], [2146], [7099], [2719], [1432], [5156], [6777], [100507436], [5290], [5371], [4118], [4255], [5743], [429], [54106], [332], [2100], [7080], [3480], [2735], [3440], [673], [238], [5460], [3642], [1113], [6502], [7849], [23476], [3693], [3852], [55294], [340061], [4194], [4486], [1994], [4277], [1978], [10397], [25932], [8517], [9332], [3925], [6752], [10155], [8085], [23314], [7874], [2026], [1192], [54474], [474], [7913], [4319], [340273], [6392], [3855], [56547], [3092], [6755], [4485], [147138], [79148], [51100], [5531], [118856], [4610]]
Merkel cell carcinoma NOS:[[29126], [1499]]
Apudoma of skin:[[1277], [4157], [1278], [4311], [1673], [1956], [7299], [4254], [3662], [4948], [5266], [201163], [3052], [51151], [8924], [7157], [84659], [7124], [7422], [4000], [7040], [3569], [2200], [3091], [4524], [6774], [55770], [673], [7421], [4318], [2064], [5728], [1499], [4846], [3553], [1029], [5743], [7099], [8626], [2475], [3586], [51806], [7306], [3479], [348], [1832], [6622], [6868], [4313], [3458], [1294], [367], [207], [151516], [3576], [595], [4780], [9370], [332], [23411], [960], [4851], [3605], [999], [4790], [2099], [406991], [123041], [596], [7097], [3606], [7015], [2312], [3815], [4609], [3845], [627], [3688], [2706], [351], [3565], [5468], [6347], [672], [3383], [7515], [4233], [1910], [2100], [3106], [3146], [1026], [4312], [3480], [3958], [5243], [10413], [1401], [283652], [10231], [3162], [2944], [50943], [434], [29126], [1041], [2629], [4282], [2068], [3552], [3265], [114548], [4193], [3135], [196], [6532], [1312], [1432], [7098], [7852], [5054], [120892], [5594], [355], [472], [6387], [90865], [3717], [3082], [3952], [5290], [1803], [3596], [920], [2697], [2950], [3896], [675], [3105], [1234], [4288], [5879], [1493], [2261], [6647], [6714], [5970], [54539], [2146], [857], [64127], [836], [100526823], [100526790], [100188852], [2263], [2952], [5663], [203068], [100129271], [387], [6667], [3725], [1490], [6696], [5595], [2908], [23435], [2153], [6648], [406938], [23581], [9429], [4879], [177], [1906], [7442], [3119], [7076], [3934], [5071], [3077], [154], [2147], [820], [8743], [3630], [285], [3557], [581], [3315], [54106], [4292], [5925], [7132], [50616], [5747], [2744], [831], [5599]]
Merkel Cell Cancer:[[7157], [4254], [3815], [1956], [999], [596], [23705], [207], [8626], [4851], [6469], [7015], [2066], [1499], [5925], [581], [5290], [4193], [5133], [2475], [29126], [6401], [4684], [673], [4194], [100507436], [5079], [4267], [6657], [2146], [6777], [5156], [7080], [1432], [4118], [7099], [5371], [429], [4255], [5743], [2719], [332], [2100], [3480], [2735], [4610], [3440], [54106], [3642], [238], [5460], [1113], [3852], [340061], [6502], [11186], [7849], [23476], [3693], [55294], [4486], [1994], [4277], [1978], [25932], [4319], [10397], [340273], [9332], [10155], [3925], [63895], [6752], [8085], [7874], [8517], [474], [2026], [23314], [1192], [7913], [54474], [3855], [56547], [3092], [6755], [51100], [4485], [2596], [79148], [6392], [118856], [147138], [5531], [1791], [11322]]
