Epidermoid carcinoma:[[7157], [1956], [7422], [5243], [5743], [7015], [5594], [1026], [6667], [2247], [5599], [6786], [4316], [9131], [81], [1890], [2879], [5753], [440], [9252], [2925], [8471], [2021], [242], [10174]]
Squamous cell carcinoma no International Classification of Diseases for Oncology subtype:[[]]
Squamous cell carcinoma no ICD-O subtype:[[2064], [3091], [4318], [960], [4851], [627], [3418]]
Planocellular Carcinoma:[[]]
Squamous Cell Carcinomas:[[7157], [1956], [7422], [1029], [5743], [7040], [29126], [3091], [1499], [7124], [2064], [4318], [999], [3569], [5728], [3586], [3845], [207], [8626], [4790], [596], [7015], [2944], [960], [4609], [4851], [673], [2475], [7421], [332], [595], [3479], [1026], [4313], [6657], [5290], [7852], [406991], [2950], [4233], [51193], [3815], [5594], [355], [5054], [4780], [2952], [1027], [7515], [6696], [6387], [3958], [10413], [3162], [2146], [4292], [5925], [4255], [3480], [6714], [5979], [3688], [581], [5133], [1543], [4582], [5595], [2260], [3934], [4843], [3791], [7424], [4282], [5747], [54106], [7291], [4288], [3082], [7490], [2033], [4089], [2068], [3265], [4436], [5580], [2697], [6790], [3620], [2152], [4314], [3486], [5347], [8842], [196], [4968], [650], [8600], [6794], [7098], [682], [5460], [7161], [356], [5329], [2261], [3956], [11200], [5111], [8878], [1728], [2625], [22943], [648], [7431], [5806], [378938], [9518], [2022], [11186], [998], [6615], [8091], [6280], [3685], [5371], [7048], [1019], [7430], [6935], [302], [5156], [6401], [7508], [1050], [1994], [1147], [4854], [7153], [3303], [4316], [6382], [1958], [2272], [2065], [7128], [10018], [6502], [7046], [5562], [7517], [6275], [4087], [4035], [3329], [768], [216], [4072], [3897], [8651], [10630], [2735], [22914], [2150], [2194], [947], [6256], [55294], [4803], [1021], [102], [4830], [4914], [2017], [358], [92140], [4804], [7150], [9076], [5914], [7080], [5467], [2956], [3397], [2597], [5175], [1508], [1113], [8314], [6279], [100133941], [1000], [4691], [5155], [8202], [6591], [5727], [27161], [3439], [1673], [51741]]
Squamous Carcinoma:[[7157], [1956], [7422], [5743], [3569], [4318], [3091], [1499], [207], [1029], [7015], [5728], [6774], [999], [29126], [4313], [3576], [7852], [4609], [2475], [5290], [596], [4851], [3458], [1026], [8626], [2950], [960], [595], [332], [406991], [1493], [3815], [6714], [3162], [5970], [6696], [3606], [6648], [1432], [1027], [3690], [5133], [1543], [4288], [10413], [4312], [7098], [4255], [406938], [929], [6772], [2247], [7276], [2335], [10], [682], [4170], [4089], [6657], [5460], [7161], [2305], [2260], [7076], [598], [1017], [8878], [1385], [7431], [5580], [2022], [11186], [3685], [7424], [11315], [8091], [10018], [2735], [2625], [864], [7077], [4904], [4684], [6502], [2150], [6275], [55294], [406913], [3371], [4914], [10630], [7520], [406985], [9076], [3574], [9112], [27250], [3655], [890], [3164], [3691], [5919], [2346], [5311], [6278], [54822], [1282], [10155], [652995], [8797], [407004], [2810], [3099], [894], [79054], [389], [4478], [1647], [1082], [406931], [22926], [3205], [2277], [8434], [26585], [10146], [1364], [6317], [1001], [2549], [1366], [407019], [5318], [3855], [10457], [494327], [406967], [1848], [7122], [54474], [406994], [9622], [1365], [6926], [1317], [6855], [9618], [442908], [164668], [619554], [1758], [2817], [51701], [406960], [23581], [22918], [574511], [3508], [27074], [574443], [51208], [900], [442919], [10144], [693235], [64002], [27076], [114004396], [9073], [6297], [90417], [8733], [116496], [10901], [8637], [55672], [574474], [81894], [574490], [574485]]
Squamous Cell Carcinoma:[[8626], [861], [11200], [7157], [2017], [51196], [6317], [5144], [1029], [1485], [9733], [6318], [4582], [9092], [1956], [7494], [841], [7124], [7422], [23081], [3569], [7040], [4524], [101805492], [2064], [3091], [3586], [54165], [4318], [6774], [3845], [207], [4790], [5728], [5743], [1499], [125], [673], [3576], [7015], [4609], [29940], [999], [2475], [1452], [29126], [596], [7852], [2944], [1401], [4193], [4313], [2099], [7099], [5594], [1030], [595], [348], [7421], [4780], [1026], [332], [5290], [2952], [406991], [2950], [960], [4851], [4233], [6387], [5054], [6347], [3146], [8125], [7515], [5970], [4157], [23411], [6696], [2146], [5243], [50943], [3123], [79718], [3135], [100048912], [672], [3553], [3480], [1493], [857], [3688], [367], [675], [627], [4292], [5133], [3605], [6648], [6667], [5879], [10413], [4312], [1027], [3162], [8795], [324], [6714], [246100], [836], [1636], [1543], [3479], [5747], [6128], [4255], [4288], [84259], [2100], [25800], [2068], [2932], [217], [3815], [3082], [4436], [6790], [355], [4314], [2247], [2067], [3486], [6513], [5925], [8842], [4089], [2335], [3119], [407040], [1432], [9971], [1080], [6657], [406938], [682], [177], [7291], [5460], [7161], [5468], [3952], [6532], [2260], [3383], [3606], [472], [4282], [5444], [4968], [3717], [54106], [378825], [2237], [5595], [3265], [406937], [2305], [920], [1462], [648], [6772], [3725], [4323], [154], [1571], [581], [1786], [378938], [3458], [340061], [406947], [11186], [6615], [1906], [5888], [3565], [387], [3958], [3992], [7430], [6935], [6469], [8743], [5315], [1950], [1557], [100124700], [7298], [2903], [3315]]
Planocellular Carcinomas:[[]]
Squamous cell epithelioma:[[7046], [4175]]
Epidermoid Carcinomas:[[]]
Epidermoid Carcinoma:[[7157], [1956], [7422], [5243], [5743], [7015], [5594], [1026], [6667], [2247], [5599], [6786], [4316], [9131], [81], [1890], [2879], [5753], [440], [9252], [2925], [8471], [2021], [242], [10174]]
Squamous Carcinomas:[[7157], [1029], [2475], [29126], [4288], [331], [2312], [10855], [2162], [4804], [208], [4194], [5906], [80380], [909], [26018], [5908], [4692]]
Squamous cell carcinoma:[[8626], [861], [11200], [7157], [2017], [51196], [6317], [5144], [1029], [1485], [9733], [6318], [4582], [9092], [1956], [7494], [841], [7124], [7422], [23081], [3569], [7040], [4524], [101805492], [2064], [3091], [3586], [54165], [4318], [6774], [3845], [207], [4790], [5728], [5743], [1499], [125], [673], [3576], [7015], [4609], [29940], [999], [2475], [1452], [29126], [596], [7852], [2944], [1401], [4193], [4313], [2099], [7099], [5594], [1030], [595], [348], [7421], [4780], [1026], [332], [5290], [2952], [406991], [2950], [960], [4851], [4233], [6387], [5054], [6347], [3146], [8125], [7515], [5970], [4157], [23411], [6696], [2146], [5243], [50943], [3123], [79718], [3135], [100048912], [672], [3553], [3480], [1493], [857], [3688], [367], [675], [627], [4292], [5133], [3605], [6648], [6667], [5879], [10413], [4312], [1027], [3162], [8795], [324], [6714], [246100], [836], [1636], [1543], [3479], [5747], [6128], [4255], [4288], [84259], [2100], [25800], [2068], [2932], [217], [3815], [3082], [4436], [6790], [355], [4314], [2247], [2067], [3486], [6513], [5925], [8842], [4089], [2335], [3119], [407040], [1432], [9971], [1080], [6657], [406938], [682], [177], [7291], [5460], [7161], [5468], [3952], [6532], [2260], [3383], [3606], [472], [4282], [5444], [4968], [3717], [54106], [378825], [2237], [5595], [3265], [406937], [2305], [920], [1462], [648], [6772], [3725], [4323], [154], [1571], [581], [1786], [378938], [3458], [340061], [406947], [11186], [6615], [1906], [5888], [3565], [387], [3958], [3992], [7430], [6935], [6469], [8743], [5315], [1950], [1557], [100124700], [7298], [2903], [3315]]
Squamous carcinoma:[[7157], [1956], [7422], [5743], [3569], [4318], [3091], [1499], [207], [1029], [7015], [5728], [6774], [999], [29126], [4313], [3576], [7852], [4609], [2475], [5290], [596], [4851], [3458], [1026], [8626], [2950], [960], [595], [332], [406991], [1493], [3815], [6714], [3162], [5970], [6696], [3606], [6648], [1432], [1027], [3690], [5133], [1543], [4288], [10413], [4312], [7098], [4255], [406938], [929], [6772], [2247], [7276], [2335], [10], [682], [4170], [4089], [6657], [5460], [7161], [2305], [2260], [7076], [598], [1017], [8878], [1385], [7431], [5580], [2022], [11186], [3685], [7424], [11315], [8091], [10018], [2735], [2625], [864], [7077], [4904], [4684], [6502], [2150], [6275], [55294], [406913], [3371], [4914], [10630], [7520], [406985], [9076], [3574], [9112], [27250], [3655], [890], [3164], [3691], [5919], [2346], [5311], [6278], [54822], [1282], [10155], [652995], [8797], [407004], [2810], [3099], [894], [79054], [389], [4478], [1647], [1082], [406931], [22926], [3205], [2277], [8434], [26585], [10146], [1364], [6317], [1001], [2549], [1366], [407019], [5318], [3855], [10457], [494327], [406967], [1848], [7122], [54474], [406994], [9622], [1365], [6926], [1317], [6855], [9618], [442908], [164668], [619554], [1758], [2817], [51701], [406960], [23581], [22918], [574511], [3508], [27074], [574443], [51208], [900], [442919], [10144], [693235], [64002], [27076], [114004396], [9073], [6297], [90417], [8733], [116496], [10901], [8637], [55672], [574474], [81894], [574490], [574485]]
SCC - Squamous cell carcinoma:[[6317], [8626], [7157], [11200], [1029], [1956], [6318], [7422], [4582], [7015], [841], [7040], [3845], [4318], [6774], [2475], [3091], [4524], [1499], [101805492], [4609], [125], [3576], [29126], [4313], [5743], [7099], [7852], [1401], [5594], [999], [4851], [1030], [332], [2944], [4193], [2146], [595], [5054], [5290], [406991], [4312], [23411], [6714], [6387], [6347], [5243], [6696], [682], [1493], [367], [3688], [2068], [5747], [6667], [6657], [324], [836], [5925], [5595], [2305], [2100], [4314], [6513], [1432], [217], [3815], [177], [4089], [5468], [5460], [7161], [2260], [3383], [3606], [387], [3265], [406937], [1571], [3315], [7424], [3565], [1728], [7430], [6935], [5315], [1557], [3880], [5328], [5329], [864], [3620], [6280], [238], [9429], [2261], [142], [4843], [1576], [6591], [3685], [5268], [2033], [2309], [1277], [1236], [1577], [3552], [8678], [6662], [3925], [10630], [7076], [7077], [9314], [8829], [54658], [3240], [947], [27250], [94025], [406935], [3875], [6382], [7052], [3627], [9076], [4087], [1471], [4311], [10643], [6868], [406913], [2534], [6624], [407035], [1268], [6279], [1803], [407021], [7189], [9021], [1544], [1788], [7128], [1048], [8737], [1294], [4092], [2353], [4854], [2719], [7474], [406893], [57007], [1673], [1147], [27122], [407000], [3918], [2026], [7080], [6566], [10987], [634], [2324], [406958], [8772], [1012], [4017], [3371], [5335], [4853], [7039], [1269], [1435], [1839], [2626], [9927], [374], [9235], [283], [11197], [573], [360], [1843], [1558], [3664], [4921], [382], [408], [574501], [8644], [3855], [4855], [200315], [894], [8434], [8312], [26524]]
