Ectopics:[[]]
Premature Cardiac Complex:[[]]
Heartbeat Ectopic:[[]]
Premature Beat:[[]]
Extrasystoles:[[1215], [9992]]
Extrasystole:[[]]
EXTRASYSTOLES:[[1215], [9992]]
Premature Cardiac Complexes:[[]]
Extrasystolic arrhythmia:[[6331], [1026], [7157], [3569], [1401], [3757], [4846], [1080], [6532], [10681], [4879], [6387], [4000], [1906], [3784], [3958], [185], [1815], [287], [2697], [1277], [7276], [6336], [4314], [8074], [796], [801], [6262], [133], [153], [775], [4774], [6261], [1113], [4625], [8862], [4306], [1812], [4607], [3759], [2185], [1482], [6584], [7414], [5601], [274], [406904], [1525], [859], [818], [3741], [5318], [808], [2318], [6546], [10021], [2192], [6761], [493], [2702], [845], [6711], [4633], [88], [387119], [5141], [6324], [9992], [406980], [3752], [5139], [406905], [6640], [60482], [2281], [11216], [2559], [406990], [8811], [64061], [4635], [8514], [128989], [376132]]
Ectopic beats:[[4843], [6331], [3757]]
Extrasystolic arrhythmias:[[3569], [1636], [6331], [1401], [3757], [4000], [3479], [4879], [1906], [3934], [185], [3784], [2697], [6262], [1756], [1116], [7048], [153], [775], [7273], [3753], [3759], [6329], [3708], [1832], [5601], [3762], [5350], [359948], [859], [5318], [3741], [2318], [6019], [406919], [9722], [6546], [3756], [805], [128989], [10021], [152], [3710], [6336], [63976], [284119], [817], [3709], [781], [57628], [3781], [2281], [11216], [282996], [11155], [200734], [23359], [51778], [3270], [347273], [253017], [93166], [343263]]
Heartbeats Ectopic:[[7157], [7422], [57724], [7040], [1956], [81671], [3569], [1499], [4609], [7124], [348], [7015], [5728], [6774], [4524], [9538], [207], [2099], [5743], [4318], [3091], [3586], [4790], [596], [332], [1029], [2064], [1156], [4313], [29126], [672], [3553], [7099], [9370], [595], [5243], [3845], [367], [673], [999], [1026], [3576], [406991], [3717], [1312], [6622], [4851], [3815], [2475], [3479], [6657], [5290], [581], [23411], [2944], [50943], [675], [4193], [5460], [7097], [5594], [4233], [4282], [4582], [3146], [6347], [2932], [3605], [4780], [6667], [5970], [6696], [2146], [3688], [960], [2100], [1493], [472], [1813], [6387], [1588], [3552], [857], [355], [3690], [3606], [3135], [3565], [3480], [1027], [177], [142], [6714], [4843], [1786], [7428], [6934], [5133], [406947], [650], [5241], [1906], [6648], [7291], [406938], [387], [860], [3958], [3082], [10413], [4312], [324], [1869], [8743], [3725], [6331], [3557], [5347], [5591], [5747], [861], [5599], [3417], [5578], [6469], [7490], [2033], [23435], [2778], [2152], [2157], [2247], [6352], [6513], [3757], [3320], [4089], [407040], [3064], [841], [682], [2305], [2321], [1268], [3265], [4436], [2260], [7076], [6790], [8074], [2308], [4170], [846], [2155], [6615], [255738], [8878], [983], [5888], [796], [4088], [6935], [7161], [2261], [1994], [2309], [1387], [1490], [3667], [7298], [3315], [1788], [1958], [90865], [1191], [406937], [285], [3956], [3620], [378938], [9518], [331], [4297], [998], [7052], [5228], [8091], [4893], [9314], [6794], [5371], [3172], [7048], [2539], [3600], [5315], [4792], [1050], [10631], [100124700]]
Premature beats NOS:[[]]
Premature Cardiac Complices:[[]]
Premature Beats:[[]]
Premature beats unspecified:[[]]
Premature beats:[[]]
