myocardiopathy:[[]]
Cardiomyopathy unspecified:[[7273], [9531], [88], [7157], [8557], [5894], [7124], [2099], [7422], [7040], [6774], [3084], [4790], [1432], [2064], [5925], [367], [1499], [3725], [4286], [5743], [5594], [4609], [596], [5595], [7852], [9734], [355], [2100], [6387], [5159], [5781], [7074], [2308], [3265], [1027], [3688], [2335], [114548], [2321], [8743], [652], [834], [3559], [5566], [3312], [7253], [6597], [775], [1740], [8997], [3566], [5604], [3611], [6722], [59341], [7043], [2273], [4208], [156], [1780], [2193], [9229], [1760], [7297], [22861], [805], [5608], [4616], [8470], [10587], [4604], [16], [23207]]
Cardiomyopathy:[[7139], [7137], [7168], [1674], [4624], [4000], [7273], [11155], [9531], [1832], [7414], [5350], [70], [1829], [5663], [4625], [4607], [88], [3728], [8557], [6331], [8048], [202333], [7124], [5664], [1756], [7134], [91624], [1636], [7157], [1824], [5894], [10060], [3569], [2070], [7040], [3586], [7422], [1410], [2218], [6794], [3084], [4879], [9659], [4684], [4318], [1401], [6444], [79188], [2099], [6774], [282996], [3123], [10599], [2064], [2162], [165904], [7099], [9370], [367], [4846], [7056], [1278], [27063], [4286], [7276], [5318], [4790], [1234], [3479], [129446], [5268], [3553], [2318], [1218], [5743], [4609], [1499], [51422], [6901], [619468], [23459], [3605], [4313], [29126], [596], [3952], [7852], [146862], [3458], [84665], [6347], [8291], [4633], [664728], [65014], [100909387], [332], [183], [154], [5594], [5054], [1906], [1432], [3119], [4780], [3958], [859], [406991], [7097], [355], [1493], [3606], [5133], [6387], [153], [3146], [6648], [4153], [3077], [5781], [3815], [7074], [8626], [185], [2100], [5925], [3135], [3480], [7450], [4312], [177], [3934], [3688], [9734], [6957], [5595], [2697], [10413], [1027], [7076], [8743], [4314], [6310], [3725], [3557], [3757], [4282], [2335], [217], [114548], [7525], [406938], [2321], [6546], [3265], [59272], [4982], [4843], [3486], [6389], [7112], [4204], [10403], [26353], [3784], [6955], [6710], [10891], [56729], [3953], [4968], [3627], [7098], [4878], [682], [5789], [7291], [10135], [356], [26018], [2309], [2200], [1571], [9518], [2308], [1191], [3593], [959], [3920], [8878], [5562], [64478], [221692], [5027], [1000], [4035], [4323], [3559], [57817]]
Myocardial disease:[[823], [4208], [54897]]
Myocardiopathies:[[]]
Disorder of heart muscle:[[7134], [7137], [6910], [291], [88]]
Cardiomyopathies:[[3586], [1636], [5728], [3576], [2944], [1234], [4000], [6331], [59272], [1756], [2697], [7139], [3784], [7273], [6280], [4625], [11315], [7137], [947], [7295], [6279], [4607], [3611], [4878], [6262], [9927], [488], [4217], [7531], [1674], [7168], [1832], [5350], [7134], [808], [2318], [5184], [6271], [6901], [4633], [9997], [2028], [4634], [51086], [7111], [54968], [84665], [27295], [388753], [442721], [6775079]]
Myocardial Disease:[[823], [4208], [54897]]
Myocardial Diseases:[[7099]]
Myocardiopathy:[[]]
Disorder of myocardium:[[1636], [133], [7124], [7157], [7422], [3569], [3815], [1401], [3586], [5578], [7040], [9370], [207], [4846], [4318], [5728], [5580], [3479], [7099], [3091], [6774], [51738], [3084], [4851], [5581], [217], [5594], [154], [6331], [4780], [114548], [7097], [6387], [1268], [406991], [3162], [3606], [335], [7046], [1277], [3557], [183], [8074], [3630], [4282], [6667], [5595], [59272], [4312], [2697], [7134], [8743], [56729], [51422], [4210], [5465], [356], [3315], [7137], [4035], [488], [7133], [1536], [3329], [55636], [817], [155], [2066], [4306], [1269], [657], [1832], [27161], [710], [54567], [4925], [1890], [1909], [5469], [9241], [9722], [4880], [2280], [5530], [6926], [6424], [6581], [147], [406895], [8605], [79188]]
