Complex Carney:[[5573], [6390], [6392], [6391], [1257], [4626], [5581], [50940]]
CARNEY SYNDROME:[[5573], [6390], [6392], [6391], [4626], [5581]]
LAMB - Lentigines Atrial Myxoma Mucocutaneous Myoma Blue Nevus Syndrome:[[]]
Syndrome LAMB:[[3339], [6660], [3909], [284217], [3908], [3915]]
MYXOMA SPOTTY PIGMENTATION AND ENDOCRINE OVERACTIVITY:[[]]
Myxoma Spotty Pigmentation and Endocrine Overactivity:[[]]
NAME Syndromes:[[7157], [1460], [7124], [3569], [7422], [1471], [5728], [1401], [7040], [56983], [3091], [4524], [6774], [3586], [3845], [3123], [4790], [672], [4318], [5243], [351], [367], [673], [8626], [3553], [1029], [9370], [4846], [3106], [2475], [3479], [596], [4879], [4609], [207], [4137], [1557], [999], [3952], [7099], [3417], [2944], [5594], [5979], [675], [2146], [4193], [472], [3717], [7490], [1026], [332], [2952], [2263], [7450], [861], [960], [5781], [4000], [1813], [6387], [3119], [5290], [3077], [6532], [3815], [114548], [7515], [7852], [355], [595], [4149], [6331], [7421], [2932], [1432], [3480], [183], [406991], [142], [2322], [3690], [5133], [836], [29126], [3958], [3043], [4312], [3784], [3557], [2152], [7428], [4869], [338], [6347], [5747], [54658], [4893], [2332], [1277], [4353], [4843], [3320], [5265], [54790], [7132], [335], [1071], [7015], [3162], [4436], [2261], [2260], [2778], [3953], [4128], [3486], [4170], [1543], [3146], [4089], [3643], [3627], [1788], [255738], [959], [23451], [5595], [1565], [5329], [23411], [2309], [1387], [3458], [2200], [4763], [4297], [57817], [3605], [1457], [929], [5465], [1385], [1493], [3559], [3757], [3667], [4018], [4282], [2068], [2022], [6323], [2212], [6280], [3265], [203228], [8743], [5027], [2316], [1050], [947], [1786], [3689], [3198], [7139], [7442], [7291], [3014], [6786], [4792], [5428], [4683], [4803], [6335], [345], [958], [4255], [7249], [1116], [2896], [171023], [23028], [26191], [11200], [4286], [2353], [6598], [7037], [2113], [7273], [1958], [2214], [1536], [3418], [2876], [406938], [7056], [7150], [5914], [50507]]
Carney complex:[[5573], [6390], [6392], [6391], [1257], [4626], [5581], [50940]]
Carney syndrome:[[5573], [6390], [6392], [6391], [4626], [5581]]
CARNEY MYXOMA-ENDOCRINE COMPLEX:[[5573]]
Carney Myxoma Endocrine Complex:[[5573]]
CAR:[[1525], [846], [5573], [9970], [6687], [10206], [653108], [7157], [1956], [79827], [348], [2064], [5243], [3569], [1401], [6774], [1080], [7421], [3553], [1499], [999], [5594], [3458], [29126], [54658], [1559], [5133], [7097], [2950], [3383], [1493], [4233], [472], [3119], [2908], [857], [8856], [9429], [3480], [5595], [3688], [3690], [836], [1543], [213], [4582], [3172], [5465], [6667], [2322], [8743], [3791], [1576], [5578], [387], [2152], [196], [3600], [10891], [1555], [1577], [8842], [2261], [2260], [1803], [958], [2316], [1958], [3685], [6927], [174], [1544], [9365], [6093], [4615], [940], [79001], [930], [5562], [22914], [7534], [4904], [5777], [5744], [4057], [406906], [6256], [103], [3897], [84876], [252995], [3575], [952], [3574], [1437], [8648], [5581], [2719], [9971], [6584], [10971], [1604], [1672], [1591], [10232], [10419], [2346], [919], [10257], [8797], [10499], [190], [359], [79679], [7364], [2191], [3604], [3598], [2348], [1742], [29851], [1495], [8766], [8529], [2550], [3560], [8243], [4680], [5469], [939], [5346], [4919], [916], [6490], [970], [64866], [5609], [3563], [104], [5500], [3766], [2768], [8805], [608], [7305], [2984], [56302], [27087], [4100], [11006], [26136], [84168], [56300], [4616], [3638], [83700], [1687], [23054], [7103], [1606], [10617], [27180], [3590], [27036], [9247], [9311], [3835], [55749], [6898], [5957], [7266], [110599569], [10418], [4584], [57559], [110599570], [100423038], [146395], [192343]]
NAME SYNDROME:[[3757], [1280], [114548], [7157], [3753], [2074], [348], [1281], [546], [51085], [3845], [673], [7466], [5728], [80184], [8481], [641], [7486], [4292], [8626], [4000], [8195], [2317], [1540], [54658], [7490], [2033], [91147], [6331], [4023], [1071], [5781], [4436], [1161], [2263], [3643], [3784], [2260], [367], [3123], [2706], [1029], [4683], [2200], [2261], [7291], [7468], [4952], [10806], [84062], [4647], [7399], [8085], [207], [201163], [2969], [4810], [2492], [775], [2316], [7227], [5080], [7840], [5428], [1278], [582], [3730], [6949], [10083], [2121], [4281], [132884], [1460], [64127], [79068], [5290], [116442], [5077], [5604], [338], [10804], [54487], [585], [2332], [1277], [783], [55612], [3990], [19], [811], [1130], [3481], [9968], [6513], [4089], [6663], [2122], [356], [6741], [7456], [1387], [84059], [23111], [1285], [672], [10743], [6774], [331], [23405], [2812], [1401], [2646], [4893], [3265], [8976], [1827], [84100], [5894], [3117], [65217], [1788], [26585], [7128], [7504], [57167], [3570], [9569], [545], [4137], [2475], [4277], [10163], [60], [5159], [10682], [8091], [5460], [583], [6737], [2956], [999], [4286], [675], [4193], [54808], [5885], [27241], [124590], [9401], [3717], [79803], [9993], [4692], [1364], [3973], [2811], [129880], [2146], [80025], [80144], [8220], [355], [2153], [3897], [1910], [4853], [2131], [79621], [1134], [79738], [55212], [9031], [7020], [2138], [472], [7401], [8517], [10062], [2645], [324], [1145], [5594], [3075], [55937], [4851], [5395], [1588], [1287], [7124], [7122], [9652], [5189], [171023], [25825], [51196], [7428], [6934], [1906], [7276], [27019]]
Syndrome Carney:[[5573], [6390], [6392], [6391], [4626], [5581]]
CARNEY COMPLEX:[[5573], [6390], [6392], [6391], [1257], [4626], [5581], [50940]]
LAMB SYNDROME:[[3339], [6660], [3909], [284217], [3908], [3915]]
NAME Syndrome:[[3757], [1280], [114548], [7157], [3753], [2074], [348], [1281], [546], [51085], [3845], [673], [7466], [5728], [80184], [8481], [641], [7486], [4292], [8626], [4000], [8195], [2317], [1540], [54658], [7490], [2033], [91147], [6331], [4023], [1071], [5781], [4436], [1161], [2263], [3643], [3784], [2260], [367], [3123], [2706], [1029], [4683], [2200], [2261], [7291], [7468], [4952], [10806], [84062], [4647], [7399], [8085], [207], [201163], [2969], [4810], [2492], [775], [2316], [7227], [5080], [7840], [5428], [1278], [582], [3730], [6949], [10083], [2121], [4281], [132884], [1460], [64127], [79068], [5290], [116442], [5077], [5604], [338], [10804], [54487], [585], [2332], [1277], [783], [55612], [3990], [19], [811], [1130], [3481], [9968], [6513], [4089], [6663], [2122], [356], [6741], [7456], [1387], [84059], [23111], [1285], [672], [10743], [6774], [331], [23405], [2812], [1401], [2646], [4893], [3265], [8976], [1827], [84100], [5894], [3117], [65217], [1788], [26585], [7128], [7504], [57167], [3570], [9569], [545], [4137], [2475], [4277], [10163], [60], [5159], [10682], [8091], [5460], [583], [6737], [2956], [999], [4286], [675], [4193], [54808], [5885], [27241], [124590], [9401], [3717], [79803], [9993], [4692], [1364], [3973], [2811], [129880], [2146], [80025], [80144], [8220], [355], [2153], [3897], [1910], [4853], [2131], [79621], [1134], [79738], [55212], [9031], [7020], [2138], [472], [7401], [8517], [10062], [2645], [324], [1145], [5594], [3075], [55937], [4851], [5395], [1588], [1287], [7124], [7122], [9652], [5189], [171023], [25825], [51196], [7428], [6934], [1906], [7276], [27019]]
Nevi Atrial Myxoma Skin Myxoma Ephelides Syndrome:[[207], [3815]]
Syndromes LAMB:[[]]
Myxoma-Endocrine Complex Carney:[[5573]]
Myxoma spotty pigmentation endocrine overactivity syndrome:[[]]
