Carotid Arteriopathies Traumatic:[[348], [5468], [7422], [7124], [3569], [7157], [4524], [4318], [1636], [627], [4846], [3091], [3586], [5743], [3479], [6696], [3576], [2099], [4790], [338], [6347], [6285], [4879], [335], [5054], [4153], [51738], [355], [3606], [1906], [3934], [3725], [114548], [4843], [2247], [3557], [10135], [6352], [1191], [959], [796], [56729], [90865], [718], [2026], [1524], [7139], [3685], [551], [2056], [6376], [1536], [7295], [406913], [1991], [9575], [727], [1311], [4925], [58157], [5997], [4758]]
Injury of carotid artery:[[5468], [7157], [3569], [1401], [7124], [7422], [348], [4318], [3091], [3586], [7099], [4846], [627], [5728], [1636], [9370], [3479], [5743], [6696], [4313], [4524], [23411], [1906], [183], [7097], [355], [7450], [3934], [5444], [8074], [2056], [1471], [90865], [4982], [6285], [4353], [9365], [1191], [4153], [9518], [2100], [8600], [929], [213], [4314], [406937], [6403], [598], [6401], [4018], [255738], [4973], [50964], [1524], [1728], [3240], [6288], [406913], [5950], [7048], [116519], [7941], [26291], [1585], [2159], [632], [8877], [7078], [5320], [7369], [10544], [9173], [5919], [118], [4321], [4925], [2739], [4502], [2328], [407048], [406900], [9507], [51162], [4883], [407049], [375704], [192343]]
Trauma Carotid Artery:[[3569], [7124], [348], [1401], [627], [3586], [7422], [7099], [4524], [4318], [3091], [9370], [5728], [7097], [4153], [929], [4982], [3934], [6285], [4018], [255738], [8600], [1728], [6401], [6403], [9173], [2159], [4925]]
Unspecified injury of carotid artery:[[7157], [5468], [7422], [7124], [348], [3091], [5743], [355], [598], [2100], [7048], [5320]]
Injury to carotid artery:[[5468], [7157], [3569], [1401], [7124], [7422], [348], [4318], [3091], [3586], [7099], [4846], [627], [5728], [1636], [9370], [3479], [5743], [6696], [4313], [4524], [23411], [1906], [183], [7097], [355], [7450], [3934], [5444], [8074], [2056], [1471], [90865], [4982], [6285], [4353], [9365], [1191], [4153], [9518], [2100], [8600], [929], [213], [4314], [406937], [6403], [598], [6401], [4018], [255738], [4973], [50964], [1524], [1728], [3240], [6288], [406913], [5950], [7048], [116519], [7941], [26291], [1585], [2159], [632], [8877], [7078], [5320], [7369], [10544], [9173], [5919], [118], [4321], [4925], [2739], [4502], [2328], [407048], [406900], [9507], [51162], [4883], [407049], [375704], [192343]]
Traumatic Carotid Arteriopathy:[[]]
Injury of carotid artery NOS:[[4846], [7422], [3091], [3479], [5743], [23411], [355]]
Injury to carotid artery unspecified:[[7157], [5468], [7422], [7124], [348], [3091], [5743], [355], [598], [2100], [7048], [5320]]
Injuries Carotid Artery:[[3569], [7124], [7422], [4318], [348], [3091], [3586], [7099], [1636], [627], [5743], [3479], [4313], [1906], [3934], [4353], [4018], [6285], [2056], [9365], [1113], [4758]]
Injury Carotid Artery:[[5468], [7157], [3569], [1401], [7124], [7422], [348], [4318], [3091], [3586], [7099], [4846], [627], [5728], [1636], [9370], [3479], [5743], [6696], [4313], [4524], [23411], [1906], [183], [7097], [355], [7450], [3934], [5444], [8074], [2056], [1471], [90865], [4982], [6285], [4353], [9365], [1191], [4153], [9518], [2100], [8600], [929], [213], [4314], [406937], [6403], [598], [6401], [4018], [255738], [4973], [50964], [1524], [1728], [3240], [6288], [406913], [5950], [7048], [116519], [7941], [26291], [1585], [2159], [632], [8877], [7078], [5320], [7369], [10544], [9173], [5919], [118], [4321], [4925], [2739], [4502], [2328], [407048], [406900], [9507], [51162], [4883], [407049], [375704], [192343]]
Carotid artery injury:[[1401], [5728], [2328]]
