Cerebellar Disorders:[[773], [3708], [23017]]
Cerebellar syndrome:[[6311], [6310], [23345], [6314]]
Disease Cerebellar:[[351], [348], [3123], [4137], [7422], [4287], [3569], [338], [2629], [6311], [6095], [5663], [538], [4361], [4747], [4524], [8878], [2099], [7015], [2581], [1394], [7157], [1813], [7473], [23203], [1786], [8125], [1471], [1039], [22891], [673], [7436], [627], [1020], [4598], [4856], [6532], [2064], [2534], [4684], [197], [207], [5649], [4976], [186], [2332], [596], [2670], [4609], [2475], [6908], [2146], [7852], [1038], [6469], [8398], [472], [23411], [5629], [3688], [2932], [1432], [5781], [6531], [1950], [3309], [10457], [3778], [2735], [3725], [22861], [773], [3417], [23435], [7428], [1815], [478], [3675], [203228], [5428], [10524], [1756], [2260], [9518], [7249], [2896], [7476], [7048], [8624], [567], [6657], [5604], [5981], [55691], [8573], [6305], [80208], [5228], [3897], [6275], [6334], [2167], [1509], [5727], [29110], [3708], [3312], [350], [2290], [51741], [1600], [5297], [8829], [9131], [2736], [5021], [8913], [1861], [64116], [55154], [7447], [10763], [966], [4669], [6506], [2571], [5582], [50], [6608], [6310], [2072], [767], [2296], [3611], [1742], [4774], [2921], [2911], [4983], [23261], [27161], [152330], [2572], [7329], [7849], [473], [5270], [10273], [51651], [7471], [28514], [6548], [794], [1399], [153090], [1398], [9928], [343641], [5592], [23345], [9378], [6314], [8910], [8312], [112476], [221927], [477], [2555], [9254], [28996], [5587], [54840], [5764], [3908], [6505], [54806], [793], [7846], [5611], [256297], [81631], [89884], [9445], [6507], [3785], [51761], [23017], [2554], [10411], [1523], [1476], [7222], [79934], [23287], [23064], [55074], [5818], [5521], [7182], [1610]]
Cerebellar Diseases:[[]]
Cerebellar deficiency syndrome:[[7157], [348], [673], [3123], [2072], [207], [2260], [2332], [4524], [338], [4137], [472], [2475], [8573], [3897], [2146], [3569], [6469], [351], [7422], [4976], [7428], [627], [2099], [9131], [7476], [197], [6532], [7048], [7436], [2736], [7015], [6657], [4867], [23411], [3708], [4609], [538], [7852], [6531], [1813], [596], [2064], [6095], [5649], [1950], [1471], [5663], [2896], [9378], [9518], [23435], [3417], [89884], [3309], [1432], [773], [567], [7249], [350], [284217], [966], [8878], [27235], [1756], [4598], [4684], [10273], [8910], [4361], [1509], [8398], [55703], [5859], [1861], [4287], [2554], [2571], [3908], [23345], [10411], [7222], [5373], [794], [23247], [7182], [793], [2895], [64116], [57410], [11069]]
Cerebellar disorder:[[]]
Cerebellum Diseases:[[]]
Disorder Cerebellar:[[1167], [6095], [6532], [23345], [7157], [1815], [348], [3569], [4524], [627], [7422], [2099], [1786], [351], [85300], [338], [4137], [2332], [1756], [673], [207], [4361], [1813], [2932], [4976], [6531], [3123], [2475], [596], [4774], [472], [7015], [51741], [1742], [4609], [28514], [203228], [5373], [23411], [7852], [6469], [10524], [23261], [5663], [6310], [5021], [2072], [5649], [3309], [81631], [478], [5781], [221927], [1950], [5428], [2629], [51761], [2896], [773], [2260], [1394], [7428], [23017], [5192], [1523], [7249], [6657], [6334], [10026], [5818], [6712], [8878], [9518], [5297], [5604], [6311], [2534], [2571], [4684], [2670], [5582], [23090], [6671], [6505], [2167], [23114], [9131], [6506], [473], [6908], [5727], [27161], [1861], [1203], [112476], [7471], [8398], [55656], [4287], [2257], [2911], [966], [25861], [4747], [2555], [2296], [3785], [79791], [2572], [271], [8910], [10531], [2020], [2554], [6507], [9378], [79644], [5592], [22861], [23065], [55154], [2290], [26278], [55187], [54840], [4867], [429], [4598], [1610], [4781], [54806], [3198], [22809], [1822], [3975], [2559], [11128], [9420], [9463], [1130], [28982], [10369], [2556], [152330], [22891], [340024], [4761], [26090], [64211], [9731], [84942], [339453], [23247]]
Cerebellar Dysfunctions:[[2332]]
Disease Cerebellum:[[11315], [351], [3064], [3123], [1029], [6622], [4137], [5621], [653361], [3592], [5663], [4361], [8878], [7157], [1813], [6331], [6095], [5052], [3481], [7546], [7545], [283120], [7547], [627], [4609], [1312], [2670], [7099], [102], [2213], [2353], [2475], [6908], [2626], [596], [7515], [4040], [595], [1137], [2147], [472], [93986], [4204], [25], [10891], [3309], [836], [6667], [23435], [1815], [5781], [203228], [23621], [7132], [5058], [1268], [1593], [2896], [6469], [6657], [567], [5428], [4157], [135], [7474], [1111], [1600], [1814], [2395], [5727], [6662], [1139], [2149], [773], [4915], [3575], [121278], [1509], [604], [6752], [26281], [1269], [8648], [7166], [1514], [7447], [2296], [706], [7528], [2618], [7471], [2026], [5978], [23385], [721], [2921], [2571], [6310], [2572], [3359], [27328], [5764], [3708], [5530], [9722], [8851], [1141], [2911], [2555], [8322], [887], [4760], [5270], [2915], [1152], [1718], [6197], [4512], [6507], [4654], [4986], [84894], [916], [79865], [2554], [6670], [10382], [1902], [793], [2562], [4538], [5521], [7433], [6314], [9177], [396], [23026], [1108], [6751], [471], [1822], [10908], [429], [2253], [10846], [10972], [2042], [23322], [6753], [117], [9001], [9568], [4987], [146057], [1272], [7434], [57502], [10939], [4009], [101], [146], [2560], [11345], [6671], [2019], [3751], [767], [5802], [4776], [56603], [23017], [259232], [5768], [27165], [55669], [6656], [2569], [6900], [8443], [22854], [57107], [22931], [58155], [23710], [10369], [53], [347733], [51150], [8455], [256297], [6343], [83259], [4983], [51569], [340205], [8645], [23126], [83943], [8941], [113612]]
Syndrome Cerebellar:[[7157], [348], [673], [5781], [2260], [5428], [207], [3123], [5604], [2332], [100820758], [338], [1130], [4137], [3897], [2475], [2146], [6469], [4976], [10908], [472], [3778], [7428], [351], [7422], [7476], [3569], [65250], [4524], [2072], [627], [7048], [8573], [7436], [6532], [2099], [478], [1786], [197], [4867], [6657], [5727], [3708], [7015], [6608], [5393], [538], [8624], [7852], [2736], [5818], [5981], [1813], [2296], [5021], [4609], [6531], [5649], [55210], [6095], [596], [2064], [23411], [767], [27161], [1950], [9131], [1471], [6548], [57465], [5663], [3675], [2290], [9378], [2735], [9518], [2896], [9928], [23261], [23435], [3688], [54806], [89884], [2932], [3417], [3752], [203228], [1432], [5228], [3309], [221927], [773], [51761], [3725], [567], [2167], [51305], [7249], [350], [1815], [284217], [1476], [5297], [55154], [124997], [6311], [55187], [6334], [8878], [1756], [4081], [25861], [10273], [54840], [11128], [4983], [4684], [1394], [186], [28982], [8910], [22983], [29110], [2972], [7329], [2670], [4361], [1509], [3611], [6572], [55703], [1203], [112476], [23556], [22891], [9688], [7471], [8398], [5859], [1861], [4287], [2554], [966], [1399], [2571], [7849], [10524], [4598], [6506], [4747], [6310], [3198], [2572], [79934], [23345], [10411], [79644], [477], [81631], [55691], [6507], [50640], [6314], [9731], [22861], [7222], [23065], [92667], [4669], [2555], [23247], [794], [84942], [55733], [7182], [429], [10457], [51294], [26278], [51062], [1523], [3908], [6712], [79147], [5373], [793], [3975], [2895], [2182], [22809], [8913], [23090], [3745], [22884], [1822], [57704], [64116], [1804], [4774], [25814]]
Cerebellar Syndromes:[[]]
Dysfunction Cerebellar:[[7157], [351], [7422], [348], [3569], [4524], [627], [338], [207], [4137], [1786], [2332], [2099], [6532], [7015], [1020], [2475], [23411], [2064], [4976], [2736], [5663], [472], [3123], [2932], [1432], [2629], [23435], [6469], [596], [1471], [4609], [3778], [1813], [2146], [7852], [7436], [773], [5781], [3688], [6531], [3309], [203228], [5428], [3725], [1815], [1756], [2896], [7428], [2167], [5228], [6334], [2260], [9518], [9445], [7249], [8878], [5021], [186], [567], [6311], [5649], [197], [4983], [8829], [1509], [50], [6275], [1861], [23114], [4287], [3611], [28514], [350], [1394], [6548], [7471], [8398], [28996], [256297], [2571], [3785], [2296], [221927], [23345], [112476], [51761], [3736], [10411], [7222], [8910], [55074], [9378], [6314], [6507], [7182], [54840], [26278], [1523], [3908], [80208], [6712], [5373], [4867], [5521], [57679], [7915], [55210], [57704], [491], [2972], [57410], [57465], [10749], [343641], [83858], [91137], [57231], [84942], [219293]]
