Cerebral haemorrhage:[[348], [3569], [4318], [4137], [7099], [4879], [177], [7097], [5054], [6285], [7450], [3565], [3690], [11093], [217], [3240], [682], [1116], [2155], [125], [2161], [4327]]
Cerebral hemorrhage:[[4524], [4318], [351], [2099], [3553], [7099], [5444], [183], [338], [1071], [1471], [3486], [4088], [2155], [4087], [2244], [3673], [350], [4015], [12], [653361], [3816], [5583], [8858], [407043], [26353], [89822]]
Intracerebral Hemorrhages:[[351], [3039], [5467], [1282]]
Cerebral hemorrhages:[[4318], [7276], [1282], [11235]]
Hemorrhage Cerebral Brain:[[351], [627], [4879], [348], [1282], [3569], [7422], [1636], [7124], [4318], [1401], [4524], [4846], [1471], [7157], [7040], [7099], [3091], [3553], [5728], [2099], [3162], [4790], [1499], [1906], [4313], [1312], [177], [3383], [2147], [3479], [5654], [6285], [183], [3952], [3146], [9370], [6387], [5444], [1191], [6696], [361], [836], [7450], [5054], [2153], [11093], [2670], [7276], [4282], [185], [4843], [3557], [1116], [3605], [406947], [335], [5327], [2247], [7082], [3690], [10135], [2056], [3949], [4852], [4842], [1071], [3240], [3371], [3685], [358], [2321], [2157], [6833], [7048], [1536], [948], [56729], [3486], [551], [7941], [4088], [284], [186], [4023], [959], [2022], [1524], [8074], [2026], [875], [4087], [58157], [5624], [4973], [133], [9314], [1281], [3673], [406992], [947], [2006], [153], [12], [10631], [1910], [51129], [406907], [1909], [1378], [241], [9423], [55384], [9173], [5583], [653361], [574456], [3060], [5270], [26353], [8639], [407043], [5179], [23564], [192343]]
Intracerebral Hemorrhage:[[348], [7157], [1636], [7124], [4524], [1401], [7422], [3569], [7040], [4318], [351], [3091], [1499], [7099], [4313], [332], [2147], [3146], [5444], [4879], [6696], [2153], [3162], [335], [7450], [177], [1906], [3958], [185], [3557], [3075], [3949], [4982], [2157], [1071], [7076], [1471], [56729], [6285], [7132], [10135], [1191], [1116], [361], [948], [2155], [84868], [2670], [3685], [7048], [3240], [7077], [7133], [133], [7128], [5327], [345], [1278], [2149], [197], [149233], [551], [947], [4973], [2162], [406913], [5294], [4804], [9332], [1282], [1378], [1910], [12], [55600], [3572], [7082], [1909], [406907], [2026], [118], [5445], [4256], [2875], [241], [3060], [407010], [58157], [406919], [5583], [10516], [11243], [4151], [1284], [7839], [5270], [4158], [23564], [5179], [5446], [80310], [4591], [3696], [81027], [665], [9673], [80274], [338376], [100527963], [23174], [23015], [192343]]
Hemorrhages Cerebrum:[[361]]
ICH - intracerebral hemorrhage:[[1284], [348], [1636], [7124], [4524], [7422], [4318], [351], [7099], [6696], [2147], [335], [2157], [7076], [6285], [361], [1191], [2670], [948], [3685], [197], [1282], [2149], [406913], [118], [4256], [5445], [5270], [5446], [3696]]
ICH - intracerebral haemorrhage:[[348], [4318], [7099], [6285]]
Hemorrhage Cerebrum:[[361]]
Hemorrhages Cerebral Brain:[[351], [11235], [1282], [4318], [3162], [7276], [5054], [361], [5327], [2152], [5467]]
Intracerebral haemorrhage:[[348], [4318], [3569], [7099], [4879], [3565], [7450], [177], [6285], [217], [3240], [1116], [2162], [2155], [125], [2161], [3572], [126], [1889], [4327]]
Hemorrhage Cerebral:[[351], [348], [3569], [1636], [7422], [1282], [7124], [4318], [1401], [4846], [1471], [4524], [7157], [7040], [7099], [2147], [3091], [2099], [5654], [627], [3553], [4879], [3162], [4790], [2153], [5728], [9370], [5444], [3146], [4313], [1906], [183], [1499], [3383], [1312], [7450], [5054], [3479], [6285], [338], [11093], [177], [3952], [3605], [6696], [6387], [335], [185], [7276], [3240], [4843], [3690], [1191], [361], [10135], [2157], [2244], [836], [4282], [3949], [1071], [2670], [3557], [3486], [4023], [1284], [4088], [4982], [2247], [2155], [406947], [1116], [551], [2321], [4852], [8074], [56729], [959], [7941], [5327], [948], [2022], [5624], [4087], [6403], [133], [6280], [9314], [3685], [7048], [2056], [1281], [6833], [345], [358], [875], [947], [4973], [2006], [4842], [10631], [3673], [3371], [1536], [153], [406992], [350], [284], [12], [1910], [2266], [6279], [1378], [186], [1524], [1909], [100], [241], [9173], [406907], [55384], [4015], [51129], [7082], [2026], [59], [58157], [6362], [406948], [9423], [3816], [5583], [574456], [653361], [3060], [407010], [8858], [26353], [8639], [407043], [5270], [3710], [23564], [5179], [5446], [89822], [192343]]
Hemorrhages Cerebral:[[351], [11235], [4318], [3162], [5054], [7276], [2152], [361], [1282], [5327], [5467]]
Parenchymal Hemorrhage Cerebral:[[351], [3569], [348], [1636], [7422], [4318], [1471], [7040], [7099], [3553], [3162], [3383], [4313], [361], [2247], [948], [59]]
Intracerebral hemorrhage:[[348], [7157], [1636], [7124], [4524], [1401], [7422], [3569], [7040], [4318], [351], [3091], [1499], [7099], [4313], [332], [2147], [3146], [5444], [4879], [6696], [2153], [3162], [335], [7450], [177], [1906], [3958], [185], [3557], [3075], [3949], [4982], [2157], [1071], [7076], [1471], [56729], [6285], [7132], [10135], [1191], [1116], [361], [948], [2155], [84868], [2670], [3685], [7048], [3240], [7077], [7133], [133], [7128], [5327], [345], [1278], [2149], [197], [149233], [551], [947], [4973], [2162], [406913], [5294], [4804], [9332], [1282], [1378], [1910], [12], [55600], [3572], [7082], [1909], [406907], [2026], [118], [5445], [4256], [2875], [241], [3060], [407010], [58157], [406919], [5583], [10516], [11243], [4151], [1284], [7839], [5270], [4158], [23564], [5179], [5446], [80310], [4591], [3696], [81027], [665], [9673], [80274], [338376], [100527963], [23174], [23015], [192343]]
Parenchymal Hemorrhages Cerebral:[[351], [4318], [3162], [361]]
