Trypanosomiasis American:[[8542], [3135], [3627], [3240], [3250]]
Trypanosoma cruzi Infection:[[7124], [4318], [4790], [3576], [2475], [4313], [7097], [5594], [3606], [3105], [4684], [5970], [3565], [4879], [7056], [3958], [54106], [5595], [142], [1950], [7132], [2335], [9734], [7133], [26018], [1667], [4745], [2017], [2222], [4916], [10223], [9663], [10578], [23759], [25834], [8505]]
Trypanosomiasis South American:[[8542], [3135]]
Chagas' disease:[[7124], [3586], [4318], [7099], [4313], [7097], [26191], [3240], [7133], [4914], [6957], [50640]]
American trypanosomiasis:[[8542], [3135], [3627], [3240], [3250]]
Infection by Trypanosoma cruzi:[[7124], [4318], [4790], [3576], [2475], [4313], [7097], [5594], [3606], [3105], [4684], [5970], [3565], [4879], [7056], [3958], [54106], [5595], [142], [1950], [7132], [2335], [9734], [7133], [26018], [1667], [4745], [2017], [2222], [4916], [10223], [9663], [10578], [23759], [25834], [8505]]
Chagas' Disease:[[7124], [3586], [4318], [7099], [4313], [7097], [26191], [3240], [7133], [4914], [6957], [50640]]
Infection caused by Trypanosoma cruzi:[[7124], [4318], [4790], [3576], [2475], [5594], [4313], [7097], [5970], [3606], [142], [4684], [3105], [1950], [4879], [3565], [7056], [3958], [5595], [7132], [2335], [26018]]
American trypanosomiasis NOS:[[]]
Trypanosoma cruzi Infections:[[7124], [3576], [7097], [3606], [4790], [4684], [7056], [4318], [54106], [2475], [5594], [4879], [3105], [3565], [5595], [3958], [2335], [1667]]
Chagas Disease:[[7124], [3569], [7040], [3586], [1636], [3091], [627], [4318], [7099], [3123], [7421], [1234], [3458], [3605], [29126], [4313], [920], [7097], [6347], [4879], [3162], [50943], [4153], [64127], [5133], [3958], [4282], [3627], [26191], [3559], [5806], [3593], [3600], [3240], [7133], [1589], [5159], [4914], [1508], [590], [3574], [1378], [43], [4907], [6348], [112744], [912], [1901], [3965], [6351], [7297], [7432], [114609], [6957], [4880], [2220], [10747], [2028], [78989], [50640]]
infection due to Trypanosoma cruzi:[[7124], [4318], [4790], [3576], [2475], [4313], [7097], [5594], [3606], [3105], [4684], [5970], [3565], [4879], [7056], [3958], [54106], [5595], [142], [1950], [7132], [2335], [9734], [7133], [26018], [1667], [4745], [2017], [2222], [4916], [10223], [9663], [10578], [23759], [25834], [8505]]
Chagas-Mazza disease:[[64127], [3586], [3123], [6347], [3569], [26191], [3084], [3593], [1234], [729230], [7124], [1378], [221692], [64478], [7040], [1636], [100507436], [3559], [4318], [6794], [7421], [4684], [2162], [3458], [22808], [3162], [7297], [4843], [1740], [26353], [627], [9734], [3091], [7099], [285195], [10599], [7056], [1278], [5743], [4745], [29126], [3605], [8997], [5268], [4313], [4286], [920], [1600], [7097], [4879], [4153], [3965], [9863], [50943], [3606], [5133], [8291], [3958], [2222], [22861], [4282], [10752], [6310], [3627], [40], [6957], [6352], [2309], [7074], [5806], [400757], [3600], [3240], [7133], [1589], [55691], [6546], [5159], [5789], [114904], [6955], [4914], [2193], [1508], [84433], [590], [3574], [7525], [834], [6710], [43], [4907], [10403], [6348], [112744], [10840], [26018], [1501], [4283], [26154], [340273], [2893], [23254], [5947], [1901], [6351], [7432], [259230], [23261], [4795], [114609], [64067], [9628], [23108], [4880], [10747], [4257], [70], [912], [9229], [4782], [80816], [9732], [2220], [1607], [7373], [1780], [84665], [84445], [9663], [105], [27255], [10223], [93664], [27094], [51535], [5157], [2788], [23303], [64771], [22987], [83943], [84034], [79875], [57512], [23759], [25834], [100505592], [154661], [64744], [148252], [57689], [143425], [136227], [93589], [9951], [115584], [2028], [221491], [161725], [25903], [221223], [729993], [78989], [57732], [90799], [50640], [114905], [255189], [168433], [80071], [115749]]
South American trypanosomiasis:[[]]
