Peroneal Muscular Atrophy:[[4359]]
Charcot Marie Disease:[[]]
Charcot Marie Tooth Disease:[[9927], [4311], [5376], [4747], [4359], [4000], [3315], [54332], [10397], [3508], [7415], [59341], [4141], [1785], [7879], [1959], [22880], [26353], [476], [2617], [6305], [619496], [387574], [9516], [431712], [80208], [1778], [3735], [5631], [4744], [64423], [23095], [79628], [8565], [11284], [9896], [7453], [2064], [90678], [8898], [6834], [5243], [121512], [57716], [8879], [16], [81857], [81846], [5375], [4669], [10540], [4358], [8888], [3035], [59345], [5165], [23321], [3300], [2705], [55526], [1337], [8506], [57449], [56704], [2065], [1253], [9131], [1821], [9531], [26580], [821], [57142], [406941], [10801], [3098], [3848], [10516], [4508], [84447], [1855], [7138], [3798], [3236], [8139], [51142], [3032], [10112], [4099], [57704], [2013], [23503], [5545], [9542], [105943587], [105943586], [8988], [11079], [1254], [127003]]
Charcot-Marie-Tooth Disease:[[9927], [4311], [5376], [4747], [4359], [4000], [3315], [54332], [10397], [3508], [7415], [59341], [4141], [1785], [7879], [1959], [22880], [26353], [476], [2617], [6305], [619496], [387574], [9516], [431712], [80208], [1778], [3735], [5631], [4744], [64423], [23095], [79628], [8565], [11284], [9896], [7453], [2064], [90678], [8898], [6834], [5243], [121512], [57716], [8879], [16], [81857], [81846], [5375], [4669], [10540], [4358], [8888], [3035], [59345], [5165], [23321], [3300], [2705], [55526], [1337], [8506], [57449], [56704], [2065], [1253], [9131], [1821], [9531], [26580], [821], [57142], [406941], [10801], [3098], [3848], [10516], [4508], [84447], [1855], [7138], [3798], [3236], [8139], [51142], [3032], [10112], [4099], [57704], [2013], [23503], [5545], [9542], [105943587], [105943586], [8988], [11079], [1254], [127003]]
PERONEAL MUSCULAR ATROPHY:[[4359]]
Peroneal Muscular Atrophies:[[]]
Charcot-Marie Disease:[[]]
Charcot Marie Tooth Hereditary Neuropathy:[[5376], [4359], [54332], [2617], [4747], [9927], [3315], [4311], [2705], [105943587], [105943586], [3508], [22880], [4141], [9516], [1785], [6305], [59341], [26353], [7879], [5631], [10397], [7415], [9131], [7453], [79628], [1786], [8888], [57716], [121512], [64423], [9896], [1778], [26580], [16], [4744], [23095], [8506], [8879], [10540], [4508], [3098], [3300], [10342], [56704], [3798], [1821], [8139], [4088], [8988], [1352]]
Hereditary Neuropathy Charcot-Marie-Tooth:[[5376], [4359], [2617], [54332], [9927], [3315], [2705], [4747], [26353], [59341], [5631], [4311], [9516], [7415], [10397], [9131], [1785], [7879], [7453], [1786], [8888], [22880], [3508], [64423], [1778], [4141], [26580], [79628], [4744], [23095], [57716], [8506], [9896], [16], [8879], [121512], [10540], [6305], [4508], [3098], [3300], [10342], [56704], [105943587], [105943586], [3798], [1821], [8139], [4088], [8988], [1352]]
Peroneal muscular atrophy:[[4359]]
Charcot-Marie-Tooth disease:[[9927], [4311], [5376], [4747], [4359], [4000], [3315], [54332], [10397], [3508], [7415], [59341], [4141], [1785], [7879], [1959], [22880], [26353], [476], [2617], [6305], [619496], [387574], [9516], [431712], [80208], [1778], [3735], [5631], [4744], [64423], [23095], [79628], [8565], [11284], [9896], [7453], [2064], [90678], [8898], [6834], [5243], [121512], [57716], [8879], [16], [81857], [81846], [5375], [4669], [10540], [4358], [8888], [3035], [59345], [5165], [23321], [3300], [2705], [55526], [1337], [8506], [57449], [56704], [2065], [1253], [9131], [1821], [9531], [26580], [821], [57142], [406941], [10801], [3098], [3848], [10516], [4508], [84447], [1855], [7138], [3798], [3236], [8139], [51142], [3032], [10112], [4099], [57704], [2013], [23503], [5545], [9542], [105943587], [105943586], [8988], [11079], [1254], [127003]]
Syndrome Charcot-Marie-Tooth:[[5376], [4000], [4359], [54332], [4358], [3315], [1785], [1959], [5631], [59341], [2705], [9927], [7415], [4747], [7879], [8879], [9896], [3035], [81857], [6834], [64423], [1778], [4744], [8506], [4669], [11284], [4088], [1956], [57716], [81846], [5243], [1855], [2065], [2064], [6647], [9131], [4508], [1786], [26580], [2013], [9531], [9611], [821], [57142], [10801], [57704], [2593], [23503]]
Charcot Marie Tooth Syndrome:[[4359], [5376], [54332], [4747], [4000], [9927], [1785], [3315], [1959], [4358], [2705], [59341], [7879], [5631], [9896], [7415], [8879], [3035], [81857], [64423], [57716], [1778], [6834], [4744], [8506], [81846], [11284], [4669], [4088], [1956], [5243], [1855], [2065], [6647], [9131], [2064], [4508], [26580], [1786], [2013], [9531], [9611], [821], [57142], [10801], [57704], [2593], [23503]]
