Steinbrinck anomaly:[[2688], [3845], [1080], [8312], [5290], [1813], [1565], [142], [8626], [1277], [3791], [4627], [3930], [1545], [2321], [5080], [5295], [4893], [4625], [2625], [3674], [2735], [2316], [7045], [5604], [1000], [2296], [7042], [6928], [51594], [5308], [59], [7168], [57167], [1739], [6473], [2050], [93986], [54901], [5873], [4841], [7403], [4628], [4094], [9211], [7050], [2317], [4488], [3198], [778], [4327], [55165], [4215], [57680], [5456], [6658], [64840], [11198], [7546], [23077], [23641], [64388], [57539], [8220], [58499], [9993], [56006], [145282], [55295], [1714], [7497]]
Chédiak-Steinbrinck anomaly:[[]]
CHEDIAK-HIGASHI SYNDROME:[[1130]]
Chediak-Steinbrinck-Higashi syndrome:[[1130], [124997], [23218]]
Chediak Higashi syndrome:[[1130]]
Granulation anomaly of leucocytes:[[]]
CHS:[[1130], [10135], [135], [7941], [10068], [9392], [79541], [401427]]
Chediak-Higashi syndrome:[[1130]]
Béguez César disease:[[1493], [5979], [64127], [11315], [351], [8792], [348], [5071], [1910], [3064], [3586], [6774], [3123], [1029], [6622], [4137], [540], [5310], [3717], [6347], [24], [1201], [6387], [3119], [120892], [335], [7450], [5621], [7422], [3569], [338], [5311], [3949], [3107], [4287], [19], [4023], [5664], [57623], [1071], [3558], [4314], [255738], [4088], [356], [3117], [26191], [1191], [653361], [1586], [958], [26503], [1401], [2629], [4018], [3593], [116519], [6927], [4688], [729230], [3106], [864], [3570], [80339], [7415], [6597], [2244], [59067], [345], [8651], [3115], [10577], [149233], [5314], [6261], [3592], [7957], [1030], [28], [10320], [1234], [3659], [246778], [3990], [4041], [1378], [100048912], [3077], [3383], [6775], [5376], [9173], [2161], [55600], [26058], [7439], [1138], [4361], [4582], [7369], [1956], [1282], [3122], [6653], [4747], [51752], [7124], [4359], [538], [55054], [1136], [6311], [5663], [3931], [3992], [2646], [6584], [337], [9966], [4321], [56606], [217], [1235], [274], [5734], [2524], [7040], [341], [7292], [3953], [4524], [1232], [6272], [5966], [5771], [2308], [54901], [4068], [7332], [8878], [3562], [100507436], [9388], [3084], [2099], [10452], [3559], [6583], [5328], [8301], [1636], [3635], [4693], [1230], [2212], [945], [4318], [29881], [9370], [5243], [367], [4790], [7128], [7421], [64241], [54332], [6403], [1373], [7077], [4846], [94103], [51085], [2243], [10019], [345611], [7015], [4311], [2581], [10221], [56731], [7840], [2876], [940], [6606], [60468], [3595], [2266], [50941], [100359403], [3458], [221692], [10347], [3658], [3133], [2904], [64478], [1394], [64170], [64399], [5594]]
Oculocutaneous Albinism with Leukocyte Defect:[[]]
Chediak-Higashi Syndrome:[[1130]]
Chediak anomaly:[[]]
Beguez Cesar disease:[[1493], [5979], [64127], [11315], [351], [8792], [348], [5071], [1910], [3064], [3586], [6774], [3123], [1029], [6622], [4137], [540], [5310], [3717], [6347], [24], [1201], [6387], [3119], [120892], [335], [7450], [5621], [7422], [3569], [338], [5311], [3949], [3107], [4287], [19], [4023], [5664], [57623], [1071], [3558], [4314], [255738], [4088], [356], [3117], [26191], [1191], [653361], [1586], [958], [26503], [1401], [2629], [4018], [3593], [116519], [6927], [4688], [729230], [3106], [864], [3570], [80339], [7415], [6597], [2244], [59067], [345], [8651], [3115], [10577], [149233], [5314], [6261], [3592], [7957], [1030], [28], [10320], [1234], [3659], [246778], [3990], [4041], [1378], [100048912], [3077], [3383], [6775], [5376], [9173], [2161], [55600], [26058], [7439], [1138], [4361], [4582], [7369], [1956], [1282], [3122], [6653], [4747], [51752], [7124], [4359], [538], [55054], [1136], [6311], [5663], [3931], [3992], [2646], [6584], [337], [9966], [4321], [56606], [217], [1235], [274], [5734], [2524], [7040], [341], [7292], [3953], [4524], [1232], [6272], [5966], [5771], [2308], [54901], [4068], [7332], [8878], [3562], [100507436], [9388], [3084], [2099], [10452], [3559], [6583], [5328], [8301], [1636], [3635], [4693], [1230], [2212], [945], [4318], [29881], [9370], [5243], [367], [4790], [7128], [7421], [64241], [54332], [6403], [1373], [7077], [4846], [94103], [51085], [2243], [10019], [345611], [7015], [4311], [2581], [10221], [56731], [7840], [2876], [940], [6606], [60468], [3595], [2266], [50941], [100359403], [3458], [221692], [10347], [3658], [3133], [2904], [64478], [1394], [64170], [64399], [5594]]
Chédiak-Higashi syndrome:[[1130]]
Chediak Higashi Syndrome:[[1130]]
Hereditary leukomelanopathy:[[3077], [5376], [7157], [6654], [672], [26585], [5624], [999], [675], [3845], [3553], [1080], [4089], [3315], [2022], [51062], [324], [1786], [3557], [7421], [7080], [2956], [2157], [1471], [2137], [547], [10558], [6690], [9927], [7048], [4524], [710], [2161], [351], [1029], [7954], [79728], [3329], [7040], [9566], [1436], [7124], [348], [4914], [5644], [7422], [5080], [3569], [408259], [2099], [174], [7424], [54463], [2521], [1636], [5925], [1814], [94], [5979], [6708], [2706], [673], [6720], [4292], [2271], [4072], [2512], [10801], [2064], [5728], [2147], [780916], [110011217], [4137], [4535], [6335], [2158], [2160], [9780], [4318], [5395], [2324], [5354], [1401], [7276], [367], [4846], [207], [2153], [3783], [4436], [1499], [7099], [4149], [2475], [1312], [335], [29126], [3576], [6622], [7015], [11200], [2778], [472], [1282], [5054], [100124414], [619402], [408260], [378888], [246230], [80870], [80768], [64644], [59333], [54115], [50989], [10774], [100188867], [3717], [4780], [3479], [65125], [10481], [6041], [50952], [2944], [100188834], [4193], [3247], [100188865], [101059903], [101027378], [100302560], [100188868], [100188826], [100188809], [100188769], [791087], [7909], [1639], [5290], [3815], [229], [7428], [26580], [3798], [7498], [5444], [6347], [4538], [4879], [657], [2950], [960], [110008579], [4233], [2658], [57817], [6687], [3105], [1813], [120892], [4210], [6521], [3043], [7515], [26353], [1565], [857], [5172], [3075], [1371], [11093], [54658], [142], [4508], [185], [581], [3757], [5133], [3098], [9420], [57679], [4582], [462], [4312], [1027], [8074], [7273], [9897], [5631], [4282], [7132], [1588], [114548], [4255], [718], [5071], [2261]]
Granulation anomaly of leukocytes:[[3791]]
Chediak Steinbrinck Higashi Syndrome:[[1130], [124997], [23218]]
Chediak-Steinbrinck-Higashi Syndromes:[[]]
Chediak-Steinbrinck anomaly:[[]]
Chédiak anomaly:[[]]
Congenital gigantism of peroxidase granules:[[]]
Hereditary gigantism of cytoplasmic organelles:[[]]
Chediak-Steinbrinck-Higashi Syndrome:[[1130], [124997], [23218]]
