Choroideraemia:[[1122]]
Choroideremias:[[]]
CHOROIDEREMIA:[[1121], [1122], [100887743], [24], [6121], [5976], [7399], [285440], [64802], [6101], [54714]]
Choroideremia (degeneration of the choriocapillaris and retinal pigment epithelium and finally retina):[[]]
Choroideremia:[[1121], [1122], [100887743], [24], [6121], [5976], [7399], [285440], [64802], [6101], [54714]]
TAPETOCHOROIDAL DYSTROPHY PROGRESSIVE:[[1121]]
Tapetochoroidal dystrophy:[[1121]]
CHM:[[1121], [4359], [7157], [7422], [1122], [2034], [6662], [24], [7528], [8795], [3624], [1028], [5868], [7879], [5976], [8766], [7399], [1270], [5861], [199713], [11061], [54206], [5870], [64802], [5935], [5864], [6101], [5867], [3796], [81876], [3950], [51552], [54714], [7429], [22931], [9367], [5874], [9230], [5878], [5869], [8934], [11031], [10981], [9545], [678], [5865], [64284], [51762], [338382], [5875], [51560], [2662], [51209], [27314]]
Tapetochoroidal Dystrophies Progressive:[[1121]]
Tapetochoroidal Dystrophy Progressive:[[1121]]
TCD:[[1121], [6285], [2026], [1119]]
