Chromosomal disorder:[[9464]]
Disorder Chromosome Abnormality:[[]]
Chromosome Abnormality Disorders:[[]]
Congenital disorder due to abnormality of chromosome number OR structure:[[2237], [6749], [80198], [10075], [4314], [84464], [7157], [1956], [8685], [7124], [348], [7422], [351], [146956], [7040], [3569], [2099], [3091], [672], [367], [627], [2064], [1499], [1080], [3553], [6622], [7099], [5468], [7015], [4609], [1636], [4137], [596], [8091], [7852], [3586], [4193], [4846], [675], [83483], [26064], [92521], [548593], [920], [5743], [6647], [2147], [5243], [4524], [1401], [207], [3106], [3105], [5054], [7421], [3479], [6532], [2908], [4318], [154], [4851], [3845], [998], [3123], [999], [472], [4790], [2153], [120892], [1312], [5879], [335], [7450], [2263], [142], [7097], [6774], [9370], [3605], [673], [3690], [5621], [3630], [4313], [3576], [2132], [1756], [3952], [3043], [5728], [4233], [4000], [3075], [6387], [5925], [3717], [1026], [1432], [5290], [1029], [5071], [2904], [51741], [2033], [5594], [7428], [79008], [4869], [5350], [7276], [3757], [3320], [2475], [4204], [3135], [25], [213], [3064], [29126], [3815], [387], [177], [3162], [7316], [2950], [2332], [2146], [846], [2706], [2521], [1813], [6899], [5444], [4780], [5663], [59272], [23435], [2260], [3688], [4089], [1387], [355], [1493], [1803], [3458], [1588], [1017], [1234], [1457], [2932], [5111], [8878], [332], [9429], [3480], [1559], [3265], [324], [338], [7514], [406991], [4842], [8743], [7431], [220082], [2157], [51738], [3383], [27069], [581], [6935], [197342], [331], [836], [595], [4088], [3643], [1906], [3119], [3949], [867], [718], [183], [6256], [6469], [5970], [1950], [1565], [3791], [185], [1786], [2100], [567], [4292], [23405], [23586], [3039], [4282], [79068], [650]]
Chromosomal imbalance syndrome:[[7157], [3845], [348], [673], [5728], [3146], [641], [4000], [207], [672], [4089], [675], [6774], [4137], [2475], [3717], [4851], [7124], [50943], [999], [1493], [324], [1956], [7422], [4204], [3569], [7040], [7015], [4609], [627], [2099], [5444], [1499], [5243], [5468], [596], [3064], [2064], [7076], [3458], [23411], [1859], [5979], [3630], [6622], [6777], [6790], [4353], [5925], [3417], [4627], [2157], [581], [8301], [983], [4968], [3600], [7298], [864], [7049], [987], [23191], [58985], [50515], [192343]]
Disorders Chromosome:[[5728], [7015], [1029], [348], [1030], [5167], [100048912], [1956], [4791], [3630], [367], [3481], [190], [203228], [2969], [3123], [7114], [57178], [7124], [672], [7422], [3569], [7157], [4524], [9759], [332], [6647], [1138], [3105], [4137], [7040], [100188856], [4318], [9370], [627], [10743], [27185], [2332], [1136], [775], [1312], [19], [7750], [6622], [5468], [3586], [6532], [6474], [26191], [438], [83636], [2475], [3553], [3479], [2697], [23314], [4314], [6774], [7099], [3952], [2908], [9569], [2099], [3091], [3717], [8842], [1636], [283489], [283120], [2212], [83259], [673], [351], [4846], [7421], [2214], [6662], [1813], [354], [4297], [207], [1139], [57412], [3146], [1080], [6927], [29126], [4609], [4684], [4313], [5743], [1499], [4790], [5054], [51738], [5444], [2492], [120892], [3973], [3570], [5243], [1401], [947], [3845], [6531], [2272], [8626], [3576], [6347], [2932], [675], [6925], [3162], [5654], [2706], [7054], [110806262], [2626], [4879], [3133], [2146], [4204], [2944], [472], [3356], [3458], [23411], [3606], [545], [84103], [596], [3605], [6331], [79068], [5290], [4128], [3565], [1815], [3815], [6928], [2903], [5919], [3106], [406928], [999], [6696], [1493], [5925], [4233], [90865], [23435], [4000], [2153], [4780], [43], [3135], [64135], [7035], [2033], [1806], [3077], [326], [7852], [3664], [7097], [1565], [2147], [4851], [7499], [4193], [4179], [2919], [1234], [2952], [79728], [114548], [406991], [6863], [4916], [4982], [10664], [355], [10371], [6285], [2023], [91752], [5621], [3119], [5021], [1432], [387715], [7450], [3725], [406938], [2950], [960], [1557], [3383], [154], [3992]]
Chromosomal anomalies:[[4524], [1029], [5080], [1789], [348], [5728], [472], [675], [4851], [5925], [1282], [8626], [2908], [5426], [2261], [5932], [5087], [6862], [55636], [6469], [5277], [8314], [1139], [2052], [23451], [6716], [8038], [6473], [3192], [3664], [2296], [2737], [8085], [4026], [3981], [5015], [79840], [3239], [22827], [1964], [4990], [84224], [55672], [84203], [100132406], [284565], [728841], [149013], [25832], [400818], [653149], [105980006], [100288142], [148545], [343505], [105980008], [401967], [644861], [285622], [343381], [205655], [441908], [101929780]]
Chromosomal anomaly:[[2688], [3845], [142], [1277], [4627], [8626], [5080], [2296], [7042], [6473], [54901], [57680], [9211]]
Conditions due to anomaly of unspecified chromosome:[[142], [3791], [1813], [2321], [2316], [4893], [7042], [5604]]
Chromosomal abnormality syndrome:[[7157], [4627], [6664], [1142]]
Chromosomal abnormality unspecified:[[7157]]
Chromosomal hereditary disorder:[[7157], [3845], [672], [675], [8792], [861], [4524], [7124], [348], [3815], [324], [3569], [2099], [1786], [2157], [7422], [4137], [7040], [673], [53335], [472], [3717], [5728], [6622], [4292], [2944], [5925], [207], [7015], [5080], [2521], [1499], [367], [5979], [2475], [2153], [8314], [10342], [5071], [1282], [5444], [10111], [8493], [6712], [142], [1277], [4627], [2155], [4968], [4353], [3784], [7291], [6716], [2395], [2177], [5889], [6495], [5015], [7148], [57697], [1825], [22909]]
Disorders Chromosomal:[[3146], [7157], [4524], [7124], [348], [4297], [57679], [7422], [3569], [1956], [3630], [3480], [7040], [5728], [627], [9569], [672], [4609], [367], [673], [3717], [1029], [6622], [5468], [4137], [2475], [7015], [6774], [596], [2099], [1499], [3845], [2908], [2944], [207], [472], [79796], [5743], [5444], [332], [23411], [8626], [5243], [675], [4204], [2932], [2952], [861], [55193], [4851], [3815], [406928], [3458], [4000], [5925], [1493], [999], [4193], [2153], [324], [7852], [6285], [2261], [2146], [50943], [2778], [4627], [6323], [3417], [238], [3043], [1277], [581], [5071], [2260], [2033], [3725], [4869], [4023], [338], [2068], [1728], [5156], [4436], [2516], [2688], [4353], [2308], [3320], [282617], [2335], [3064], [5599], [3784], [2521], [3643], [545], [6716], [1786], [2155], [1139], [7351], [6376], [6469], [4683], [6598], [1589], [1108], [23405], [1789], [2623], [11315], [729230], [3600], [5741], [54790], [2130], [10664], [847], [1394], [51741], [2078], [5155], [5080], [1282], [9378], [1030], [27086], [1555], [891], [11168], [7042], [2956], [2159], [9232], [58508], [4602], [7012], [4791], [2719], [3664], [9968], [8850], [3778], [3662], [51129], [6473], [1859], [7030], [3654], [919], [3192], [4864], [5009], [1647], [2737], [8085], [2175], [10661], [26585], [5966], [5426], [5074], [4001], [2494], [406901], [54901], [79648], [1630], [57680], [6277], [53335], [5373], [9757], [3030], [1106], [10733], [406968], [5625], [9211], [54806], [4102], [10215], [6314], [8914], [79840], [51547], [7258], [5277], [4100], [5305], [2551], [81608], [4103], [7247], [8635], [1804], [7994], [23191], [399]]
Chromosomopathy:[[]]
Disorder Chromosomal:[[79796], [3146], [7157], [8792], [1654], [861], [1364], [3845], [51085], [4524], [7124], [348], [55193], [3815], [3569], [894], [9031], [2099], [7422], [1956], [64067], [64409], [5243], [627], [338], [9569], [672], [3717], [6622], [596], [53335], [7040], [4609], [2944], [673], [4023], [4137], [5728], [7462], [207], [266553], [472], [7015], [4361], [2952], [114049], [2908], [1499], [3458], [367], [675], [8314], [2932], [7461], [51741], [2475], [8554], [5743], [6774], [4691], [4204], [4297], [5071], [7343], [114798], [23411], [4851], [4292], [5444], [8850], [1493], [55695], [65062], [5925], [2153], [3064], [5074], [5373], [7852], [81554], [27086], [8493], [10111], [324], [920], [4000], [50943], [58538], [6712], [6285], [5979], [2157], [1139], [238], [3981], [2260], [2033], [142], [1277], [4026], [155368], [84277], [3630], [6323], [1523], [1394], [1786], [2068], [4968], [994], [2623], [4353], [1387], [3320], [4627], [2335], [1728], [2309], [7486], [7291], [5156], [3784], [860], [5741], [23405], [2155], [55636], [6469], [1501], [1108], [2521], [2534], [3600], [2688], [100124700], [10664], [23081], [987], [5080], [7531], [151648], [221037], [7351], [847], [546], [613], [2353], [5793], [6606], [2516], [182], [6716], [7979], [2719], [58508], [1282], [7518], [57680], [1859], [641], [9063], [7030], [2073], [2177], [10342], [2395], [3920], [6473], [51083], [3654], [3664], [382], [4864], [79811], [25836], [2296], [2175], [1795], [5009], [29072], [8085], [9378], [6495], [4045], [5896], [1630], [2273], [10401], [282618], [84969], [4880], [342184], [5015], [4922], [2176], [8013], [5087], [5889], [9869], [1106]]
Congenital chromosomal disease:[[5979], [1589], [7422], [4137], [3717], [3569], [338], [4524], [1956], [4000], [7124], [7040], [1282], [367], [7157], [2099], [5243], [4851], [182], [3458], [2153], [2157], [3845], [3043], [79796], [2033], [673], [5080], [4609], [25], [596], [2778], [2155], [2064], [2944], [332], [861], [1789], [1499], [207], [7849], [627], [4297], [7042], [5743], [2952], [999], [5468], [2353], [2122], [1026], [1630], [2177], [11200], [2908], [5888], [3784], [4204], [238], [6469], [8626], [1277], [2261], [2260], [10661], [5373], [4089], [2034], [7076], [7298], [8243], [4627], [100124700], [23405], [6598], [55636], [2688], [93649], [5087], [7351], [10537], [5741], [604], [5155], [2395], [2623], [2296], [2052], [2120], [55294], [2159], [23451], [1859], [1108], [8850], [5277], [27086], [3778], [10982], [9570], [6473], [8085], [2273], [9968], [2737], [3670], [54806], [5015], [23468], [25836], [9555], [2035], [57680], [7148], [9126], [53905], [6491], [157680], [54386], [10006], [3239], [3110], [9464], [2551], [6738], [54897], [10112], [4990], [2595], [54551], [23676], [93210], [84224], [55672], [100132406], [192343], [284565], [728841], [149013], [25832], [400818], [653149], [100288142], [148545], [343505], [401967], [644861], [285622], [343381], [205655], [441908], [101929780]]
Disorder Chromosome:[[5728], [2272], [3133], [267012], [5189], [775], [7015], [2212], [2214], [57178], [348], [2902], [3356], [6377], [109504728], [6378], [1636], [55670], [8400], [1956], [1312], [91869], [6532], [288], [203228], [6365], [5999], [8379], [8806], [121278], [23345], [367], [8401], [8239], [107963955], [619493], [53335], [57674], [3123], [29761], [116442], [7227], [2969], [133], [7157], [6647], [3845], [51085], [6925], [5789], [7124], [1565], [301], [4300], [1815], [861], [672], [6095], [79796], [3569], [7450], [4524], [26354], [3310], [3690], [3815], [4299], [1138], [7422], [2099], [4137], [894], [4330], [1756], [5243], [1401], [627], [27185], [3759], [2332], [5111], [3553], [4292], [3630], [338], [3586], [6482], [6934], [4361], [5058], [3481], [2289], [7421], [7040], [438], [3075], [100188856], [5328], [7750], [6622], [1139], [2313], [64067], [5578], [83636], [4314], [4023], [9370], [64409], [867], [3952], [2908], [207], [2904], [54106], [9569], [4691], [3717], [4318], [4842], [3486], [55193], [351], [2917], [5430], [4803], [3674], [1191], [5830], [79703], [4846], [10111], [1080], [3479], [8405], [1173], [6335], [5159], [1813], [5580], [80216], [7099], [3981], [7458], [673], [2944], [4790], [3458], [54715], [4893], [2668], [675], [2932], [26608], [7494], [472], [7874], [2475], [2065], [6662], [51738], [6347], [4609], [3091], [5743], [6774], [3570], [1499], [3077], [7461], [10631], [546], [114049], [26291], [6531], [7534], [51479], [3146], [4233], [2903], [596], [5515], [3592], [93986], [9901], [2952], [170690], [1000], [3576], [110806262], [5190], [4313], [151648], [3484], [4204], [6928], [26011], [8314], [63876], [5594]]
Anomaly of chromosome:[[7403], [2688], [3845], [1080], [6928], [5308], [142], [5290], [1813], [8312], [1565], [8626], [3791], [1277], [4627], [2321], [1545], [3930], [5080], [5295], [4893], [1714], [4625], [2625], [3674], [2735], [2316], [7045], [5604], [1000], [2296], [7042], [7497], [51594], [59], [7168], [57167], [1739], [6473], [2050], [93986], [64388], [54901], [5873], [4841], [55165], [4628], [4094], [9211], [7050], [2317], [4488], [3198], [778], [7546], [4327], [4215], [57680], [5456], [6658], [64840], [11198], [23077], [23641], [57539], [8220], [58499], [9993], [145282], [56006], [55295]]
