Vasculitis Churg-Strauss:[[3123], [3586], [5657]]
Syndrome Churg-Strauss:[[3123], [3586], [4318], [4313], [22914], [6361], [3126], [6037], [5657], [3916], [6957], [10344], [64806]]
Granulomatous Angiitis Allergic:[[]]
Vasculitides Eosinophilic Granulomatous:[[]]
Angiitides Allergic:[[85480], [3558], [3106], [3119], [4609], [7124], [56946], [3596], [7040], [2615], [3586], [3107], [79068], [1956], [7422], [7099], [19], [3569], [3117], [3458], [1636], [100507436], [3576], [3605], [7097], [4524], [6778], [3091], [6774], [9370], [50943], [3606], [3123], [4790], [3565], [4318], [7077], [627], [59067], [7421], [604], [1401], [4846], [5054], [3135], [929], [9173], [5243], [1080], [3553], [6347], [29126], [5376], [920], [3952], [6532], [9978], [1493], [6352], [90865], [999], [260328], [2475], [3717], [596], [3383], [6696], [2944], [4851], [5820], [2312], [4313], [2952], [406991], [1565], [5594], [196], [5444], [332], [1739], [3162], [6647], [2950], [7096], [4277], [64127], [3105], [6387], [3146], [7098], [114548], [2737], [3566], [5970], [10631], [406947], [54106], [1906], [1432], [718], [8743], [4843], [3557], [57556], [857], [1630], [3688], [2706], [5133], [10333], [4153], [2625], [3958], [3725], [959], [3627], [3909], [387], [3082], [56729], [9021], [81793], [958], [2335], [8600], [3356], [841], [10], [796], [2150], [1116], [5578], [7076], [26191], [1471], [3065], [3559], [1803], [8809], [3953], [3593], [2060], [6469], [2309], [846], [3567], [7412], [7442], [2212], [10673], [50616], [4586], [5027], [3308], [814], [3620], [4803], [54715], [1524], [1958], [84868], [8651], [7057], [6280], [7048], [6037], [2539], [63976], [7295], [3240], [3570], [27], [4842], [3689], [6376], [820], [2205], [4316], [4026], [5494], [5300], [133], [246778], [3592], [30009], [27178], [7128], [11315], [2534], [729230], [5624], [3578], [64682], [23274], [26762], [3932], [6868], [3350], [3329], [4072]]
Eosinophilic granulomatosis with polyangiitis [EGPA]:[[4353], [947], [3567], [2215]]
Allergic Granulomatous and Angiitis:[[3123]]
EGPA - eosinophilic granulomatosis with polyangiitis:[[]]
Allergic granulomatosis angiitis:[[]]
Allergic granulomatous angiitis:[[]]
CSS - Churg-Strauss syndrome:[[]]
Churg Strauss syndrome:[[3586], [4318], [3123], [4313], [22914], [5657], [6037], [6361], [3126], [3916], [6957], [10344], [64806]]
Granulomatous Angiitides Allergic:[[7124], [1535], [3458], [1636], [3605], [3576], [3091], [3123], [3606], [64127], [3553], [1493], [90865], [3162], [1906], [10673], [3620], [6280], [63976], [820], [6362], [27035], [1118], [6761]]
Granulomatosis Allergic:[[7124], [3586], [7099], [57556], [7097], [50943], [3115], [3606], [920], [1493], [3146], [54106], [5133], [2150], [26191], [3559], [3567], [10673], [2205], [1673], [3575], [2215], [1118], [7293], [1233], [10666], [6375], [8784]]
Churg Strauss Syndrome:[[3586], [4318], [3123], [4313], [22914], [5657], [6037], [6361], [3126], [3916], [6957], [10344], [64806]]
Allergic Angiitis and Granulomatosis:[[]]
Eosinophilic granulomatosis with polyangiitis:[[57556], [3146], [4353], [3567], [947], [2215]]
Angiitis Allergic:[[3123]]
Churg-Strauss syndrome:[[3586], [4318], [3123], [4313], [22914], [5657], [6037], [6361], [3126], [3916], [6957], [10344], [64806]]
Polyarteritis with lung involvement [Churg-Strauss]:[[]]
Granulomatoses Allergic:[[85480], [3558], [3106], [3119], [4609], [7124], [56946], [3596], [7040], [2615], [3586], [3107], [79068], [1956], [7422], [7099], [19], [3569], [3117], [3458], [1636], [100507436], [3576], [3605], [7097], [4524], [6778], [3091], [6774], [9370], [50943], [3606], [3123], [4790], [3565], [4318], [7077], [627], [59067], [7421], [604], [1401], [4846], [5054], [3135], [929], [9173], [5243], [1080], [3553], [6347], [29126], [5376], [920], [3952], [6532], [9978], [1493], [6352], [90865], [999], [260328], [2475], [3717], [596], [3383], [6696], [2944], [4851], [5820], [2312], [4313], [2952], [406991], [1565], [5594], [196], [5444], [332], [1739], [3162], [6647], [2950], [7096], [4277], [64127], [3105], [6387], [3146], [7098], [114548], [2737], [3566], [5970], [10631], [406947], [54106], [1906], [1432], [718], [8743], [4843], [3557], [57556], [857], [1630], [3688], [2706], [5133], [10333], [4153], [2625], [3958], [3725], [959], [3627], [3909], [387], [3082], [56729], [9021], [81793], [958], [2335], [8600], [3356], [841], [10], [796], [2150], [1116], [5578], [7076], [26191], [1471], [3065], [3559], [1803], [8809], [3953], [3593], [2060], [6469], [2309], [846], [3567], [7412], [7442], [2212], [10673], [50616], [4586], [5027], [3308], [814], [3620], [4803], [54715], [1524], [1958], [84868], [8651], [7057], [6280], [7048], [6037], [2539], [63976], [7295], [3240], [3570], [27], [4842], [3689], [6376], [820], [2205], [4316], [4026], [5494], [5300], [133], [246778], [3592], [30009], [27178], [7128], [11315], [2534], [729230], [5624], [3578], [64682], [23274], [26762], [3932], [6868], [3350], [3329], [4072]]
Vasculitis Eosinophilic Granulomatous:[[7124], [3605], [90865], [3606], [6280]]
Vasculitis Churg Strauss:[[3123], [3586], [5657]]
