Argininosuccinic Acid Synthetase Deficiency:[[]]
Citrullinuria:[[]]
Argininosuccinase deficiency:[[435]]
CITRULLINURIA:[[]]
Citrullinaemia:[[10165]]
Argininosuccinate synthase deficiency:[[445]]
Argininosuccinic Acid Synthetase Deficiency Disease:[[]]
Deficiency ASS:[[445], [3123], [351], [4609], [1432], [7057], [3329], [407975]]
Deficiency Argininosuccinate Synthetase:[[445], [3553]]
ASA synthase deficiency:[[5743], [4056], [239], [673], [335], [6347]]
ASS deficiency:[[445], [3123], [351], [4609], [1432], [7057], [3329], [407975]]
Deficiency of citrulline-aspartate ligase:[[445]]
ASAS deficiency:[[79001], [2067], [2068], [2147], [7274], [4524], [6513], [2073], [90411], [2688], [1376], [5660], [5624], [2072], [2074], [1585], [3479], [3952], [2071], [3123], [5627], [5054], [2153], [7157], [3162], [3077], [4153], [3075], [1588], [2157], [5265], [355], [920], [7124], [1646], [1161], [718], [4353], [3953], [1586], [25974], [948], [2155], [3569], [2539], [3689], [1589], [3559], [10474], [3586], [348], [672], [7040], [3030], [2162], [9370], [1956], [7421], [2677], [5340], [54821], [462], [5728], [7422], [2159], [7941], [326625], [6716], [6786], [1806], [2160], [2099], [6774], [100], [2944], [2624], [498], [710], [2161], [675], [351], [10986], [55573], [727], [3117], [3091], [7018], [3251], [5447], [673], [4790], [3553], [1029], [7172], [5443], [6647], [2937], [627], [4548], [472], [4615], [27249], [1080], [166785], [55661], [2158], [89], [3938], [174], [84876], [590], [3458], [1401], [367], [207], [2645], [720], [6622], [2876], [2064], [335], [7450], [7535], [5230], [695], [3290], [5009], [23411], [4609], [3106], [4846], [4292], [1636], [2643], [1026], [29126], [6390], [4318], [3990], [338434], [121278], [721], [3845], [4137], [6948], [2475], [28981], [2678], [34], [5313], [9131], [7015], [5160], [5449], [7097], [5743], [2271], [3704], [1584], [7099], [375748], [7297], [1644], [10747], [51135], [10165], [999], [4023], [23495], [1234], [64135], [4780], [164656], [5321], [1071], [5071], [5468], [6532], [383], [19], [4851], [1499], [1493], [712], [23530], [2692], [4204], [4193], [5444], [2203], [4192], [1312], [2952], [596], [3576], [1719], [1118], [6772], [51738], [4668]]
ASS DEFICIENCY:[[445], [3123], [351], [4609], [1432], [7057], [3329], [407975]]
Citrullinemias:[[]]
Deficiency Disease Argininosuccinate Synthase:[[]]
Deficiency of argininosuccinate synthase:[[445]]
ARGININOSUCCINATE SYNTHETASE DEFICIENCY:[[445], [3553]]
ASS Deficiencies:[[]]
Deficiencies Argininosuccinate Synthetase:[[]]
Deficiency Disease Argininosuccinic Acid Synthase:[[]]
Arginosuccinate synthetase deficiency:[[445]]
Citrullinemia:[[10165], [445], [435], [54496]]
Citrullinurias:[[]]
