Harelips:[[]]
Lip Cleft:[[3664], [10253], [8626], [1209], [4963], [63892], [1913], [1914], [24], [57698], [23705], [26585], [5820], [9241], [7168], [9423], [10413], [4524], [5081], [10507], [2042], [5818], [652], [7546], [5290], [7157], [7341], [4487], [999], [1956], [11023], [7040], [11259], [23779], [342184], [672], [5243], [2260], [56169], [7015], [4318], [673], [134526], [1950], [4193], [7039], [675], [144453], [5444], [81037], [84319], [10], [6347], [6696], [7043], [875], [6573], [2304], [6469], [2697], [553158], [5888], [4548], [860], [100507436], [4552], [8313], [2246], [1748], [2243], [4914], [7020], [1000], [5083], [5727], [2562], [6948], [5077], [9], [4040], [1500], [7414], [51176], [7531], [83990], [89780], [9935], [1719], [4522], [5817], [7350], [2571], [6608], [2252], [574456], [6470], [4281], [8243], [57491], [80326], [2255], [84634], [6497], [57822], [635], [288], [5648], [6899], [1041], [1856], [3714], [6135], [7473], [1317], [163], [5819], [63976], [8029], [27324], [1302], [83716], [2356], [23133], [2295], [56034], [27232], [8817], [8100], [25902], [79784], [9411], [2248], [2257], [6259], [9915], [2121], [55902], [83872], [64065], [55432], [8643], [9639], [80114], [724025], [1745], [23743], [10584], [55728], [81578], [55351], [56033], [11129], [347853], [283659], [7497], [57549], [83690], [167681], [192343], [8221]]
Congenital fissure of lip:[[9423]]
Harelip:[[]]
labium leporinum:[[]]
Cleft lip unspecified:[[1956], [10253], [7040], [672], [2260], [999], [7015], [675], [652], [1950], [7341], [5888], [4487], [7043], [4914], [51176], [5077], [89780], [6497], [6608], [23779], [6259]]
congenital fissure of lip:[[9423]]
Cleft lip NOS:[[1956], [5243]]
Labium leporinum:[[]]
cheiloschisis:[[]]
Cleft lip:[[3664], [8626], [4524], [1209], [10253], [10413], [1956], [7040], [24], [5243], [999], [672], [63892], [4318], [7015], [1913], [675], [23705], [5820], [1914], [7168], [5444], [6347], [5818], [26585], [9423], [6696], [9241], [2260], [10], [1950], [652], [10507], [7039], [2697], [2042], [57698], [5888], [6469], [5081], [100507436], [875], [860], [7341], [4487], [4963], [6573], [4548], [81037], [2243], [7546], [4552], [7043], [4914], [1000], [5727], [2246], [2304], [1500], [7020], [5077], [9], [51176], [8313], [7531], [5083], [89780], [7414], [6948], [7350], [1719], [4522], [2252], [11259], [83990], [2571], [5817], [6608], [2562], [8243], [11023], [23779], [574456], [342184], [6470], [84634], [6497], [288], [9935], [5648], [2255], [56169], [4281], [6135], [1317], [1041], [1856], [635], [57491], [80326], [134526], [8029], [27324], [2356], [163], [5819], [63976], [3714], [7473], [1748], [144453], [84319], [23133], [56034], [27232], [8817], [79784], [2248], [2295], [8100], [25902], [83716], [2257], [57822], [55902], [83872], [553158], [9915], [2121], [6259], [64065], [9411], [9639], [1745], [8643], [55432], [80114], [724025], [10584], [23743], [55728], [81578], [56033], [55351], [11129], [347853], [283659], [57549], [7497], [83690], [167681], [192343]]
Lips Cleft:[[2571]]
Cheiloschisis:[[]]
harelip:[[]]
CL - Cleft lip:[[4963], [3664], [8626], [4524], [1956], [5243], [4318], [7015], [5818], [7039], [5444], [6347], [26585], [652], [4487], [2697], [860], [5081], [4548], [4552], [7043], [1719], [11023], [5648], [3714], [10584], [7473], [83716], [56034], [57822], [64065]]
