CCD:[[860], [6774], [7040], [5243], [207], [1499], [6772], [6648], [6331], [4000], [4023], [2697], [2263], [2260], [6775], [8678], [5894], [6261], [4625], [1832], [6778], [407035], [51129], [11168], [89780], [6356], [1674], [10075], [6550], [1811], [23534], [6932], [22863], [4253], [6522], [11259], [22906], [8496], [51086], [147872], [10319], [23307], [79839], [57730], [109611589], [100128553], [441925], [400986], [115253422], [100142659], [441294], [340307]]
CLCD:[[860]]
CLEIDOCRANIAL DYSPLASIA:[[860], [4488], [407035], [109611589]]
Syndrome Marie-Sainton:[[5376], [4359], [4000], [54332], [4747], [4358], [9927], [1785], [1959], [3315], [4088], [1956], [5243], [1855], [5631], [2705], [59341], [2065], [7415], [6647], [9896], [8879], [2064], [7879], [9131], [3035], [4508], [81857], [6834], [1778], [8506], [1786], [64423], [4744], [4669], [11284], [26580], [57716], [2013], [81846], [9531], [9611], [821], [57142], [10801], [57704], [2593], [23503]]
Craniocleidodysostosis:[[]]
Cleidocranial dysostosis:[[860]]
Dysostoses Cleidocranial:[[860], [4488], [407035], [109611589]]
Dysostosis Cleidocranial:[[860]]
Cleidocranial dysplasia:[[860], [4488], [407035], [109611589]]
Dysostosis Cleidocranial Digital:[[]]
Dysostoses Cleidocranial Digital:[[]]
Marie Sainton Syndrome:[[5376], [4359], [4000], [54332], [4747], [4358], [9927], [1785], [1959], [3315], [4088], [1956], [5243], [1855], [5631], [2705], [59341], [2065], [7415], [6647], [9896], [8879], [2064], [7879], [9131], [3035], [4508], [81857], [6834], [1778], [8506], [1786], [64423], [4744], [4669], [11284], [26580], [57716], [2013], [81846], [9531], [9611], [821], [57142], [10801], [57704], [2593], [23503]]
Scheuthauer Marie Sainton Syndrome:[[5376], [4359], [4000], [54332], [4747], [4358], [9927], [1785], [1959], [3315], [4088], [1956], [5243], [1855], [5631], [2705], [59341], [2065], [7415], [6647], [9896], [8879], [2064], [7879], [9131], [3035], [4508], [81857], [6834], [1778], [8506], [1786], [64423], [4744], [4669], [11284], [26580], [57716], [2013], [81846], [9531], [9611], [821], [57142], [10801], [57704], [2593], [23503]]
CCD - Cleidocranial dysplasia:[[860], [407035], [109611589]]
CLCD - Cleidocranial dysplasia:[[860]]
Dysplasia Cleidocranial:[[860], [4488], [407035], [109611589]]
Dysplasias Cleidocranial:[[]]
Syndrome Scheuthauer-Marie-Sainton:[[5376], [4359], [4000], [54332], [4747], [4358], [9927], [1785], [1959], [3315], [4088], [1956], [5243], [1855], [5631], [2705], [59341], [2065], [7415], [6647], [9896], [8879], [2064], [7879], [9131], [3035], [4508], [81857], [6834], [1778], [8506], [1786], [64423], [4744], [4669], [11284], [26580], [57716], [2013], [81846], [9531], [9611], [821], [57142], [10801], [57704], [2593], [23503]]
CLEIDOCRANIAL DYSOSTOSIS:[[860]]
