Ciliary neuralgia:[[]]
Headache Cluster:[[348], [7124], [3553], [4524], [627], [6532], [3557], [9370], [3552], [4846], [3576], [1813], [3383], [127], [3558], [4843], [796], [4763], [2784], [6401], [7412], [3062], [9575], [729230], [4842], [92140], [116], [3060], [8863], [6750], [63976], [9369]]
Migrainous neuralgia:[[]]
Cluster headache NOS:[[4843], [4842], [4846], [796]]
Hortons Syndrome:[[]]
Histamine cephalgia:[[]]
Neuralgia Ciliary:[[348], [4914]]
Vasomotor headache:[[7124], [1636], [9370], [4846], [796], [6863], [10267]]
Histamine headache:[[7124], [3576], [1813], [4846], [7412], [116], [3060]]
Cluster headache:[[4524], [4846], [3383], [4843], [3558], [796], [2784], [7412], [6401], [4842], [9575], [92140], [3062], [116], [3060], [8863], [6750], [127], [63976], [9369]]
Neuralgic Migraine:[[]]
Horton's headache:[[7124], [348], [4524], [1636], [6532], [627], [1312], [9370], [3553], [4846], [3576], [1813], [3383], [3557], [4843], [3552], [3356], [796], [3558], [4128], [5329], [4763], [5465], [1268], [2784], [7412], [2034], [4854], [133], [6323], [729230], [6401], [4842], [9575], [92140], [773], [116], [6869], [7466], [3351], [6863], [1909], [4129], [3062], [3060], [8863], [6750], [127], [4488], [63976], [10267], [9369], [79703]]
Headaches Chronic Cluster:[[351], [2784], [92140], [116]]
Histamine Cephalgia:[[]]
Cluster headache syndrome NOS:[[]]
Cluster headache syndrome unspecified:[[]]
Cluster headache syndrome:[[]]
Syndrome Horton:[[]]
Syndromes Cluster Headache:[[4524], [4846], [4843]]
Syndrome Horton's:[[3757], [1280], [114548], [3753], [2074], [7157], [348], [1281], [51085], [546], [80184], [7466], [3845], [673], [8481], [5728], [8195], [7486], [641], [2706], [2317], [4292], [91147], [8626], [1540], [4000], [54658], [1161], [7490], [2033], [6331], [4023], [1071], [5781], [4436], [2263], [3643], [7291], [3784], [2261], [2260], [582], [10806], [8085], [10083], [367], [4683], [207], [84062], [3123], [7468], [4647], [4952], [2200], [1029], [7399], [4810], [201163], [2969], [10804], [6949], [7227], [2492], [775], [7840], [2316], [5428], [3730], [5080], [585], [1278], [54487], [5604], [55612], [2121], [811], [5290], [132884], [4281], [116442], [84100], [2812], [5077], [64127], [79068], [6663], [783], [338], [57167], [1130], [9968], [2332], [1277], [3990], [10743], [7456], [19], [2122], [3265], [6737], [84059], [6741], [3481], [6513], [4089], [23111], [2646], [356], [1285], [1387], [26585], [8976], [7504], [1827], [331], [23405], [9401], [65217], [4893], [672], [4692], [9569], [5894], [4277], [6774], [3117], [1401], [1788], [7401], [7128], [3570], [545], [10163], [583], [10682], [124590], [129880], [54808], [27241], [2138], [79738], [4137], [2475], [60], [3897], [5159], [1364], [8091], [5885], [79803], [2811], [2956], [9993], [5460], [4286], [675], [3717], [8220], [80144], [80025], [999], [3973], [79621], [4193], [64135], [1145], [55212], [2645], [27031], [4851], [1493], [10535], [2131], [1910], [7122], [9031], [4853], [1134], [2146], [100188856], [355], [50943], [105259599], [2153], [9652], [10908], [3664], [7020], [8214], [5308], [10062], [8517], [5076], [27019], [5189], [5395], [1287], [1906], [25825], [3759]]
Chronic cluster headache NOS:[[]]
Headache Chronic Cluster:[[348], [7124], [3553], [4524], [627], [6532], [3557], [9370], [4846], [3552], [3576], [3383], [1813], [3558], [4843], [796], [7412], [729230], [6401], [2784], [4842], [9575], [92140], [116], [8863], [6750], [63976]]
Neuralgic migraine:[[]]
Horton's neuralgia:[[348], [3106], [6532], [3105], [5027], [4914], [2643], [6335], [6336], [6328]]
Neuralgic Migraines:[[]]
Chronic cluster headache:[[4524]]
Headaches Cluster:[[351], [5663], [2784], [92140], [121278], [116]]
Neuralgias Ciliary:[[1270], [1767], [8701], [5314], [1271], [2121], [25981], [9696], [1770], [132884], [348], [351], [207], [7040], [3570], [2099], [1768], [3572], [673], [627], [4846], [1769], [196385], [1813], [219621], [1080], [8632], [25911], [4609], [201625], [5566], [408257], [100190786], [4313], [200373], [127602], [2735], [5747], [55567], [5663], [146754], [5311], [3815], [5347], [3320], [56171], [4153], [7428], [857], [983], [1906], [728763], [6790], [3934], [4843], [27185], [5310], [7430], [5241], [386607], [1545], [2697], [5300], [8842], [4088], [1540], [6469], [133], [3977], [2736], [80184], [5727], [2200], [2737], [51364], [54919], [6010], [4792], [1812], [4160], [6608], [182], [261734], [6103], [1814], [1020], [84809], [114819], [2150], [4915], [161582], [55294], [59341], [100421113], [100421114], [392547], [5573], [4853], [583], [4914], [5108], [2302], [4804], [7369], [7531], [10013], [8314], [6792], [4653], [2776], [5664], [22919], [8481], [1394], [5052], [11190], [6337], [5618], [2017], [5901], [84444], [1294], [23322], [582], [26762], [8655], [5764], [8100], [7532], [51684], [146057], [585], [203068], [8766], [1639], [7846], [624], [23639], [2622], [1453], [3976], [4751], [6663], [1063], [991], [7399], [85358], [5518], [5048], [23327], [4544], [5577], [54903], [407004], [115948], [1454], [1452], [54806], [4486], [10318], [1816], [89765], [5734], [7272], [1778], [7840], [55036], [10733], [55130], [3799], [51314], [6272], [1069], [4916], [2217], [3756], [7283], [55704], [5726], [5576], [54768], [91147], [339829], [7277], [4739], [24145], [92749], [8573], [2692], [5732], [55212], [338557], [8607], [10382], [2767], [5961], [6582], [64109], [6674], [167691]]
Syndrome Cluster Headache:[[4524], [4846], [3383], [4843], [796], [7412], [2784], [3558], [8863], [6401], [4842], [9575], [3060], [116], [63976]]
Histamine Cephalgias:[[]]
