Ocular Coloboma:[[5080], [10413], [5076], [3476], [406987], [6297], [6657], [10058], [392255], [5308], [338917], [55636], [71], [9573], [5015], [10653], [1415], [22827], [1414], [1420], [9670], [374654], [30062], [23247]]
COLOBOMA OCULAR AUTOSOMAL DOMINANT:[[5080], [10413], [71], [392255], [9573], [5076], [1414], [5308], [5015], [1415], [1420]]
Coloboma of eye:[[100188855], [5080], [5950], [1415], [1414], [10413], [6469], [5076], [4286], [6657], [406987], [1409], [1055], [5308], [6297], [55636], [9573], [55714], [338917], [1420], [5015], [10586], [4990], [6658], [30062], [113246], [54495]]
Congenital ocular coloboma:[[5080], [406987], [5076], [392255], [10653], [1414], [5308], [55636], [1415], [338917], [71], [9573], [5015], [1420], [22827], [374654]]
COLOBOMA OCULAR:[[5080], [10413], [5076], [3476], [406987], [6297], [6657], [10058], [392255], [5308], [338917], [55636], [71], [9573], [5015], [10653], [1415], [22827], [1414], [1420], [9670], [374654], [30062], [23247]]
Coloboma Of Iris Choroid And Retina:[[]]
Eye coloboma:[[100188855], [5080], [5950], [1415], [1414], [10413], [6469], [5076], [4286], [6657], [406987], [1409], [1055], [5308], [6297], [55636], [9573], [55714], [338917], [1420], [5015], [10586], [4990], [6658], [30062], [113246], [54495]]
Colobomata:[[55636], [149461]]
Coloboma NOS:[[]]
COLOBOMA OF IRIS CHOROID AND RETINA:[[]]
Coloboma of iris retina and choroid:[[]]
Ocular Colobomas:[[5076], [55636]]
COI - Coloboma of iris choroid and retina:[[]]
Ocular colobomas:[[5076], [55636]]
Ocular coloboma:[[5080], [10413], [5076], [3476], [406987], [6297], [6657], [10058], [392255], [5308], [338917], [55636], [71], [9573], [5015], [10653], [1415], [22827], [1414], [1420], [9670], [374654], [30062], [23247]]
COI:[[4512], [3959], [4574]]
Colobomas:[[5076], [55636], [22884]]
Coloboma:[[5080], [5950], [10413], [6469], [5076], [4286], [100820758], [100188855], [406987], [6657], [10058], [3476], [392255], [1409], [6297], [5308], [338917], [55636], [71], [9573], [657], [55714], [5015], [23513], [10653], [1415], [10084], [22827], [10586], [6658], [1414], [1420], [4990], [167691], [9670], [374654], [30062], [54495], [113246], [23247], [1055]]
