Exanimation:[[]]
Coma:[[266710], [7422], [3586], [5243], [1312], [3576], [9429], [56729], [1577], [10135], [6285], [773], [2026], [5009], [1622], [5533]]
Oculomotor Apraxia Cogan Type:[[266710]]
Apraxia oculomotor Cogan type:[[266710]]
SACCADE INITIATION FAILURE CONGENITAL:[[]]
Oculomotor apraxia - Cogan type:[[266710]]
Unspecified coma:[[7422], [773]]
Coma NOS:[[7422], [5243], [56729]]
Comas:[[]]
OCULAR MOTOR APRAXIA:[[54840], [55775], [4867], [23064], [11284]]
Congenital Oculomotor Apraxia:[[5428], [4867]]
COMA:[[266710], [7422], [3586], [5243], [1312], [3576], [9429], [56729], [1577], [10135], [6285], [773], [2026], [5009], [1622], [5533]]
Saccade initiation failure congenital:[[]]
OCULOMOTOR APRAXIA COGAN TYPE:[[266710]]
Cogan's syndrome type 2:[[3757], [1278], [1280], [79068], [4000], [3481], [3569], [4436], [6934], [8091], [2263], [80184], [2645], [1281], [4292], [775], [3172], [1029], [5781], [7466], [7048], [348], [7422], [3784], [7486], [6513], [6928], [1910], [2033], [641], [3845], [6514], [5460], [3767], [8481], [64135], [5080], [1030], [7468], [5468], [1277], [4313], [64127], [2706], [5789], [6331], [3559], [6311], [841], [5728], [675], [7015], [10644], [2065], [4843], [56729], [2064], [7227], [1290], [6262], [3990], [150], [26580], [2475], [5156], [10083], [2260], [4853], [3117], [3717], [7139], [4544], [6323], [7399], [3667], [4023], [3123], [114548], [6927], [8647], [2261], [5329], [26191], [51085], [331], [2322], [4318], [5698], [338], [659], [186], [4281], [54658], [1000], [1540], [1298], [773], [53335], [6738], [59341], [91147], [6326], [3579], [2316], [23405], [10804], [1285], [554], [252995], [9401], [63895], [3558], [6716], [5190], [7124], [7297], [4882], [2099], [7337], [5159], [1302], [10984], [3753], [7133], [4035], [1493], [3303], [1301], [3106], [493856], [8085], [90], [7157], [6569], [56606], [5315], [2904], [269], [2200], [5133], [7169], [3291], [57818], [1071], [4204], [2566], [84059], [2317], [5395], [1308], [843], [5743], [6737], [4193], [11200], [6741], [5054], [1045], [10395], [3454], [3295], [3557], [582], [7850], [783], [5126], [10273], [4929], [999], [4915], [5308], [330], [2169], [8912], [1284], [2146], [10253], [6347], [7401], [3586], [3459], [2068], [5594], [7046], [6329], [5979], [4647], [1003], [4088], [4760], [8924], [3708], [6571], [4072], [11280], [169026], [969], [302], [6337], [8626]]
Comatose:[[2026]]
