Infective nasopharyngitis NOS:[[]]
Infective rhinitis:[[3569], [7099], [3576], [7097], [3458], [3106], [4153], [2212], [133], [820], [1673], [55894], [10333]]
Common cold:[[6403], [3440], [2138], [117156]]
Acute nasal catarrh:[[6774], [860], [864], [3569], [7157], [6337], [1029], [7015], [7124], [6338], [7422], [7040], [3815], [1956], [4318], [3091], [5743], [1080], [3576], [7099], [581], [5243], [3458], [4313], [3605], [3565], [4790], [5468], [596], [3586], [8626], [3553], [207], [2625], [2950], [3383], [5728], [332], [627], [3123], [7421], [3146], [4609], [2908], [4846], [2475], [3606], [6347], [4843], [2944], [7097], [23411], [3106], [4851], [50943], [2952], [3952], [90865], [5594], [5970], [351], [4193], [1026], [114548], [30009], [673], [355], [5054], [5444], [4879], [406991], [154], [6696], [2064], [7515], [3162], [2146], [5133], [2065], [3135], [177], [3934], [999], [6352], [4780], [4312], [472], [64127], [282617], [2932], [54106], [7098], [406938], [6647], [1027], [929], [10673], [3082], [7490], [3107], [59272], [3105], [10631], [1432], [213], [3480], [133], [5595], [2321], [6280], [1950], [648], [7076], [3688], [56729], [7412], [5925], [4582], [3627], [7132], [682], [3570], [356], [5732], [3075], [2335], [6279], [5806], [836], [9518], [2068], [3119], [796], [1116], [3791], [3596], [338], [196], [406937], [947], [2247], [7077], [1991], [4170], [59067], [9021], [10413], [1385], [3953], [6648], [4684], [7442], [5578], [84868], [857], [54210], [50616], [2305], [2697], [3552], [4316], [820], [6868], [3593], [7128], [943], [5599], [3685], [7161], [3265], [6401], [2260], [23586], [407008], [1958], [8600], [8651], [4317], [5327], [5294], [64805], [4204], [3371], [650], [8878], [5551], [4049], [6777], [3956], [6597], [23405], [10855], [3592], [983], [5562], [2150], [5156], [6850], [3117], [6441]]
Nasal catarrh acute:[[6774], [860], [864], [3569], [7157], [6337], [1029], [7015], [7124], [6338], [7422], [7040], [3815], [1956], [4318], [3091], [5743], [1080], [3576], [7099], [581], [5243], [3458], [4313], [3605], [3565], [4790], [5468], [596], [3586], [8626], [3553], [207], [2625], [2950], [3383], [5728], [332], [627], [3123], [7421], [3146], [4609], [2908], [4846], [2475], [3606], [6347], [4843], [2944], [7097], [23411], [3106], [4851], [50943], [2952], [3952], [90865], [5594], [5970], [351], [4193], [1026], [114548], [30009], [673], [355], [5054], [5444], [4879], [406991], [154], [6696], [2064], [7515], [3162], [2146], [5133], [2065], [3135], [177], [3934], [999], [6352], [4780], [4312], [472], [64127], [282617], [2932], [54106], [7098], [406938], [6647], [1027], [929], [10673], [3082], [7490], [3107], [59272], [3105], [10631], [1432], [213], [3480], [133], [5595], [2321], [6280], [1950], [648], [7076], [3688], [56729], [7412], [5925], [4582], [3627], [7132], [682], [3570], [356], [5732], [3075], [2335], [6279], [5806], [836], [9518], [2068], [3119], [796], [1116], [3791], [3596], [338], [196], [406937], [947], [2247], [7077], [1991], [4170], [59067], [9021], [10413], [1385], [3953], [6648], [4684], [7442], [5578], [84868], [857], [54210], [50616], [2305], [2697], [3552], [4316], [820], [6868], [3593], [7128], [943], [5599], [3685], [7161], [3265], [6401], [2260], [23586], [407008], [1958], [8600], [8651], [4317], [5327], [5294], [64805], [4204], [3371], [650], [8878], [5551], [4049], [6777], [3956], [6597], [23405], [10855], [3592], [983], [5562], [2150], [5156], [6850], [3117], [6441]]
Acute rhinitis:[[6774], [3569], [7040], [7124], [3596], [7422], [3586], [1956], [3558], [1471], [3565], [2625], [3605], [1636], [4524], [3091], [9370], [7099], [4790], [79068], [3123], [7421], [50943], [3576], [4318], [3383], [627], [19], [7097], [3458], [3106], [5054], [29126], [596], [3135], [3952], [1493], [3606], [6347], [5594], [5444], [4153], [114548], [2952], [406991], [3162], [2065], [5970], [929], [2064], [3240], [1906], [999], [406947], [920], [6647], [3107], [4843], [64127], [56729], [3105], [90865], [3119], [1565], [7412], [796], [7076], [2335], [6352], [959], [7098], [3559], [3725], [133], [958], [196], [9021], [84868], [26191], [3593], [50616], [54106], [5578], [149233], [3308], [54790], [2706], [7128], [940], [2309], [10631], [407008], [7442], [8651], [3716], [6376], [26762], [3592], [2312], [2060], [820], [63976], [246778], [2212], [30009], [7048], [3566], [6441], [6863], [2150], [406935], [4803], [1524], [3567], [283131], [7292], [847], [7535], [51284], [4842], [1672], [51561], [930], [942], [1673], [6037], [27178], [406995], [2], [50507], [112744], [7082], [80312], [9076], [6890], [653509], [406948], [2209], [29851], [362], [7356], [6761], [10371], [64109], [60674], [3662], [6356], [6869], [51311], [6362], [406979], [7293], [7432], [6891], [10333], [1755], [623], [406941], [6097], [23704], [51135], [6367], [101], [7433], [10800], [969], [640], [81793], [7839], [7301], [56300], [7434], [574453], [3497], [3067], [50615], [729238], [1178], [83416], [133396], [5089]]
Acute infective rhinitis:[[3569], [7099], [3576], [7097], [3458], [3106], [4153], [133], [820], [2212], [1673], [10333]]
Acute nasopharyngitis:[[3605], [1436]]
Acute coryza:[[]]
Head cold:[[114548], [2303], [7422], [7157], [4137], [7124], [3569], [3091], [6774], [9370], [207], [4851], [5243], [673], [3845], [595], [3479], [3952], [7852], [7099], [5468], [4313], [3553], [5925], [3717], [3480], [3576], [51738], [5594], [3565], [857], [3606], [6648], [6347], [2308], [3146], [3934], [7098], [142], [3320], [5979], [3162], [841], [6794], [6285], [2778], [2034], [3596], [118], [216], [3265], [6868], [4792], [389421], [1544], [3329], [2353], [3303], [2784], [43], [6403], [51548], [407035], [1113], [406952], [27113], [3516], [23529], [5052], [1386], [5079], [1778], [23175], [3440], [3306], [133522], [5024], [2887], [79813], [4857], [2802]]
Cold:[[114548], [2335], [1153], [8531], [7812], [7422], [7157], [9370], [10891], [7124], [27254], [3569], [7099], [154], [3091], [5468], [3952], [5243], [673], [7852], [3553], [6774], [3717], [3106], [3845], [207], [83401], [1312], [51738], [3576], [4851], [4137], [3480], [3479], [3606], [5925], [5594], [3565], [3105], [4313], [857], [6648], [595], [324], [6347], [3934], [4904], [4023], [3146], [79054], [142], [3320], [3162], [3383], [841], [2697], [2778], [153], [3953], [7351], [5979], [3627], [54149], [8989], [3596], [6531], [2308], [3107], [7350], [5336], [3417], [948], [6794], [5562], [2034], [1815], [3600], [5021], [4792], [7098], [6850], [7253], [3265], [7316], [133], [4128], [729230], [389421], [26291], [89], [6868], [59272], [3329], [216], [1051], [155], [3566], [2353], [3297], [5027], [9518], [811], [23028], [7442], [6285], [8841], [2167], [6778], [1544], [9927], [3303], [6093], [2784], [3397], [91662], [10062], [7067], [6329], [5741], [58484], [6403], [10320], [3662], [6548], [252995], [43], [3579], [1621], [1649], [468], [440359], [51548], [3418], [7352], [2811], [1113], [9244], [5020], [51094], [8473], [57379], [5618], [9451], [3485], [208], [6319], [7030], [406952], [8929], [79727], [1734], [116], [2303], [7038], [3060], [407035], [1392], [2271], [406], [5196], [23529], [4217], [5052], [8864], [3516], [2166], [7376], [118], [231], [201163], [7001], [5564], [375], [6752], [1386], [27113], [1376], [5079], [79602], [2030], [1131], [1655], [1180], [23135], [5935], [55908], [26580], [23175], [1778], [6009], [11096], [563], [239], [2171], [3440], [490], [2898], [2104], [3306], [152]]
Common Cold:[[6403], [3440], [2138], [117156]]
Common Colds:[[5054]]
Acute nasopharyngitis [common cold]:[[]]
Coryza (acute):[[]]
Infective nasopharyngitis:[[]]
