PHHI Hypoglycemias:[[3767], [6833], [2645]]
HYPERINSULINISM NEONATAL:[[3767], [6833], [2645], [3630], [3172], [3479], [3952], [5594], [6927], [7412], [7351], [3033]]
Persistent Hyperinsulinemic Hypoglycemias:[[6833], [2099], [9370], [3952], [5054], [51738], [1906], [3767], [1490], [718], [3033], [2645], [3172]]
Neonatal Hyperinsulinism:[[3767], [6833], [2645], [3630], [3172], [3479], [3952], [5594], [6927], [7412], [7351], [3033]]
Infancy Hyperinsulinemia Hypoglycemias:[[6833], [1956], [3952], [9370], [3630], [7466], [4982], [3172], [2645], [2638], [26291], [1374]]
Hyperinsulinemia Hypoglycemia of Infancy:[[6833], [9370], [3630], [2645], [3172], [1374]]
Persistent Hyperinsulinemia Hypoglycemia of Infancy:[[6833], [9370], [2645], [3172]]
PHHI:[[3767], [6833], [2645]]
PHHI Hypoglycemia:[[6833], [3767], [2645]]
PERSISTENT HYPERINSULINEMIC HYPOGLYCEMIA OF INFANCY:[[6833], [3033], [9370], [3767], [2645], [3172]]
Persistent hyperinsulinaemic hypoglycaemia of infancy:[[6833], [3767], [2645], [3033]]
Hyperinsulinisms Congenital:[[2218], [1589], [4868], [2324], [26580], [146059], [5290], [857], [284119], [167691], [1080], [2266], [1145], [79147], [1134], [2244], [10381], [2243], [5631], [91869], [7422], [4810], [1144], [4000], [1545], [4524], [5054], [1180], [3000], [2147], [5979], [7253], [7040], [4893], [9215], [7124], [6261], [7157], [2697], [29954], [4072], [1991], [64802], [1956], [25], [3265], [4933], [1636], [58], [2673], [2626], [26154], [3569], [4352], [7849], [6335], [3845], [4879], [1634], [1482], [8087], [2065], [5236], [190], [23581], [3091], [367], [673], [4625], [2784], [8929], [6010], [2627], [2099], [1441], [55906], [2706], [4803], [60482], [3342], [7010], [59341], [3479], [3341], [6329], [7051], [6576], [2064], [55624], [182], [1401], [4846], [207], [6121], [4790], [351], [3553], [7099], [9370], [5243], [3106], [399565], [627], [4359], [7421], [3952], [7170], [59344], [5743], [2944], [1499], [55858], [3938], [150082], [7454], [4137], [999], [1650], [23418], [2668], [596], [1294], [5468], [3908], [10585], [2950], [4851], [4609], [57190], [23746], [11093], [7485], [100861439], [619409], [619404], [550625], [404715], [317685], [266979], [81866], [54719], [54115], [53368], [7792], [5765], [4934], [981], [878], [1906], [6616], [3675], [5373], [2779], [80184], [3757], [3458], [5587], [1293], [1785], [2153], [778], [4487], [2290], [3921], [4604], [3717], [1406], [101202687], [101202686], [101154642], [101055624], [100682325], [100302720], [100188765], [780915], [780899], [8130], [8104], [8094], [907], [4313], [332], [4053], [1140], [2512], [9469], [7097], [1811], [406987], [10653], [84061], [7067], [1026], [7450], [2952], [406991], [10661], [6331], [1291], [5080]]
Hyperinsulinism Congenital:[[3172], [2645], [2746], [3767], [3479], [6833], [3952], [6927], [1803], [7412], [7351], [7403], [1644], [3033]]
Hyperinsulinism Familial:[[3172], [6927], [6833], [2645], [3643], [2746], [6566], [3479], [3952], [3767], [3630], [3033]]
Hyperinsulinisms Familial:[[338], [6331], [4254], [8792], [672], [8647], [675], [7157], [5205], [5621], [324], [348], [3949], [114548], [79577], [255738], [4210], [7139], [2099], [7137], [5468], [999], [116519], [3717], [3845], [1540], [5551], [5979], [207], [335], [5728], [4000], [5663], [19], [7428], [4023], [861], [8074], [59], [472], [5649], [3119], [11200], [846], [5290], [3077], [6323], [841], [3784], [351], [1956], [3123], [7273], [2200], [213], [3043], [1029], [5888], [4625], [7124], [4638], [2056], [6622], [773], [4088], [7040], [7422], [7046], [5243], [6927], [4137], [3039], [3643], [2034], [4763], [1636], [7253], [9414], [2057], [79728], [7015], [6334], [3117], [4524], [7369], [4878], [3569], [3172], [7048], [4629], [6647], [4771], [4607], [1312], [5155], [7128], [6262], [7517], [3815], [7168], [9365], [2690], [567], [9370], [4352], [367], [673], [9971], [3785], [120892], [153], [5244], [545], [3553], [2064], [2243], [8517], [112476], [1499], [7099], [4624], [627], [7421], [1285], [5741], [6532], [5327], [477], [3091], [100329167], [79179], [8105], [3586], [6833], [3106], [1536], [5972], [4193], [4790], [5444], [3040], [5071], [1000], [5743], [23435], [4318], [3973], [23385], [1401], [7276], [5054], [100188842], [50968], [580], [3576], [3762], [4693], [3875], [3759], [59341], [554188], [4015], [2776], [1080], [5573], [5376], [117084], [4851], [3458], [595], [1813], [7043], [619536], [619478], [619468], [619411], [619399], [541461], [406216], [338030], [337892], [252843], [252842], [84434], [81865], [56797], [50947], [8249], [8144], [2475], [8438], [5245], [3479], [8989], [1138], [2896], [3952], [6329], [2950], [100499532]]
HYPERINSULINISM CONGENITAL:[[3172], [2645], [2746], [3767], [3479], [6833], [3952], [6927], [1803], [7412], [7351], [7403], [1644], [3033]]
HYPERINSULINISM FAMILIAL:[[3172], [6927], [6833], [2645], [3643], [2746], [6566], [3479], [3952], [3767], [3630], [3033]]
Infancy Hyperinsulinemia Hypoglycemia:[[6833], [9370], [3630], [2645], [3172], [1374]]
HYPOGLYCEMIA HYPERINSULINEMIC OF INFANCY:[[6833], [3033], [9370], [3630], [3767], [2645], [3172]]
Persistent hyperinsulinemic hypoglycemia of infancy:[[6833], [3033], [9370], [3767], [2645], [3172]]
Neonatal Hyperinsulinisms:[[3767], [6833], [3630], [2217], [7124], [2645], [1956], [7952], [846], [3569], [4204], [7157], [7099], [4524], [3586], [7040], [4049], [1401], [3785], [6868], [3479], [3952], [7080], [2078], [6774], [9370], [4790], [7421], [3553], [3091], [9076], [627], [1312], [3576], [54658], [4318], [10165], [207], [7097], [7852], [5743], [1499], [4137], [208], [6532], [7015], [2944], [4609], [3106], [2475], [4313], [29126], [929], [3162], [3651], [2200], [355], [3458], [6387], [2153], [114253699], [7450], [2539], [2147], [5594], [50943], [3690], [3048], [5054], [5444], [3605], [2952], [406991], [6647], [51738], [3383], [4851], [1813], [10599], [3146], [4153], [3786], [3958], [2908], [6696], [3606], [5133], [213], [1906], [6648], [2932], [1432], [55503], [3480], [183], [177], [1376], [6331], [3557], [4000], [857], [4988], [2706], [836], [79068], [1543], [114548], [796], [6531], [324], [8626], [3934], [3791], [3757], [7098], [1373], [406938], [2322], [4843], [6352], [6934], [5265], [407040], [6657], [861], [5578], [356], [3265], [2697], [7076], [1950], [2152], [51473], [3953], [3481], [8842], [8600], [328], [3084], [5624], [5460], [10135], [2261], [2778], [3798], [199], [11093], [3172], [2056], [3559], [5806], [378938], [331], [4297], [948], [57817], [133], [7412], [6285], [6280], [3685], [7048], [6927], [3600], [2688], [4160], [7077], [3689], [820], [7253], [8837], [2214], [11128], [5228], [55210], [9314], [652], [3375], [3570], [3673], [5080], [6598], [5777], [6093], [7474], [4057], [246778], [3684], [3592], [2876], [7351], [847], [2670], [197], [875], [252995], [2243], [551], [3312], [947]]
HYPERINSULINEMIC HYPOGLYCEMIA PERSISTENT:[[6833], [3033], [9370], [3767], [2645], [3172]]
Hypoglycemia Hyperinsulinemic of Infancy:[[6833], [3033], [9370], [3630], [3767], [2645], [3172]]
Congenital hyperinsulinism:[[3172], [2645], [2746], [3767], [3479], [6833], [3952], [6927], [1803], [7412], [7351], [7403], [1644], [3033]]
Persistent Hyperinsulinemic Hypoglycemia:[[6833], [3033], [9370], [3767], [2645], [3172]]
