Constipation:[[6532], [5743], [6622], [3815], [998], [361], [6279], [5742], [360], [55107], [6607], [6663], [2166], [6863], [9966], [7067], [7432], [5697], [1103], [366], [6535], [2867], [30010]]
Constipated:[[]]
Difficulty passing stool:[[]]
CN - Constipation:[[]]
Costiveness:[[]]
Difficult passing motion:[[]]
Difficulty defaecating:[[7157], [348], [351], [1312], [6622], [29126], [1813], [5925], [120892], [3565], [4312], [2332], [2521], [5080], [4311], [6606], [121278], [1394], [6607], [1136], [94], [93986], [55636], [255239], [2745], [285489], [4671], [4212], [2966], [55768], [8787], [388531], [8293], [728492], [8221]]
Difficulty opening bowels:[[]]
Difficulty defecating:[[7157], [348], [351], [1312], [6622], [29126], [1813], [5925], [120892], [3565], [4312], [2332], [2521], [5080], [4311], [6606], [121278], [1394], [6607], [1136], [94], [93986], [55636], [255239], [2745], [285489], [4671], [4212], [2966], [55768], [8787], [388531], [8293], [728492], [8221]]
Constipation unspecified:[[5743], [998], [7067]]
