Berger-Goldberg syndrome:[[2200], [6497], [26128], [26229]]
HCP - Hereditary coproporphyria:[[1371]]
CPO DEFICIENCY:[[999], [3664], [7043], [23314]]
CPOX DEFICIENCY:[[672], [6647], [9131], [2271], [7167], [3949], [1994], [1327], [56616], [6341], [4171], [27429], [84987], [55486], [51095], [8192], [83943]]
Hereditary coproporphyria:[[1371]]
Deficiency Coproporphyrinogen Oxidase:[[]]
CPO - Coproporphyrinogen oxidase deficiency:[[]]
HCP:[[5777], [259], [1371], [65260], [9332], [113235], [1063], [1060], [23310]]
COPROPORPHYRINOGEN OXIDASE DEFICIENCY:[[]]
Porphyria hepatica II:[[]]
COPROPORPHYRIA HEREDITARY:[[1371]]
Hereditary Coproporphyria:[[1371]]
CPRO deficiency:[[79001], [2067], [2068], [2147], [7274], [4524], [6513], [2073], [90411], [2688], [1376], [5660], [5624], [2072], [2074], [1585], [3479], [3952], [2071], [3123], [5627], [5054], [2153], [7157], [3162], [3077], [4153], [3075], [1588], [2157], [5265], [355], [920], [7124], [1646], [1161], [718], [4353], [3953], [1586], [25974], [948], [2155], [3569], [2539], [3689], [1589], [3559], [10474], [3586], [348], [672], [7040], [3030], [2162], [9370], [1956], [7421], [2677], [5340], [54821], [462], [5728], [7422], [2159], [7941], [326625], [6716], [6786], [1806], [2160], [2099], [6774], [100], [2944], [2624], [498], [710], [2161], [675], [351], [10986], [55573], [727], [3117], [3091], [7018], [3251], [5447], [673], [4790], [3553], [1029], [7172], [5443], [6647], [2937], [627], [4548], [472], [4615], [27249], [1080], [166785], [55661], [2158], [89], [3938], [174], [84876], [590], [3458], [1401], [367], [207], [2645], [720], [6622], [2876], [2064], [335], [7450], [7535], [5230], [695], [3290], [5009], [23411], [4609], [3106], [4846], [4292], [1636], [2643], [1026], [29126], [6390], [4318], [3990], [338434], [121278], [721], [3845], [4137], [6948], [2475], [28981], [2678], [34], [5313], [9131], [7015], [5160], [5449], [7097], [5743], [2271], [3704], [1584], [7099], [375748], [7297], [1644], [10747], [51135], [10165], [999], [4023], [23495], [1234], [64135], [4780], [164656], [5321], [1071], [5071], [5468], [6532], [383], [19], [4851], [1499], [1493], [712], [23530], [2692], [4204], [4193], [5444], [2203], [4192], [1312], [2952], [596], [3576], [1719], [1118], [6772], [51738], [4668]]
CPX DEFICIENCY:[[540], [538]]
Coproporphyrinogen oxidase deficiency:[[]]
CPO deficiency:[[999], [3664], [7043], [23314]]
