Vascularization of cornea:[[4790], [4323]]
Corneal neovascularization:[[7422], [4318], [6280], [283120], [6279], [1232], [407026], [406960]]
Vascularisation of cornea:[[]]
Corneal neovascularization unspecified:[[7422]]
Corneal vascularization:[[58495], [7422], [7157], [3091], [4318], [2064], [6774], [4790], [2247], [4313], [3688], [4312], [1490], [3630], [2321], [4323], [4803], [2149], [5176], [3678], [10371], [22846]]
Unspecified corneal neovascularization:[[7422]]
Corneal Angiogenesis:[[2247], [406960], [51378]]
Corneal vascularisation:[[7422]]
Corneal neovascularisation:[[7422], [3091], [6774]]
Neovascularization Corneal:[[7422], [7040], [3091], [7124], [7157], [3569], [4318], [3576], [6774], [4070], [207], [2247], [3479], [1499], [7097], [4851], [999], [3605], [3458], [406991], [1950], [3725], [23411], [3688], [2335], [1490], [1027], [5654], [6934], [7098], [5176], [4323], [6093], [6615], [7057], [6280], [2688], [5155], [283120], [847], [2149], [4804], [6279], [2324], [112744], [1409], [4321], [9475], [1232], [406960], [407026], [7114], [22846], [285440], [1295]]
Neovascularizations Corneal:[[6935], [5156], [7045], [4166], [2475], [6256], [1289], [83959], [58495], [2308], [6925], [1296], [7040], [84627], [4969], [7422], [1956], [7124], [7157], [3569], [4088], [1634], [4318], [4070], [3091], [7099], [982], [3553], [1029], [2064], [6774], [4790], [351], [1499], [2247], [5243], [207], [3479], [3576], [7097], [4306], [7082], [5376], [4851], [84709], [999], [100380873], [8231], [3717], [4313], [8626], [3458], [3605], [4780], [1026], [110366357], [100380875], [100380874], [100302510], [100302509], [100188278], [60560], [355], [595], [6667], [332], [1950], [406991], [3725], [23411], [3688], [3480], [2335], [4582], [1285], [5599], [3565], [5730], [9429], [4312], [177], [1490], [5979], [64127], [5621], [3630], [29914], [5747], [5879], [2697], [10413], [1027], [1277], [6934], [5530], [3320], [7098], [6657], [54106], [114548], [1545], [387], [5071], [6772], [3552], [5460], [406937], [2321], [5080], [8553], [3486], [3643], [7132], [440275], [79977], [5888], [3685], [2254], [682], [2629], [200576], [356], [1994], [3859], [11200], [90865], [1191], [1902], [84159], [1017], [7442], [1728], [5027], [94025], [4323], [64919], [3620], [3303], [998], [6615], [11315], [7057], [6280], [2312], [7048], [79718], [2688], [5155], [23650], [4803], [283120], [7424], [6093], [11214], [5331], [9314], [4087], [3570], [1000], [10631], [10664], [5793], [7474], [65018], [3329], [216], [847], [358], [2149], [7042], [7018], [2316], [3312], [5428], [6275], [4586], [5176], [4311], [2353], [59341], [125], [7037], [8667], [5770], [60], [940], [406988], [3678], [7056], [4804], [1673], [22930], [5654], [6279], [1244], [85480], [6445], [7043], [952], [5450]]
