Dysarthroses Craniofacial:[[10428], [7040], [8091], [652], [1499], [5077], [4609], [5594], [3759], [7414], [6696], [10642], [1896], [324], [8626], [4323], [3417], [5889], [2697], [2332], [2263], [2260], [4314], [7291], [2778], [6662], [7048], [7046], [783], [56603], [7077], [7474], [30813], [2690], [813], [1147], [5167], [182], [89], [84962], [8772], [54499], [7531], [132], [3482], [253827], [7020], [7168], [5308], [9469], [51317], [4487], [611], [3589], [1739], [26985], [2736], [79753], [6197], [2737], [26229], [3773], [54901], [50937], [5015], [5083], [407975], [23135], [8405], [4081], [6949], [1947], [4488], [1009], [6628], [4330], [1186], [22827], [4325], [56155], [6626], [51715], [1748], [6909], [25974], [7353], [84678], [4774], [23522], [220107], [60529], [4810], [29123], [2248], [1723], [10484], [1112], [9569], [196528], [158326], [6396], [22880], [22872], [60686], [50945], [4223], [1746], [372], [55690], [1801], [79633], [4762], [83716], [51082], [10907], [23067], [64778], [10039], [80144], [9871], [1750], [140947], [145258], [10427], [157506], [23384], [1745], [100874074], [6913], [84314], [10283], [26173], [23233], [140862], [84976], [1954], [149465], [8642], [283446], [84910], [56033], [3166], [57688], [129804], [497189], [2928], [63906], [105980006], [100240748], [7467], [105980008], [108021840], [108281115], [108281114], [108281113], [114841038], [114827816], [114827815], [114827814], [114827813], [114827812], [114827811], [110121296], [110121295], [110121294], [108254672]]
Craniofacial dysostosis:[[2263]]
Vogt cephalosyndactyly:[[3123], [3117], [149233], [3586], [7099], [3119], [3458], [3122], [6347], [7097], [1493], [3127], [64127], [5133], [3107], [54106], [1959], [26191], [7098], [718], [3689], [9021], [7128], [8651], [3574], [3575], [51561], [3716], [6775], [112744], [727], [27178], [7299], [22891], [406973], [10392], [406958], [5588], [1235], [728], [7292], [3813], [100132285], [115352], [3806], [120227], [7306], [151306], [387082], [60468], [84890], [7188], [3810], [719], [3808], [23274], [1638], [10758], [8807], [9655], [11116], [80709], [400757], [80210]]
Apert-Crouzon syndrome:[[2263]]
Crouzon's disease:[[]]
Trigorhinophalangeal dysplasia:[[4000], [1311], [8626], [10913], [2697], [1836], [1896], [10804], [1280], [2316], [59341], [5818], [7040], [203859], [2261], [2200], [2475], [1636], [4148], [2245], [7157], [65057], [860], [176], [257], [4792], [4233], [6662], [183], [2263], [4318], [2335], [1029], [8517], [185], [5743], [128178], [7422], [2260], [7421], [1956], [387], [673], [2064], [7227], [7124], [3569], [3930], [4524], [6023], [1302], [7249], [3586], [89846], [79977], [1499], [5566], [2272], [2099], [3091], [7099], [3350], [3845], [6720], [50964], [4790], [4322], [124583], [6885], [7015], [6774], [7248], [999], [29119], [3576], [3553], [4288], [1000], [4609], [627], [465], [424], [8200], [4313], [9131], [5548], [6262], [1028], [5728], [5972], [6473], [4879], [596], [4882], [1913], [6532], [1832], [57539], [2778], [7043], [5925], [414058], [260403], [81866], [54114], [50947], [10305], [7085], [425], [3479], [5318], [23411], [960], [7852], [10381], [5594], [2944], [4292], [3458], [595], [5054], [4193], [3146], [3717], [1026], [27038], [103875461], [102775567], [101101771], [101101770], [101101769], [101101768], [100885788], [100505394], [100188821], [100187749], [780896], [4364], [1914], [9451], [406932], [7097], [6696], [4851], [8838], [5587], [2022], [332], [5290], [2952], [5745], [4921], [50485], [324], [56172], [3162], [10597], [2950], [203068], [6387], [4582], [6657], [217], [3815], [2908], [3934], [5426], [4869], [3383], [355], [2879], [633], [3565], [9429], [10413], [658], [6399], [1027], [1277], [3557], [3688], [2706], [836], [1543], [80326], [3549], [2625], [5879], [1045], [2317], [3791], [8074], [2247], [581], [4282], [861], [4255], [1824], [54658], [4982]]
Craniofacial Dysostosis Syndromes:[[2263]]
Dysostosis Craniofacial:[[2263], [9469], [23384], [5015], [57688]]
Craniofacial Dysostosis Syndrome:[[2263]]
Dysarthrosis Craniofacial:[[10428], [7040], [8091], [652], [1499], [5077], [4609], [5594], [3759], [7414], [6696], [10642], [1896], [324], [8626], [4323], [3417], [5889], [2697], [2332], [2263], [2260], [4314], [7291], [2778], [6662], [7048], [7046], [783], [56603], [7077], [7474], [30813], [2690], [813], [1147], [5167], [182], [89], [84962], [8772], [54499], [7531], [132], [3482], [253827], [7020], [7168], [5308], [9469], [51317], [4487], [611], [3589], [1739], [26985], [2736], [79753], [6197], [2737], [26229], [3773], [54901], [50937], [5015], [5083], [407975], [23135], [8405], [4081], [6949], [1947], [4488], [1009], [6628], [4330], [1186], [22827], [4325], [56155], [6626], [51715], [1748], [6909], [25974], [7353], [84678], [4774], [23522], [220107], [60529], [4810], [29123], [2248], [1723], [10484], [1112], [9569], [196528], [158326], [6396], [22880], [22872], [60686], [50945], [4223], [1746], [372], [55690], [1801], [79633], [4762], [83716], [51082], [10907], [23067], [64778], [10039], [80144], [9871], [1750], [140947], [145258], [10427], [157506], [23384], [1745], [100874074], [6913], [84314], [10283], [26173], [23233], [140862], [84976], [1954], [149465], [8642], [283446], [84910], [56033], [3166], [57688], [129804], [497189], [2928], [63906], [105980006], [100240748], [7467], [105980008], [108021840], [108281115], [108281114], [108281113], [114841038], [114827816], [114827815], [114827814], [114827813], [114827812], [114827811], [110121296], [110121295], [110121294], [108254672]]
Crouzon syndrome:[[2263], [2261]]
Dysostoses Craniofacial:[[10428], [7040], [8091], [652], [1499], [5077], [4609], [5594], [3759], [7414], [6696], [10642], [1896], [324], [8626], [4323], [3417], [5889], [2697], [2332], [2263], [2260], [4314], [7291], [2778], [6662], [7048], [7046], [783], [56603], [7077], [7474], [30813], [2690], [813], [1147], [5167], [182], [89], [84962], [8772], [54499], [7531], [132], [3482], [253827], [7020], [7168], [5308], [9469], [51317], [4487], [611], [3589], [1739], [26985], [2736], [79753], [6197], [2737], [26229], [3773], [54901], [50937], [5015], [5083], [407975], [23135], [8405], [4081], [6949], [1947], [4488], [1009], [6628], [4330], [1186], [22827], [4325], [56155], [6626], [51715], [1748], [6909], [25974], [7353], [84678], [4774], [23522], [220107], [60529], [4810], [29123], [2248], [1723], [10484], [1112], [9569], [196528], [158326], [6396], [22880], [22872], [60686], [50945], [4223], [1746], [372], [55690], [1801], [79633], [4762], [83716], [51082], [10907], [23067], [64778], [10039], [80144], [9871], [1750], [140947], [145258], [10427], [157506], [23384], [1745], [100874074], [6913], [84314], [10283], [26173], [23233], [140862], [84976], [1954], [149465], [8642], [283446], [84910], [56033], [3166], [57688], [129804], [497189], [2928], [63906], [105980006], [100240748], [7467], [105980008], [108021840], [108281115], [108281114], [108281113], [114841038], [114827816], [114827815], [114827814], [114827813], [114827812], [114827811], [110121296], [110121295], [110121294], [108254672]]
