CRS:[[7291], [1956], [7124], [7422], [7040], [673], [1080], [7097], [4233], [3146], [6696], [7515], [406938], [2068], [54106], [3596], [6352], [4968], [6280], [4088], [3308], [90865], [60489], [10631], [2784], [7517], [4087], [6279], [4586], [6441], [85480], [59341], [1991], [9173], [3178], [727897], [7356], [1462], [5725], [5726], [6590], [6278], [4069], [10804], [5730], [108964933], [51297], [64806], [25803], [56300], [10894], [26135], [28999], [1469], [113263], [116379], [222256], [25973]]
Craniosynostosis:[[7291], [650], [7040], [3845], [673], [7545], [2263], [2261], [574043], [7885], [3480], [2260], [5530], [5781], [4982], [4488], [4091], [6938], [3667], [5156], [5894], [2735], [2316], [3590], [60529], [655], [2077], [2246], [5447], [27241], [79648], [8313], [8243], [2658], [3549], [2254], [7021], [1947], [55553], [4745], [8318], [7994], [23522], [56603], [169792], [54507], [23389], [26229], [58499], [55764], [10584], [89970]]
Craniosynostosis syndrome:[[7291], [3845], [673], [2263], [2261], [2260], [5781], [2316], [574043], [27241], [5894], [5447], [7040], [5156], [650], [7021], [23522], [8243], [4982], [7545], [3480], [2077], [3667], [1947], [8313], [2254], [5530], [2735], [55553], [6938], [8318], [60529], [3590], [58499], [79648], [10584], [3549], [7994], [23389], [26229], [55764]]
Congenital ossification of cranial sutures:[[]]
Plagiocephaly Craniosynostosis:[[2263], [2261], [2260]]
Premature closure of cranial sutures:[[3845]]
Congenital ossification of sutures of skull:[[]]
Craniostosis:[[]]
Craniosynostoses:[[]]
Craniostenoses:[[]]
Synostotic Plagiocephaly:[[]]
Craniostenosis:[[2263]]
Craniosynostose:[[]]
CSO - Craniosynostosis:[[7291]]
Premature cranial suture closure:[[7291], [652], [3725], [2247]]
CRANIOSTENOSIS:[[2263]]
