Syndromes Chromosome 5p-:[[5728], [1029], [7015], [1030], [7157], [367], [332], [7040], [672], [7124], [7422], [3569], [3091], [6774], [7099], [4609], [207], [4790], [2146], [2475], [4318], [596], [7852], [3146], [29126], [1401], [4524], [8626], [1026], [5243], [3845], [4846], [406991], [23411], [4193], [3586], [675], [472], [2332], [4137], [3480], [3553], [5594], [406938], [5290], [9370], [142], [673], [999], [595], [406947], [3458], [114548], [3479], [4089], [960], [3605], [1869], [2309], [2932], [1786], [861], [5979], [6347], [1788], [4312], [2263], [5595], [3690], [836], [5747], [3815], [183], [7291], [355], [2068], [4869], [1432], [1958], [2113], [3784], [1277], [4282], [4170], [407006], [8743], [2261], [3757], [54790], [4893], [1385], [2260], [4843], [3486], [406952], [54106], [3198], [56729], [6598], [4763], [3627], [4615], [958], [116519], [4683], [4792], [2200], [406881], [5465], [6390], [947], [4973], [406992], [3667], [407024], [284], [10000], [4286], [406982], [4853], [2353], [3678], [50507], [4067], [7037], [5727], [4085], [5069], [3659], [3190], [494327], [3491], [2624], [4306], [57167], [2623], [407007], [1028], [6925], [5076], [27113], [7448], [2668], [407041], [5906], [5873], [26585], [8085], [3304], [10984], [2737], [93986], [23512], [10075], [80380], [3561], [7227], [5908], [83700], [8482], [79184], [724031]]
5p Syndrome:[[]]
Syndromes Crying Cat:[[]]
Syndrome 5p Minus:[[3757], [7157], [2074], [3845], [673], [5728], [207], [1029], [7291], [2260], [2263], [4683], [2200], [8085], [367], [4292], [1540], [3784], [7227], [6774], [57167], [1277], [19], [2475], [672], [3481], [23405], [4851], [1788], [6737], [1401], [5894], [2146], [4893], [1827], [4137], [7040], [4853], [5460], [5594], [26585], [4193], [50943], [3570], [7020], [7122], [4204], [7852], [6495], [2068], [2308], [2737], [4524], [55869], [5243], [3146], [116519], [7015], [3553], [9839], [3586], [627], [7046], [596], [182], [1487], [7474], [6720], [4854], [652], [10021], [1499], [6657], [5727], [4790], [4763], [3458], [1855], [3479], [6928], [103], [2624], [2719], [6925], [406991], [1028], [5295], [3688], [4780], [283120], [7043], [2100], [1000], [183], [177], [3190], [6622], [2321], [9076], [836], [3630], [5873], [6304], [10000], [6597], [861], [6390], [9759], [54345], [6591], [23476], [4582], [998], [10984], [5970], [142], [54790], [4323], [4982], [5468], [10195], [332], [2932], [6910], [1786], [4312], [54106], [6927], [27161], [1869], [3480], [5595], [3627], [407040], [6772], [10135], [4843], [23314], [7076], [2623], [6648], [3791], [6347], [2065], [3667], [2113], [3486], [285], [4087], [1959], [6093], [4627], [1576], [5747], [2335], [4973], [5566], [8678], [7189], [8743], [3309], [4792], [396], [9021], [3725], [8864], [2303], [407021], [6773], [8651], [4170], [5241], [5034], [407006], [387], [8313], [8314], [185], [406937], [1268], [407018], [2309], [6352], [598], [894], [5352], [361], [3690], [1490], [864], [947], [7080], [406996], [23621], [8260], [284], [406911], [100506658], [406950], [1728]]
Partial deletion of short arm of chromosome 5 syndrome:[[]]
Syndrome Cat Cry:[[]]
Syndromes Cri-du-Chat:[[7015]]
Deletion of Short Arm of Chromosome 5 Syndrome:[[]]
Chromosome 5p Deletion Syndrome:[[]]
Cri du chat syndrome:[[7015], [1501], [9037], [23379]]
5p minus syndrome:[[3757], [7157], [2074], [3845], [673], [5728], [207], [1029], [7291], [2260], [2263], [4683], [2200], [8085], [367], [4292], [1540], [3784], [7227], [6774], [57167], [1277], [19], [2475], [672], [3481], [23405], [4851], [1788], [6737], [1401], [5894], [2146], [4893], [1827], [4137], [7040], [4853], [5460], [5594], [26585], [4193], [50943], [3570], [7020], [7122], [4204], [7852], [6495], [2068], [2308], [2737], [4524], [55869], [5243], [3146], [116519], [7015], [3553], [9839], [3586], [627], [7046], [596], [182], [1487], [7474], [6720], [4854], [652], [10021], [1499], [6657], [5727], [4790], [4763], [3458], [1855], [3479], [6928], [103], [2624], [2719], [6925], [406991], [1028], [5295], [3688], [4780], [283120], [7043], [2100], [1000], [183], [177], [3190], [6622], [2321], [9076], [836], [3630], [5873], [6304], [10000], [6597], [861], [6390], [9759], [54345], [6591], [23476], [4582], [998], [10984], [5970], [142], [54790], [4323], [4982], [5468], [10195], [332], [2932], [6910], [1786], [4312], [54106], [6927], [27161], [1869], [3480], [5595], [3627], [407040], [6772], [10135], [4843], [23314], [7076], [2623], [6648], [3791], [6347], [2065], [3667], [2113], [3486], [285], [4087], [1959], [6093], [4627], [1576], [5747], [2335], [4973], [5566], [8678], [7189], [8743], [3309], [4792], [396], [9021], [3725], [8864], [2303], [407021], [6773], [8651], [4170], [5241], [5034], [407006], [387], [8313], [8314], [185], [406937], [1268], [407018], [2309], [6352], [598], [894], [5352], [361], [3690], [1490], [864], [947], [7080], [406996], [23621], [8260], [284], [406911], [100506658], [406950], [1728]]
Syndromes 5p Deletion:[[4089], [7157], [5728], [7124], [7040], [7422], [4790], [6774], [367], [1029], [3091], [207], [672], [4609], [3569], [7852], [2475], [596], [675], [2146], [472], [1026], [4318], [4524], [3845], [4137], [7015], [3586], [1401], [4193], [332], [5243], [673], [8626], [861], [23411], [4846], [5290], [3815], [595], [999], [406938], [142], [5979], [5594], [114548], [2309], [4763], [1869], [1030], [6347], [2932], [2332], [3690], [2263], [2113], [7291], [1277], [4869], [3757], [1788], [1958], [183], [3784], [2200], [4170], [1432], [2068], [8743], [6390], [406952], [2260], [4792], [6598], [56729], [3627], [958], [406881], [116519], [4683], [10000], [4286], [50507], [5727], [6925], [2624], [3491], [4306], [5076], [2623], [2737], [1028], [27113], [4085], [93986], [5873], [8085], [10984], [23512], [7227], [3561]]
Syndrome 5p-:[[3757], [7157], [114548], [2074], [5728], [348], [3845], [673], [8626], [207], [367], [4292], [7291], [1029], [1540], [2033], [3784], [2260], [2263], [2261], [8085], [4683], [2200], [7227], [5290], [4089], [54487], [6774], [57167], [79068], [2332], [1277], [19], [2475], [331], [8091], [356], [3481], [23405], [6737], [672], [1788], [4851], [26585], [4193], [1827], [5894], [1401], [3570], [2146], [4893], [4137], [675], [4286], [4853], [999], [7422], [1956], [5460], [7040], [4088], [5594], [472], [10413], [324], [7048], [7122], [3569], [5076], [595], [7020], [355], [50943], [7124], [2099], [7046], [1906], [1499], [7099], [6657], [6495], [4204], [4790], [857], [2737], [2697], [4318], [2068], [7852], [2308], [3091], [55869], [4763], [26220], [4613], [4524], [4846], [406991], [5295], [867], [116519], [5156], [3146], [5243], [4609], [9839], [7015], [958], [1487], [2064], [182], [3553], [4313], [10021], [3586], [627], [6598], [6597], [23411], [7474], [6720], [1789], [29126], [596], [652], [4854], [9370], [998], [2247], [54790], [406938], [4323], [1855], [51684], [3576], [5727], [5468], [1026], [332], [7042], [406947], [6927], [6696], [9992], [6928], [3480], [3458], [5580], [103], [7528], [3479], [2623], [4784], [2624], [2719], [6925], [6347], [3605], [2065], [7097], [1028], [3383], [4233], [7043], [283120], [3688], [1000], [4780], [2296], [5873], [154], [3190], [2100], [54345], [9076], [10000], [6304], [10195], [183], [177], [6390], [5979], [2321], [9759], [2303], [10984], [6659], [836], [3630], [6591], [6622], [23476], [861], [2736], [185], [6910], [406937], [2309], [10866], [4282]]
Syndromes 5p Minus:[[7157], [7040], [6774], [207], [2475], [596], [7852], [1029], [5728], [1401], [672], [2146], [4524], [5243], [3845], [3586], [3146], [7015], [3553], [5594], [673], [4790], [3458], [4137], [3479], [367], [1869], [2932], [1786], [861], [142], [4312], [332], [2263], [406991], [5595], [4193], [836], [5747], [183], [7291], [3480], [1788], [2113], [1277], [4170], [407006], [8743], [3757], [4893], [960], [2260], [4843], [3486], [2068], [54106], [3198], [3627], [116519], [2309], [1030], [4792], [2200], [6390], [947], [4973], [406992], [3667], [6347], [407024], [10000], [3784], [3690], [4683], [4853], [3678], [50507], [4869], [7037], [5727], [1432], [284], [3659], [3190], [54790], [4763], [2624], [4306], [57167], [407007], [1028], [6925], [27113], [4085], [7448], [2668], [5873], [5465], [8085], [10984], [2737], [10075], [3561], [4067], [494327], [7227], [2623], [26585], [8482], [5908], [724031], [79184]]
CAT CRY SYNDROME:[[]]
Syndrome 5p Deletion:[[3757], [7157], [4089], [114548], [5728], [2074], [348], [3845], [673], [367], [1029], [4292], [207], [8626], [1540], [7291], [2033], [2200], [3784], [4683], [2260], [2263], [8085], [5290], [7227], [6774], [672], [54487], [2332], [1277], [8091], [23405], [2475], [19], [4137], [675], [1956], [4851], [356], [2146], [1788], [4193], [472], [324], [1401], [7422], [3570], [1499], [999], [4790], [7124], [7040], [4286], [4088], [5460], [4763], [595], [2099], [4613], [4204], [5594], [5076], [7852], [10413], [3569], [7122], [2737], [50943], [5156], [7046], [4609], [2064], [4524], [6657], [2068], [9759], [3091], [4318], [2697], [6495], [857], [7015], [23314], [2308], [6928], [9839], [6598], [3586], [5243], [182], [4846], [5295], [867], [1026], [116519], [596], [103], [958], [10021], [23411], [7474], [652], [4854], [332], [5727], [2719], [406938], [6927], [4323], [3576], [6925], [7042], [861], [9992], [7097], [4233], [2296], [2624], [7528], [6347], [2623], [3815], [4784], [5979], [6622], [2065], [177], [1028], [6390], [3135], [7043], [6910], [142], [154], [2100], [5925], [3630], [4780], [185], [5873], [2303], [4072], [2736], [10000], [2690], [183], [406937], [2309], [10984], [6591], [5970], [4982], [3690], [6935], [4194], [1027], [860], [2932], [407040], [3949], [5879], [1869], [581], [1030], [56729], [2290], [2078], [3627], [650], [100506658], [2113], [64409], [4627], [10018], [6648], [7098], [406906], [948], [3725], [4792], [4087], [90865], [6093], [23512], [4869], [1576], [8314], [1958], [2335], [1432], [10456], [8743], [7080], [864], [354], [4170], [9021], [55384], [8313], [8651]]
Syndrome Chromosome 5p-:[[5728], [3757], [348], [7157], [1029], [114548], [2074], [367], [4292], [3845], [673], [2033], [8626], [207], [7291], [7015], [19], [1540], [23476], [3481], [4683], [3784], [2260], [2263], [672], [2261], [2332], [2200], [8085], [1956], [3570], [4072], [8091], [5290], [7227], [4089], [6774], [54487], [1030], [79068], [57167], [1277], [2475], [1788], [331], [604], [356], [2146], [23405], [64409], [4851], [171022], [6737], [4193], [4137], [675], [1401], [26585], [4791], [5894], [4893], [1827], [332], [7422], [999], [4286], [472], [7040], [4853], [6927], [5460], [4088], [6928], [5594], [3569], [7124], [10413], [2065], [324], [2099], [595], [7048], [355], [50943], [5076], [2068], [7046], [7020], [7122], [1499], [7099], [3630], [1906], [4790], [6657], [4318], [4204], [857], [4609], [55869], [3146], [7852], [2697], [3091], [9759], [6495], [2308], [2737], [4524], [4763], [4846], [406991], [4613], [5243], [6598], [6597], [5295], [867], [116519], [5156], [23314], [26220], [2064], [3553], [9839], [3586], [627], [4313], [958], [139285], [23411], [29126], [596], [9370], [182], [1487], [7474], [1789], [3576], [6720], [5468], [7528], [4854], [652], [2247], [10021], [998], [406938], [1026], [4323], [54790], [6696], [406947], [5727], [3458], [7042], [3480], [1855], [3479], [51684], [6662], [5580], [103], [9992], [6347], [3605], [55384], [2623], [7097], [4233], [3383], [2624], [2719], [6925], [4784], [1028], [3688], [4780], [6591], [283120], [7043], [142], [27185], [154], [2100], [1000], [2736], [2296], [183], [177], [5979], [3190], [6622], [2321], [9076], [836], [5873], [6304], [10000], [861]]
CHROMOSOME 5p DELETION SYNDROME:[[]]
Lejeune syndrome:[[]]
Syndromes Cat Cry:[[]]
Deletion of short arm of chromosome 5:[[7157], [1501], [324], [406938], [406937]]
5p partial monosomy syndrome:[[1487], [53834]]
5p- Syndromes:[[]]
CRI-DU-CHAT SYNDROME:[[7015], [1501], [9037], [23379]]
Cri du Chat Syndrome:[[7015], [1501], [9037], [23379]]
Syndrome Cri-du-Chat:[[7015], [1501], [9037], [23379]]
Syndrome Crying Cat:[[]]
Chromosome 5 Short Arm Deletion Syndrome:[[]]
Cri-du-chat syndrome:[[7015], [1501], [9037], [23379]]
