Crohn's regional enteritis:[[64127], [50943]]
Crohns Disease:[[5243], [3605], [64127], [929], [4314], [6584], [6583]]
CROHN DISEASE:[[64127], [149233], [7124], [7422], [55054], [3569], [3570], [3091], [3586], [5243], [2244], [8651], [2243], [7099], [1401], [7421], [2266], [4318], [6774], [3123], [3659], [3479], [5468], [6584], [2944], [3458], [9368], [3605], [6583], [960], [1493], [3119], [335], [2908], [3606], [120892], [3690], [929], [3725], [3557], [3107], [5265], [1373], [213], [10], [3486], [4210], [26191], [331], [2896], [7431], [3685], [7133], [6662], [7128], [59067], [2149], [2150], [4311], [4842], [8856], [2641], [51561], [1673], [8795], [85480], [832], [246778], [1269], [2833], [1437], [57178], [1672], [10392], [2169], [6869], [7184], [7100], [6556], [8797], [6863], [2209], [942], [4583], [5771], [406940], [4283], [9966], [3783], [2191], [4486], [5734], [29851], [7432], [8863], [1948], [146722], [345611], [50506], [4680], [326624], [9231], [5284], [22900], [1670], [23765], [338557], [26151], [9963], [2935], [2813], [254887], [677775], [50941], [441108], [283463], [553103], [283234]]
Regional enteritis:[[50943], [64127]]
RE - regional enteritis:[[]]
Crohn's disease [regional enteritis]:[[6774], [3123], [3717], [64127], [3593], [149233], [7124], [55054], [9966], [6347], [120892], [5771], [3586], [5734], [1235], [26191], [345611], [3117], [4485], [55600], [2524], [3135], [6583], [3383], [3569], [3105], [3119], [159296], [7157], [22891], [1401], [5966], [4582], [7040], [2033], [54901], [356], [7099], [5243], [3562], [11116], [8600], [4088], [4318], [7422], [94103], [4049], [3559], [4524], [64170], [6354], [864], [6584], [1788], [3553], [3091], [150962], [4790], [1636], [7421], [23308], [2876], [246778], [2099], [6256], [5743], [29126], [10320], [56946], [3606], [3845], [627], [3659], [3479], [3133], [3576], [406991], [6532], [4609], [1499], [9978], [7321], [4846], [3118], [1080], [5468], [9173], [3458], [3106], [4137], [999], [1540], [114548], [596], [177], [7097], [2944], [1493], [595], [944], [3122], [3605], [7297], [6280], [920], [117289], [6696], [6356], [7332], [50943], [9564], [639], [2153], [5444], [1234], [4153], [3992], [2646], [332], [2952], [2908], [6647], [2950], [2147], [23216], [3635], [2101], [1813], [4855], [3146], [930], [144811], [7292], [929], [93986], [3107], [7013], [3934], [8863], [2146], [3127], [1289], [355], [2100], [677775], [406947], [5925], [1432], [406938], [3565], [5879], [3958], [2550], [183], [4312], [142], [4314], [2247], [51738], [3557], [3690], [4292], [5133], [1576], [836], [6664], [8927], [283463], [324], [6772], [3791], [3320], [2879], [196], [56244], [7132], [1390], [54106], [3417], [27040], [54658], [51744], [7076], [3596], [19], [1201], [6352], [6934], [3552], [29949], [407040], [2335], [9873], [10], [3558], [4436], [10537], [3620], [441108], [331]]
Crohn's Disease:[[6774], [3123], [3717], [64127], [3593], [149233], [7124], [55054], [9966], [6347], [120892], [5771], [3586], [5734], [1235], [26191], [345611], [3117], [4485], [55600], [2524], [3135], [6583], [3383], [3569], [3105], [3119], [159296], [7157], [22891], [1401], [5966], [4582], [7040], [2033], [54901], [356], [7099], [5243], [3562], [11116], [8600], [4088], [4318], [7422], [94103], [4049], [3559], [4524], [64170], [6354], [864], [6584], [1788], [3553], [3091], [150962], [4790], [1636], [7421], [23308], [2876], [246778], [2099], [6256], [5743], [29126], [10320], [56946], [3606], [3845], [627], [3659], [3479], [3133], [3576], [406991], [6532], [4609], [1499], [9978], [7321], [4846], [3118], [1080], [5468], [9173], [3458], [3106], [4137], [999], [1540], [114548], [596], [177], [7097], [2944], [1493], [595], [944], [3122], [3605], [7297], [6280], [920], [117289], [6696], [6356], [7332], [50943], [9564], [639], [2153], [5444], [1234], [4153], [3992], [2646], [332], [2952], [2908], [6647], [2950], [2147], [23216], [3635], [2101], [1813], [4855], [3146], [930], [144811], [7292], [929], [93986], [3107], [7013], [3934], [8863], [2146], [3127], [1289], [355], [2100], [677775], [406947], [5925], [1432], [406938], [3565], [5879], [3958], [2550], [183], [4312], [142], [4314], [2247], [51738], [3557], [3690], [4292], [5133], [1576], [836], [6664], [8927], [283463], [324], [6772], [3791], [3320], [2879], [196], [56244], [7132], [1390], [54106], [3417], [27040], [54658], [51744], [7076], [3596], [19], [1201], [6352], [6934], [3552], [29949], [407040], [2335], [9873], [10], [3558], [4436], [10537], [3620], [441108], [331]]
Crohn's disease NOS:[[4846], [6774], [5243], [7422], [3091], [2099], [5743], [29126], [3479], [1499], [3458], [355], [3791], [3320], [4792], [953]]
granulomatous enteritis:[[64127]]
Crohn's disease unspecified:[[6774], [64127], [7124], [7157], [2033], [4088], [2099], [7040], [7422], [4790], [3559], [3091], [5925], [1432], [5743], [6256], [7421], [3659], [5468], [1499], [595], [836], [5879], [4609], [4089], [114548], [7332], [596], [999], [3791], [7297], [2908], [1813], [3635], [2147], [355], [2100], [142], [6772], [331], [3320], [7132], [3558], [4792], [324], [2335], [27040], [4436], [10454], [7133], [1385], [5315], [834], [6868], [7424], [7186], [7535], [467], [6775], [1436], [4092], [3178], [7454], [5906], [1739], [5629], [5588], [602], [22861], [8754], [396], [1230], [5880], [10758]]
Crohns disease:[[5243], [3605], [64127], [929], [4314], [6584], [6583]]
Crohn's disease:[[6774], [3123], [3717], [64127], [3593], [149233], [7124], [55054], [9966], [6347], [120892], [5771], [3586], [5734], [1235], [26191], [345611], [3117], [4485], [55600], [2524], [3135], [6583], [3383], [3569], [3105], [3119], [159296], [7157], [22891], [1401], [5966], [4582], [7040], [2033], [54901], [356], [7099], [5243], [3562], [11116], [8600], [4088], [4318], [7422], [94103], [4049], [3559], [4524], [64170], [6354], [864], [6584], [1788], [3553], [3091], [150962], [4790], [1636], [7421], [23308], [2876], [246778], [2099], [6256], [5743], [29126], [10320], [56946], [3606], [3845], [627], [3659], [3479], [3133], [3576], [406991], [6532], [4609], [1499], [9978], [7321], [4846], [3118], [1080], [5468], [9173], [3458], [3106], [4137], [999], [1540], [114548], [596], [177], [7097], [2944], [1493], [595], [944], [3122], [3605], [7297], [6280], [920], [117289], [6696], [6356], [7332], [50943], [9564], [639], [2153], [5444], [1234], [4153], [3992], [2646], [332], [2952], [2908], [6647], [2950], [2147], [23216], [3635], [2101], [1813], [4855], [3146], [930], [144811], [7292], [929], [93986], [3107], [7013], [3934], [8863], [2146], [3127], [1289], [355], [2100], [677775], [406947], [5925], [1432], [406938], [3565], [5879], [3958], [2550], [183], [4312], [142], [4314], [2247], [51738], [3557], [3690], [4292], [5133], [1576], [836], [6664], [8927], [283463], [324], [6772], [3791], [3320], [2879], [196], [56244], [7132], [1390], [54106], [3417], [27040], [54658], [51744], [7076], [3596], [19], [1201], [6352], [6934], [3552], [29949], [407040], [2335], [9873], [10], [3558], [4436], [10537], [3620], [441108], [331]]
Crohn disease:[[64127], [149233], [7124], [7422], [55054], [3569], [3570], [3091], [3586], [5243], [2244], [8651], [2243], [7099], [1401], [7421], [2266], [4318], [6774], [3123], [3659], [3479], [5468], [6584], [2944], [3458], [9368], [3605], [6583], [960], [1493], [3119], [335], [2908], [3606], [120892], [3690], [929], [3725], [3557], [3107], [5265], [1373], [213], [10], [3486], [4210], [26191], [331], [2896], [7431], [3685], [7133], [6662], [7128], [59067], [2149], [2150], [4311], [4842], [8856], [2641], [51561], [1673], [8795], [85480], [832], [246778], [1269], [2833], [1437], [57178], [1672], [10392], [2169], [6869], [7184], [7100], [6556], [8797], [6863], [2209], [942], [4583], [5771], [406940], [4283], [9966], [3783], [2191], [4486], [5734], [29851], [7432], [8863], [1948], [146722], [345611], [50506], [4680], [326624], [9231], [5284], [22900], [1670], [23765], [338557], [26151], [9963], [2935], [2813], [254887], [677775], [50941], [441108], [283463], [553103], [283234]]
CD - Crohn's disease:[[64127], [1493], [6774], [3123], [3717], [149233], [3593], [7124], [55054], [9966], [2214], [3586], [5771], [6347], [120892], [3117], [5734], [26191], [345611], [1235], [3119], [3569], [7099], [6583], [1401], [2524], [3383], [4582], [3105], [7157], [159296], [7422], [4318], [5243], [22891], [7040], [94103], [6584], [3559], [64170], [3091], [4049], [1788], [7421], [920], [3553], [29126], [4790], [1636], [3605], [2876], [2099], [627], [999], [1080], [3576], [6532], [406991], [3606], [114548], [3992], [4609], [3458], [3106], [4846], [596], [5468], [50943], [177], [929], [3635], [7097], [6696], [6356], [5444], [6280], [7297], [2908], [6647], [3934], [3557], [1813], [406947], [3565], [3107], [51738], [355], [3690], [196], [406938], [5879], [3958], [183], [4312], [4314], [5133], [836], [6772], [56244], [29949], [7076], [407040], [2335], [3558], [50616], [3620], [958], [22914], [406937], [5027], [7133], [100507436], [3240], [59067], [6615], [30835], [3570], [8856], [2162], [9332], [3663], [1524], [7172], [7100], [3371], [9415], [7535], [2833], [1437], [407008], [1672], [3002], [6556], [942], [6775], [8807], [3164], [7082], [407035], [6777], [1138], [8742], [4907], [22900], [112744], [58191], [4283], [9231], [8398], [8771], [2209], [5629], [5588], [9290], [10747], [953], [5266], [4680], [4688], [22861], [2525], [51330], [8740], [5880], [4650], [10344], [4689], [26507], [11213], [6369], [2813], [50941], [55201], [51573], [8624], [9354], [140596], [192343]]
Crohn's Enteritis:[[64127], [4318], [50943], [4057], [6777]]
Crohn Disease:[[64127], [149233], [7124], [7422], [55054], [3569], [3570], [3091], [3586], [5243], [2244], [8651], [2243], [7099], [1401], [7421], [2266], [4318], [6774], [3123], [3659], [3479], [5468], [6584], [2944], [3458], [9368], [3605], [6583], [960], [1493], [3119], [335], [2908], [3606], [120892], [3690], [929], [3725], [3557], [3107], [5265], [1373], [213], [10], [3486], [4210], [26191], [331], [2896], [7431], [3685], [7133], [6662], [7128], [59067], [2149], [2150], [4311], [4842], [8856], [2641], [51561], [1673], [8795], [85480], [832], [246778], [1269], [2833], [1437], [57178], [1672], [10392], [2169], [6869], [7184], [7100], [6556], [8797], [6863], [2209], [942], [4583], [5771], [406940], [4283], [9966], [3783], [2191], [4486], [5734], [29851], [7432], [8863], [1948], [146722], [345611], [50506], [4680], [326624], [9231], [5284], [22900], [1670], [23765], [338557], [26151], [9963], [2935], [2813], [254887], [677775], [50941], [441108], [283463], [553103], [283234]]
INFLAMMATORY BOWEL DISEASE (CROHN DISEASE) 1:[[64127], [3123], [149233], [3119], [1401], [3586], [5468], [55054], [5243], [7421], [3479], [3557], [3569], [3091], [26191], [8651], [2944], [3107], [6774], [3659], [9966], [3606], [3458], [6583], [331], [4486], [345611], [246778], [6556], [57178], [1493], [2908], [5771], [10392], [8856], [2150], [1673], [7099], [6869], [7422], [5734], [4318], [7124], [120892], [3605], [6584], [7128], [50941], [441108], [59067], [5284], [4210], [1437], [1269], [3486], [22900], [10], [929], [3685], [51561], [85480], [2833], [283234], [9231], [4283], [4583], [50506], [4680], [283463]]
Inflammatory Bowel Disease 1:[[64127], [3123], [3383], [3117], [3119], [1401], [3586], [6347], [4790], [64135], [5468], [149233], [7040], [5054], [2494], [114548], [7421], [5243], [3479], [5728], [4582], [5594], [3557], [60468], [3569], [26191], [3554], [3146], [3091], [356], [3172], [2944], [11315], [55054], [7391], [1906], [10666], [3565], [2876], [348], [3107], [3162], [6772], [3417], [183], [6774], [6817], [3576], [9966], [4314], [2950], [1636], [6356], [55600], [3577], [6532], [2524], [3606], [3458], [7412], [7157], [5879], [8771], [170679], [9173], [1029], [3559], [4486], [331], [10125], [7850], [2215], [2952], [8651], [1234], [7852], [29126], [2353], [30835], [246778], [54901], [7046], [1026], [6556], [5579], [864], [51752], [998], [595], [345611], [3480], [841], [8767], [2052], [6714], [50848], [4312], [23411], [842], [1493], [4153], [6198], [6097], [10320], [3815], [2908], [2919], [3371], [1565], [7293], [3659], [6696], [355], [3290], [4485], [3635], [2237], [26471], [7454], [3587], [90865], [11093], [6504], [6402], [3558], [301], [5599], [1268], [100506658], [10745], [3683], [7076], [3992], [22861], [5315], [718], [10135], [55876], [83593], [6583], [5771], [25953], [3620], [8061], [57817], [6283], [5451], [4684], [962], [3454], [8856], [2150], [10673], [8809], [643], [6256], [10392], [57178], [1994], [4057], [2355], [3394], [6016], [57154], [808], [3802], [677], [921], [6597], [27178], [2740], [10221], [3456], [2735], [8897], [57823], [10318], [7494], [10454], [1113], [9807], [1893], [84433], [6281], [6364], [5175], [1673], [3002], [112744], [9076], [140885], [284], [6869], [5334], [3717], [7422], [7297], [64581], [54210], [3460]]
IBD1:[[64127], [130589]]
REGIONAL ENTERITIS:[[50943], [64127]]
Regional Enteritis:[[50943], [64127]]
Granulomatous enteritis:[[64127]]
