Health Care Associated Infections:[[3569], [3606], [1557], [4057]]
Infections Healthcare Associated:[[348], [1401], [3119], [4524], [3569], [7124], [2147], [3043], [7099], [5265], [3553], [7421], [4318], [1080], [1636], [2944], [2950], [2952], [3565], [154], [2706], [4292], [4968], [328], [3575], [100], [210], [3561]]
Nosocomial infectious disease:[[]]
Infection Healthcare Associated:[[348], [7422], [1401], [2099], [3115], [4524], [3119], [3077], [3117], [3949], [3569], [255738], [7124], [3554], [4318], [2147], [1080], [5265], [3043], [7421], [3553], [7099], [2064], [2944], [3356], [1636], [2952], [3565], [2950], [6532], [2153], [59272], [4312], [2100], [4292], [4353], [154], [2706], [7515], [4968], [3575], [4436], [5896], [328], [1728], [1571], [5788], [100], [6606], [3358], [3561]]
Infections Cross:[[4179], [9636], [7157], [7852], [3569], [7124], [1956], [1401], [7099], [6772], [348], [3586], [7040], [3553], [6774], [4790], [3458], [2212], [3091], [1084], [2214], [7097], [5243], [207], [3576], [3106], [6622], [5594], [7421], [133], [4318], [2475], [3606], [4524], [10631], [5468], [920], [5743], [355], [1636], [3479], [1234], [1080], [4780], [3123], [54106], [5595], [3383], [4846], [64127], [29126], [7098], [7015], [6647], [3146], [3717], [3934], [5806], [6387], [5879], [3105], [6347], [3565], [4879], [406938], [3082], [4582], [3627], [2950], [23411], [3075], [50943], [5133], [3135], [3958], [177], [8743], [3162], [2335], [6352], [328], [3119], [3558], [7189], [154], [5599], [4255], [356], [4843], [3552], [90865], [836], [4282], [114548], [25], [3043], [3456], [85363], [3620], [3309], [3481], [406947], [3685], [718], [7431], [51284], [820], [23586], [5142], [59067], [4968], [650], [958], [5371], [50616], [22943], [30835], [5329], [60489], [598], [868], [1385], [5478], [5027], [9365], [5328], [1536], [57817], [6462], [3240], [1994], [6376], [5294], [6786], [6777], [3570], [7100], [4599], [2638], [4684], [7056], [8651], [558], [551], [6441], [1555], [7037], [1991], [3661], [29110], [25939], [3485], [6348], [51561], [2194], [684], [952], [3663], [1524], [23476], [1673], [8737], [975], [1440], [283131], [2215], [5320], [2624], [9173], [3654], [4162], [10392], [51135], [6869], [156], [374], [2209], [2357], [8741], [55054], [10657], [6041], [3459], [114609], [210], [6737], [10859], [6709], [64581], [1230], [10346], [925], [3561], [4688], [7293], [8764], [2633], [5724], [909], [84444]]
Healthcare associated infection:[[348], [7422], [1401], [2099], [3115], [4524], [3119], [3077], [3117], [3949], [3569], [255738], [7124], [3554], [4318], [2147], [1080], [5265], [3043], [7421], [3553], [7099], [2064], [2944], [3356], [1636], [2952], [3565], [2950], [6532], [2153], [59272], [4312], [2100], [4292], [4353], [154], [2706], [7515], [4968], [3575], [4436], [5896], [328], [1728], [1571], [5788], [100], [6606], [3358], [3561]]
Nosocomial infection:[[728]]
Healthcare associated infectious disease:[[2153]]
Cross infection:[[]]
Infection Cross:[[7515], [2068], [2547], [4179], [6774], [2072], [9636], [7518], [7157], [1956], [7124], [348], [2071], [3569], [7040], [7422], [4680], [3091], [207], [4790], [2212], [3459], [2064], [3553], [5243], [1401], [7099], [351], [1161], [4318], [3586], [1499], [7852], [3106], [2214], [4524], [9370], [5594], [2475], [2099], [5743], [3458], [1084], [3576], [5468], [3952], [7421], [1080], [920], [7097], [3688], [7015], [3123], [5970], [999], [1234], [6622], [29126], [3383], [355], [3479], [4780], [29110], [133], [301], [960], [4851], [4193], [3105], [6387], [3146], [596], [1432], [5728], [406991], [4137], [4233], [3606], [6347], [4313], [3565], [1387], [4609], [5595], [3845], [6714], [1636], [3570], [64127], [7052], [6647], [3958], [406938], [3162], [4846], [50943], [472], [5054], [5133], [3119], [4582], [5290], [4879], [5879], [8743], [51738], [857], [3690], [3135], [54106], [3934], [627], [6772], [2100], [836], [4282], [6532], [2908], [4843], [1950], [6352], [5806], [114548], [5599], [7098], [3558], [3082], [23411], [5444], [406947], [196], [3627], [85363], [387], [4312], [2950], [356], [595], [3309], [3689], [5747], [1312], [2932], [3572], [177], [142], [59272], [60489], [30835], [90865], [255738], [7450], [4982], [3725], [2335], [3075], [3620], [3953], [5818], [4170], [3630], [3661], [23586], [2153], [57817], [545], [3593], [841], [335], [5371], [50616], [7431], [5027], [7189], [5478], [4773], [5888], [5621], [7415], [59067], [328], [4255], [6667], [5578], [729230], [183], [10413], [4353], [2309], [154], [3559], [8074], [51284], [6513], [7057], [820], [3329], [7132], [406906], [3456]]
Health Care Associated Infection:[[3569], [3606], [1557], [213], [4057]]
