Lysosomal Cystine Transport Protein Defect Of:[[1497], [7157], [7422], [2064], [7040], [3479], [1536], [3725]]
CYSTINOSIN DEFECT OF:[[1497], [9526]]
LYSOSOMAL CYSTINE TRANSPORT PROTEIN DEFECT OF:[[1497], [7157], [7422], [2064], [7040], [3479], [1536], [3725]]
Cystine diathesis:[[7450], [727897]]
Cystine disease:[[4693], [1029], [7450], [7422], [1497], [7040], [11136], [5243], [6519], [5594], [7157], [4856], [2064], [283463], [1536], [3479], [4780], [25928], [1738], [960], [1432], [5595], [3725], [8840], [3620], [4586], [727897], [729993], [1281], [23657], [578], [1969], [2246], [4583], [1491], [2729], [26585], [8200], [5087], [9445], [4588], [6509], [9607], [9463], [8838], [8839], [1109], [9526], [64388], [833], [283310], [23275]]
Storage Disease Cystine:[[7450], [1497], [7040], [2064], [960]]
Cystine storage disease:[[7450], [1497], [7040], [2064], [960]]
Defect of Cystinosin:[[1497], [9526]]
Diatheses Cystine:[[1497], [6519], [4693], [7157], [25928], [7422], [7040], [2064], [5243], [1029], [3479], [4780], [7450], [5594], [960], [1432], [729993], [5595], [3725], [23657], [3620], [729956], [4586], [1536], [11136], [1969], [727897], [1281], [578], [2246], [4583], [26585], [4856], [8200], [1491], [8840], [5087], [2729], [6509], [4588], [9607], [8838], [9445], [1738], [9463], [6122], [8839], [9526], [1109], [283463], [64388], [4681], [833], [340990], [283310], [199699], [23275], [170589], [122876]]
Cystinosis:[[1497], [8074], [1191], [8878], [7442], [2688], [5873], [837], [2937], [26873], [23729]]
Storage Diseases Cystine:[[7040], [7450], [2064]]
Cystine Diseases:[[7157], [1029], [7422], [7040], [5243], [3479], [4780], [25928], [2064], [7450], [5594], [1432], [5595], [3725], [4586], [3620], [23657], [727897], [1536], [1969], [1281], [578], [4583], [26585], [2729], [4588], [9445]]
Diathesis Cystine:[[7450], [727897]]
Cystinoses:[[]]
Cystine Disease:[[4693], [1029], [7450], [7422], [1497], [7040], [11136], [5243], [6519], [5594], [7157], [4856], [2064], [283463], [1536], [3479], [4780], [25928], [1738], [960], [1432], [5595], [3725], [8840], [3620], [4586], [727897], [729993], [1281], [23657], [578], [1969], [2246], [4583], [1491], [2729], [26585], [8200], [5087], [9445], [4588], [6509], [9607], [9463], [8838], [8839], [1109], [9526], [64388], [833], [283310], [23275]]
