DD:[[488], [1646], [1636], [7157], [7124], [4524], [7422], [4790], [841], [185], [7421], [183], [64127], [5728], [355], [1499], [6532], [5054], [3458], [472], [7097], [1813], [4982], [3077], [154], [1869], [3690], [5573], [3417], [6531], [338], [59272], [6790], [6772], [7132], [23586], [1571], [5328], [796], [9518], [1544], [6850], [4615], [7351], [1585], [8772], [6401], [5327], [1871], [5576], [843], [4804], [8737], [89], [5592], [2], [835], [8717], [43], [151], [186], [150], [11132], [1870], [6616], [118], [3920], [161582], [7220], [1719], [8996], [1874], [8682], [3816], [7027], [27032], [5577], [1834], [1184], [6470], [288], [51135], [1876], [8718], [1158], [80310], [837], [1729], [10913], [8738], [838], [148022], [9856], [26256], [5608], [51473], [7029], [11213], [1875], [8793], [5575], [53340], [119391], [1836], [55655], [27242], [23353], [4897], [84231], [55367], [1767], [3656], [56899], [54763], [1109], [5064], [8701], [10152], [56983], [9892], [54899], [162989], [51270], [9699], [55695], [83853], [84270], [23233], [375307], [80318], [222643], [91978], [152015], [728780], [284485], [286430], [107181291]]
Darier disease:[[488], [27032], [5746]]
Keratosis follicularis:[[51360], [488], [6303]]
KERATOSIS FOLLICULARIS:[[51360], [488], [6303]]
DARIER-WHITE DISEASE:[[488]]
Dariers Disease:[[]]
Darier's disease:[[488]]
Disease Darier-White:[[488]]
Disease Darier's:[[488]]
DAR:[[488], [146], [1813], [6007], [410]]
Darier White Disease:[[488]]
Follicular keratosis:[[596], [7157], [5290], [4318], [673], [1029], [1956], [3845], [5743], [2146], [7421], [4313], [3265], [2944], [5594], [2952], [4311], [50943], [5595], [959], [4323], [2312], [1030], [9076], [3662], [10630], [3290], [4254], [4171]]
DARIER DISEASE:[[488], [27032], [5746]]
Darier-White disease:[[488]]
Diseases Darier-White:[[488]]
Keratosis Follicularis:[[51360], [488], [6303]]
Psorospermosis:[[]]
Psorospermosis follicularis vegetans:[[51360], [488], [2706], [6303]]
Disease Darier:[[488], [27032], [5746]]
Dyskeratosis follicularis:[[]]
