Dementia:[[4137], [7415], [348], [6622], [3178], [5663], [23435], [3181], [8878], [2629], [203228], [4524], [2521], [1636], [351], [7157], [7422], [7124], [627], [3569], [29110], [1401], [7040], [5444], [6850], [9370], [2099], [4879], [6532], [5621], [3952], [4318], [3586], [4846], [3479], [3553], [1312], [7099], [120892], [1540], [4313], [3576], [5468], [7852], [4734], [54822], [596], [2896], [6869], [10452], [6347], [3122], [1565], [3383], [2100], [5265], [5054], [3605], [406991], [6647], [23411], [1813], [6387], [25978], [335], [3077], [177], [1471], [3127], [29978], [338], [1071], [6531], [7450], [183], [185], [51738], [836], [7072], [1906], [400916], [2332], [3934], [4843], [19], [4000], [581], [54209], [5071], [6546], [7076], [4314], [1786], [3309], [3552], [7276], [7277], [282617], [1815], [406947], [255738], [3356], [3064], [861], [10], [217], [6620], [1869], [56729], [56244], [4128], [1191], [11093], [7132], [1116], [5329], [648], [5664], [7057], [7139], [23621], [9518], [331], [5300], [57817], [5950], [7412], [1139], [6285], [7048], [5819], [5021], [1994], [9365], [7133], [3350], [4316], [135], [11315], [2670], [2150], [3570], [7137], [65018], [10133], [1051], [7249], [1814], [590], [6462], [551], [5741], [1508], [4311], [7319], [4803], [6720], [1509], [4976], [4914], [2876], [4747], [4804], [259232], [23028], [3574], [4915], [152330], [10763], [6288], [1524], [3684], [51561], [2904], [406992], [9445], [25902], [3358], [1612], [6311], [2678], [6573], [899], [3485], [6653], [1137], [9076], [5320], [8772], [8826], [7019], [6683], [54210], [5649], [2170], [6440], [1356], [4155], [706], [3156]]
Dementia unspecified:[[348], [7157], [351], [3178], [2099], [7422], [7040], [7124], [6850], [5621], [5468], [836], [596], [7852], [4734], [2100], [1813], [3064], [6387], [7048], [581], [3350], [2332], [331], [7132], [5329], [5300], [7133], [7249], [1814], [4155], [1051], [4804], [4803], [4914], [8772], [2904], [5320], [2902], [1981], [1742], [6804], [7314], [1760], [6272], [3020], [5094], [6857], [1822], [10989], [55504]]
Dementias:[[348], [351], [3586], [4137], [1312], [6622], [6532], [2932], [5621], [23435], [1116], [5300], [3240], [7018], [5176], [5445], [1859], [4043], [1808], [9445], [11255]]
Organic dementia:[[4524], [7124], [7157], [7040], [3553], [2099], [120892], [5621], [1565], [6347], [3576], [5468], [7099], [6647], [2100], [7076], [6573], [6285], [1051], [7412], [9365], [2876], [6653], [9076], [406989], [5445], [6855], [481], [89832]]
Progressive dementia:[[4137], [348], [7415], [56652], [6622], [23435], [5663], [351], [6647], [7157], [7422], [7124], [2521], [3569], [203228], [3178], [8878], [7040], [2629], [4524], [627], [3479], [5621], [29110], [1401], [4318], [3586], [9370], [6850], [5444], [4879], [2099], [2896], [120892], [3952], [4846], [3576], [4313], [3553], [7852], [3383], [4000], [1540], [6347], [10452], [596], [3122], [5054], [6387], [5265], [950], [23411], [1813], [335], [25978], [1471], [836], [183], [3934], [185], [7276], [2744], [3064], [5071], [4314], [4843], [19], [406947], [1786], [7132], [3356], [861], [10], [1116], [6620], [4128], [1191], [5329], [5664], [9518], [7139], [4747], [9365], [7133], [5300], [5950], [7412], [1994], [4316], [135], [4976], [10133], [11315], [551], [65018], [1051], [6462], [5741], [4803], [6720], [4914], [4915], [1524], [6311], [3485], [7019], [6440], [8398], [341], [1760], [4129], [5216], [410], [274], [1118], [215], [10665], [6623], [1192], [4336], [23400], [10715], [4900], [5650], [5274], [1822], [5309], [1804], [2909], [54982], [80331], [57338], [8722]]
Amentia:[[]]
Unspecified dementia:[[348], [7157], [351], [3178], [2099], [7422], [7040], [7124], [6850], [5621], [5468], [836], [596], [7852], [4734], [2100], [1813], [3064], [6387], [7048], [581], [3350], [2332], [331], [7132], [5329], [5300], [7133], [7249], [1814], [4155], [1051], [4804], [4803], [4914], [8772], [2904], [5320], [2902], [1981], [1742], [6804], [7314], [1760], [6272], [3020], [5094], [6857], [1822], [10989], [55504]]
Amentias:[[]]
Dementia progressive:[[4137], [348], [7415], [56652], [6622], [23435], [5663], [351], [6647], [7157], [7422], [7124], [2521], [3569], [203228], [3178], [8878], [7040], [2629], [4524], [627], [3479], [5621], [29110], [1401], [4318], [3586], [9370], [6850], [5444], [4879], [2099], [2896], [120892], [3952], [4846], [3576], [4313], [3553], [7852], [3383], [4000], [1540], [6347], [10452], [596], [3122], [5054], [6387], [5265], [950], [23411], [1813], [335], [25978], [1471], [836], [183], [3934], [185], [7276], [2744], [3064], [5071], [4314], [4843], [19], [406947], [1786], [7132], [3356], [861], [10], [1116], [6620], [4128], [1191], [5329], [5664], [9518], [7139], [4747], [9365], [7133], [5300], [5950], [7412], [1994], [4316], [135], [4976], [10133], [11315], [551], [65018], [1051], [6462], [5741], [4803], [6720], [4914], [4915], [1524], [6311], [3485], [7019], [6440], [8398], [341], [1760], [4129], [5216], [410], [274], [1118], [215], [10665], [6623], [1192], [4336], [23400], [10715], [4900], [5650], [5274], [1822], [5309], [1804], [2909], [54982], [80331], [57338], [8722]]
Dementia NOS:[[4843], [4846], [6622], [351], [7422], [2099], [3479], [23411], [56729], [1509]]
