Carious lesion:[[7422], [7040], [3479], [4313], [4314]]
Caries:[[8842], [6696], [7421], [9429], [7124], [7253], [1636], [7046], [652], [2272], [1814], [3553], [3579], [3123], [4092], [3624], [2185], [3458], [6196], [6335], [5311], [4153], [4313], [1909], [7097], [3683], [3206], [55770], [1026], [3577], [11178], [3119], [55966], [2053], [4582], [1121], [4057], [929], [1834], [8013], [3756], [650], [2697], [54880], [4314], [55612], [744], [5789], [3670], [7076], [1672], [3843], [51750], [3840], [54715], [1758], [340273], [28951], [2534], [820], [4322], [221458], [11213], [3709], [56913], [8635], [5816], [29119], [3381], [1033], [8829], [23114], [4552], [152330], [23566], [63895], [4978], [8100], [8321], [163404], [727897], [1435], [7043], [56955], [28976], [1468], [58480], [112464], [26118], [148198], [159296], [1755], [27241], [3097], [27303], [9508], [63035], [5726], [8825], [2000], [6514], [54808], [4739], [4069], [323], [26057], [2764], [80176], [14], [8395], [2568], [2220], [5101], [265], [57045], [9110], [57568], [63898], [55843], [10117], [1747], [91653], [88], [137735], [83756], [83539], [140683], [9658], [765], [23658], [23026], [574448], [9260], [762], [973], [10668], [80834], [51375], [53342], [201456], [54847], [3493], [3853], [90362], [152485], [57544], [3347], [56911], [4589], [258], [57157], [317716], [9313], [24144], [219578], [729330], [221294], [222255], [119180], [689], [83872], [207107], [729852], [100533107], [5555], [80835], [100507421], [3854], [5554], [4025], [7286], [9119], [286887], [347475], [285954], [645206], [645560], [100128993], [100129100], [101927354], [101927045], [57549], [28689]]
Teeth decayed:[[1672], [765]]
Dental Decay:[[9622], [2103]]
Lesion Carious:[[7422], [7040], [3479], [4313], [4314]]
Dental caries unspecified:[[7046], [652], [7421], [1026], [4092], [2534], [8829], [6196], [58480], [55770], [57045]]
Tooth caries:[[652], [7421], [7124], [3553], [650], [3624], [55966], [54880], [265], [1834], [2697], [7076], [1758], [1435], [4322], [7043], [159296], [1755], [1747], [10117], [258], [765], [9313], [7286], [83872], [9119], [57549]]
Tooth decay:[[1896], [9927], [8091], [4000], [7157], [652], [3315], [10642], [7124], [7422], [1956], [3508], [3553], [7421], [2064], [3586], [3576], [596], [5728], [627], [999], [581], [476], [6331], [6647], [9516], [6469], [2263], [841], [5889], [4771], [7189], [10018], [7132], [3066], [1435], [947], [2353], [9131], [2736], [813], [81846], [2737], [5573], [330], [3856], [26985], [57142], [2274], [9622], [29123], [7286], [55966], [79641], [78997], [192343]]
Dental Caries:[[6696], [9429], [8842], [7421], [7046], [652], [1636], [4092], [2185], [6335], [5311], [1909], [3206], [1026], [11178], [4153], [2053], [4582], [1834], [8013], [650], [3670], [51750], [1758], [4057], [340273], [28951], [2534], [29119], [3381], [1033], [8829], [23114], [23566], [4322], [63895], [8100], [8321], [6196], [163404], [727897], [1672], [56955], [55770], [28976], [1468], [58480], [26118], [148198], [159296], [55966], [27303], [9508], [63035], [8825], [2000], [54808], [4739], [4069], [323], [2764], [80176], [2220], [5101], [6514], [57045], [91653], [137735], [83539], [9658], [1747], [265], [23026], [765], [10668], [51375], [83756], [53342], [54847], [3853], [152485], [56911], [57157], [4589], [10117], [219578], [221294], [9313], [24144], [222255], [80834], [119180], [83872], [207107], [100533107], [80835], [3854], [5555], [7286], [286887], [645560], [100129100], [5554], [57549]]
Lesions Carious:[[7422], [7040], [4313], [3479], [4314], [1490], [4322], [7042], [1000], [7043]]
Dental decay:[[9622], [2103]]
tooth decay:[[1896], [9927], [8091], [4000], [7157], [652], [3315], [10642], [7124], [7422], [1956], [3508], [3553], [7421], [2064], [3586], [3576], [596], [5728], [627], [999], [581], [476], [6331], [6647], [9516], [6469], [2263], [841], [5889], [4771], [7189], [10018], [7132], [3066], [1435], [947], [2353], [9131], [2736], [813], [81846], [2737], [5573], [330], [3856], [26985], [57142], [2274], [9622], [29123], [7286], [55966], [79641], [78997], [192343]]
Dental cavity:[[7157], [9429], [7124], [7422], [3569], [1029], [7421], [5743], [1499], [3845], [673], [6387], [7015], [5728], [7099], [2475], [3952], [999], [4313], [1026], [650], [177], [6714], [4582], [5879], [929], [2247], [4288], [3309], [6657], [682], [2260], [4323], [1490], [5328], [5300], [7442], [10631], [133], [604], [5268], [1672], [4129], [79054], [7114], [4589]]
Tooth decayed:[[765]]
Carious teeth:[[7422], [7040], [3479], [1490], [7042], [1000], [4322], [7043], [2274], [27202]]
dental cavities:[[7157], [5743], [4129]]
Dental caries:[[6696], [9429], [8842], [7421], [7046], [652], [1636], [4092], [2185], [6335], [5311], [1909], [3206], [1026], [11178], [4153], [2053], [4582], [1834], [8013], [650], [3670], [51750], [1758], [4057], [340273], [28951], [2534], [29119], [3381], [1033], [8829], [23114], [23566], [4322], [63895], [8100], [8321], [6196], [163404], [727897], [1672], [56955], [55770], [28976], [1468], [58480], [26118], [148198], [159296], [55966], [27303], [9508], [63035], [8825], [2000], [54808], [4739], [4069], [323], [2764], [80176], [2220], [5101], [6514], [57045], [91653], [137735], [83539], [9658], [1747], [265], [23026], [765], [10668], [51375], [83756], [53342], [54847], [3853], [152485], [56911], [57157], [4589], [10117], [219578], [221294], [9313], [24144], [222255], [80834], [119180], [83872], [207107], [100533107], [80835], [3854], [5555], [7286], [286887], [645560], [100129100], [5554], [57549]]
