Cutaneous mycosis:[[6404], [1029], [7157], [7422], [10850], [7099], [6774], [3091], [5133], [7421], [4318], [5728], [50943], [355], [8626], [4851], [7097], [3458], [54106], [1493], [238], [142], [4292], [406947], [943], [407040], [1803], [1191], [90865], [7424], [1030], [7133], [4684], [23705], [59067], [51561], [6304], [1673], [1236], [2833], [407021], [407008], [3718], [9235], [406952], [6869], [1233], [931], [6863], [406995], [1232], [386653], [55894], [133396], [407975], [3812], [9437], [6955], [81858], [2826], [605], [89795]]
Dermatomycosis other and unspecified:[[7157], [1956], [2147], [355], [2099], [7422], [4790], [351], [348], [2064], [207], [1029], [6774], [7040], [4193], [7124], [672], [1026], [3091], [5925], [1432], [1021], [5468], [1499], [367], [3725], [836], [5743], [673], [5594], [6714], [7421], [595], [2033], [5879], [5599], [596], [7015], [4609], [4089], [387], [675], [999], [4088], [2260], [1387], [7852], [1017], [5595], [4233], [3791], [472], [998], [1813], [867], [2885], [5894], [598], [2908], [3064], [5970], [960], [2100], [4792], [6387], [7046], [5058], [4087], [142], [5159], [5588], [331], [3643], [2308], [2932], [7189], [983], [1027], [6772], [3688], [7048], [3065], [581], [64127], [5621], [114548], [5111], [3558], [324], [25], [3265], [8743], [5295], [7428], [1019], [3320], [4170], [27185], [2335], [5241], [841], [3350], [5578], [2321], [7161], [6850], [2332], [4869], [652], [5347], [2353], [7132], [5888], [5315], [5781], [4436], [3084], [7329], [1950], [5335], [1457], [1111], [7341], [8837], [6464], [7128], [5329], [8651], [5580], [11200], [613], [3315], [7295], [1385], [1268], [2316], [3559], [1785], [3667], [4297], [5566], [811], [5170], [3932], [7424], [5610], [8841], [5300], [834], [8202], [6500], [2534], [4690], [4893], [5590], [5371], [7430], [10013], [3551], [285], [7186], [7133], [7253], [6868], [1147], [6597], [7273], [3611], [5581], [801], [10018], [7249], [891], [1814], [3014], [3190], [51741], [5037], [558], [3312], [898], [2002], [6256], [55294], [59341], [4791], [1051], [1977], [3659], [6502], [2149], [775], [1386], [8829], [4804], [8517], [5579], [5467], [3566], [7514]]
Dermatomycoses:[[]]
Dermatomycosis unspecified:[[7157], [1956], [2099], [7422], [351], [207], [348], [6774], [4193], [7040], [7124], [4790], [672], [1026], [1029], [2064], [5925], [1432], [3091], [5468], [1499], [3725], [367], [836], [6714], [2033], [5743], [5594], [595], [673], [7421], [5599], [5879], [4089], [387], [596], [4088], [7015], [2260], [1387], [4609], [675], [999], [1017], [5595], [3791], [7852], [4233], [472], [998], [867], [2885], [5894], [598], [1813], [3064], [7046], [2908], [5058], [4087], [5970], [2147], [960], [355], [2100], [6387], [5159], [142], [2308], [7189], [983], [2932], [7048], [1027], [3065], [6772], [3688], [581], [64127], [5621], [5111], [114548], [3558], [5295], [1019], [27185], [25], [3265], [4792], [324], [8743], [7428], [3350], [4170], [3320], [2335], [5241], [841], [5578], [7161], [2321], [652], [2332], [2353], [331], [4869], [5347], [3643], [7329], [7132], [5335], [5888], [3084], [5781], [4436], [1950], [7341], [8837], [1111], [6464], [1457], [7128], [8651], [613], [5329], [5580], [11200], [3315], [1785], [5170], [2316], [1385], [1268], [8841], [834], [6850], [6500], [5610], [3559], [3932], [5566], [8202], [3667], [7424], [1021], [4297], [5590], [811], [5300], [2534], [4893], [5371], [7186], [3551], [7430], [5315], [285], [1147], [5581], [7133], [7273], [6868], [7253], [6597], [3190], [2002], [891], [5037], [801], [7249], [1814], [10018], [558], [3014], [3312], [898], [6256], [55294], [1386], [3659], [1051], [1977], [8829], [6502], [4804], [2149], [8517], [775], [5579], [5467], [7295], [4690], [3566], [10399], [7514], [4286], [4155], [7068], [4803], [4599]]
Fungal infections of skin:[[7124], [7099], [3586], [3458], [6772], [7097], [7040], [6774], [3091], [2475], [348], [4790], [3605], [7098], [4153], [90865], [3958], [796], [820], [5879], [50616], [4615], [85480], [1906], [4843], [5806], [10631], [64581], [3456], [3439], [959], [6376], [3574], [30835], [7096], [6869], [64170], [2512], [10333], [868], [11010], [152007], [221476], [84905], [192343]]
Dermatophyte Infection:[[64170]]
Fungal dermatitis:[[3596], [7124], [3586], [3458], [7099], [7422], [7097], [7040], [3605], [6774], [90865], [1026], [4153], [85480], [929], [50616], [405], [3557], [7098], [1116], [718], [30835], [796], [10631], [6376], [820], [6869], [7096], [10333], [259197], [374897]]
Skin Diseases Fungal:[[7124], [3458], [2475], [3605], [90865], [10631], [50616]]
Dermal mycosis:[[7157], [7422], [1029], [3091], [5728], [3458], [6774], [7099], [5133], [50943], [406947], [238], [90865], [1191], [1803], [407021], [2833], [5175], [943], [1673], [1236], [6863], [1232], [3440], [2171], [133396]]
Dermatomycosis:[[]]
Fungal dermatosis:[[]]
