Dermatitides Contact:[[7157], [7124], [10989], [1956], [54927], [7040], [999], [3383], [7422], [348], [10413], [3586], [3458], [351], [3569], [9473], [920], [2099], [440574], [1636], [3553], [2064], [7852], [3091], [6774], [7099], [125988], [1499], [5243], [3845], [4137], [79135], [4790], [5728], [4609], [84303], [6387], [4846], [2475], [6347], [3605], [29126], [3576], [6532], [960], [6647], [355], [3958], [4193], [2697], [139322], [2312], [4313], [7097], [23411], [3688], [5594], [4851], [50943], [4233], [1234], [1432], [5879], [406991], [5970], [2147], [1493], [3606], [3105], [3146], [335], [1027], [6696], [2146], [3690], [5925], [387], [7450], [142], [3552], [857], [836], [5621], [3630], [4582], [5071], [4982], [5595], [3043], [4312], [324], [8743], [185], [3557], [3075], [581], [3320], [4282], [650], [114548], [3558], [356], [3107], [4353], [23435], [1950], [4314], [19], [7428], [2161], [5347], [959], [5058], [5265], [2335], [8600], [3356], [10], [5599], [54106], [5781], [59272], [7316], [10891], [3559], [6352], [3481], [90865], [1191], [3627], [4771], [983], [6657], [682], [6786], [3600], [718], [3784], [7431], [5027], [7076], [3689], [11200], [84868], [598], [5300], [2155], [1457], [958], [100507436], [3685], [710], [1268], [648], [5580], [4323], [3620], [9518], [6615], [22914], [5371], [2034], [7430], [3240], [5315], [3956], [3350], [3303], [7253], [133], [3674], [975], [2065], [2534], [729230], [50616], [1000], [6597], [7341], [4057], [6382], [60], [2158], [3678], [3456], [2149], [551], [3551], [2316], [1045], [5176], [2159], [2006], [9332], [10664], [5777], [1536], [4830], [1500], [3965]]
Contact dermatitis:[[7124], [7040], [3586], [1636], [3553], [7099], [6532], [3458], [3605], [920], [7097], [6696], [3552], [2312], [3557], [3356], [10], [90865], [3559], [50616], [3350], [27178], [383], [3603], [3578], [6361], [386653], [6363], [64919], [5333], [128], [10850], [117194], [353144], [353143]]
CD - Contact dermatitis:[[7124], [7099], [3586], [7040], [920], [3605], [1636], [3553], [6532], [3458], [7097], [6696], [3557], [2312], [50616], [3559], [3603]]
Dermatitis Contact:[[2312], [7124], [3586], [3458], [1956], [7040], [3605], [3107], [7422], [7099], [999], [7097], [3606], [3553], [920], [6774], [1636], [2064], [6532], [5243], [6387], [90865], [3576], [50943], [4313], [3688], [3552], [3105], [3146], [5970], [1493], [4282], [335], [50616], [6696], [3690], [10], [836], [3557], [3356], [114548], [3559], [4314], [19], [6352], [3600], [3627], [718], [6786], [7076], [3350], [6361], [2149], [9076], [3551], [1437], [3002], [386653], [1524], [706], [84876], [4804], [6367], [1113], [2833], [3603], [27178], [3578], [6869], [6863], [383], [9235], [11009], [1832], [1364], [6278], [59340], [55894], [1828], [5173], [387129], [1593], [114609], [6373], [10850], [64919], [259197], [6363], [5333], [128], [3493], [374383], [117194], [353144], [353143]]
Sensitivities Contact:[[1956], [5243], [6532], [7450], [142], [23435], [2065], [59340], [192343]]
Contact eczema:[[2312]]
Unspecified contact dermatitis:[[7124], [7040], [3350], [3559]]
Dermatitis Venenata:[[]]
Sensitivity Contact:[[5243], [7157], [7124], [1956], [5818], [7040], [7422], [3569], [2099], [10413], [999], [2064], [6774], [3586], [348], [3845], [1636], [4790], [5728], [4609], [2475], [6532], [3091], [3458], [351], [4137], [355], [3383], [920], [5594], [23411], [406991], [1499], [4851], [3553], [7852], [4846], [3958], [29126], [2158], [142], [4233], [4193], [3630], [6347], [3576], [8743], [2146], [4582], [1432], [6387], [3605], [5970], [960], [3688], [3146], [1191], [4313], [6647], [581], [598], [5879], [6696], [2147], [185], [857], [3606], [5925], [1234], [2312], [5595], [324], [836], [3105], [335], [356], [10891], [387], [3784], [7450], [4982], [1027], [4353], [11200], [3075], [5347], [10], [5071], [5781], [4312], [1950], [19], [7428], [3557], [3552], [3320], [2335], [8600], [3043], [5300], [959], [4282], [650], [5058], [114548], [3558], [4771], [3600], [6786], [648], [5027], [9518], [6615], [2065], [5265], [3627], [3356], [6657], [5599], [718], [59272], [7316], [7076], [3956], [3481], [90865], [2155], [1457], [100507436], [983], [5371], [7431], [5580], [3303], [6597], [5770], [958], [22914], [3240], [5315], [1268], [4323], [3620], [975], [2534], [84876], [2034], [5581], [133], [2149], [50616], [551], [2316], [684], [5788], [1045], [2159], [9332], [4057], [6382], [4830], [3659], [3439], [1139], [5294], [5919], [3678], [578], [2194], [3551], [695], [5176], [2006], [10664], [952], [5777], [891], [634], [706], [4804], [1978], [2811], [25937], [1113], [10059], [4791], [1524], [9927], [10273], [659], [9076], [1612], [3973], [7068], [6117], [7035], [4162], [2120], [4321], [7471]]
Unspecified contact dermatitis unspecified cause:[[7124], [7040]]
Dermatitis venenata:[[]]
Eczema Contact:[[7454], [7124], [7040], [999], [3458], [2312], [3553], [6774], [7099], [3605], [7097], [5970], [406991], [1493], [3146], [54106], [6869], [406911], [386653], [64581], [387129], [6367], [10850]]
