Exfoliative Dermatitis:[[]]
Dermatitis Exfoliativa:[[]]
Erythroderma:[[7157], [3858], [3848], [1828], [7051], [26154], [56300], [51099], [3849], [242], [59344], [126410], [348938]]
Generalized erythrodermia:[[284119], [6323], [2908], [7068], [3105], [7299], [3778], [5290], [6513], [960], [857], [7124], [26191], [348], [3117], [4089], [1956], [3586], [846], [56244], [1312], [3559], [5167], [7422], [627], [3569], [3091], [7040], [1636], [4157], [4318], [1957], [3553], [2099], [3342], [1401], [351], [3605], [6532], [3002], [3123], [7421], [3576], [26580], [1294], [9839], [5743], [7099], [3106], [64135], [7015], [2944], [3458], [7038], [432400], [4313], [368], [3952], [1131], [5321], [26525], [6347], [3122], [353124], [120325367], [100653381], [100302716], [100190787], [100188861], [100188821], [100188796], [780913], [2952], [7097], [6311], [50943], [941], [5444], [1234], [6506], [3557], [1493], [840], [472], [1813], [2175], [6326], [3119], [3565], [1565], [4000], [5925], [183], [177], [657], [4153], [6531], [185], [3552], [3075], [4948], [1576], [5747], [387], [5663], [6324], [4128], [6352], [4204], [406947], [10555], [4353], [56729], [10019], [148022], [718], [1803], [10951], [1191], [60468], [7412], [6285], [7057], [2212], [5205], [4893], [203228], [5156], [3240], [8924], [820], [57468], [2214], [4026], [5159], [729230], [7077], [3350], [4779], [1861], [847], [84868], [50616], [5327], [3575], [4041], [2353], [85480], [5610], [619539], [4852], [24], [3574], [2566], [348980], [4322], [1048], [773], [80279], [7494], [4317], [546], [7054], [2643], [112744], [3852], [6530], [785], [6348], [7439], [2324], [6890], [53347], [406942], [2903], [4599], [84062], [6616], [10563], [1137], [55163], [84991], [3965], [2512], [2215], [27086], [6096], [5020], [8912], [12], [23327], [64094], [6503], [7364], [1832], [8631], [4321], [6361], [1180], [1308]]
Exfoliative dermatitis:[[]]
Generalized exfoliative dermatitis:[[]]
Exfoliative Generalized Dermatitis:[[]]
Exfoliatives Dermatitis:[[2312], [3596], [7124], [56946], [23197], [3586], [3107], [7422], [3458], [84433], [1956], [7040], [7099], [3605], [7097], [627], [3606], [3565], [3553], [2064], [6774], [11127], [3123], [1636], [7421], [6532], [2944], [4318], [9173], [5243], [3952], [3106], [1591], [3576], [5468], [90865], [999], [64069], [3717], [117188], [114477], [117187], [105463126], [105463125], [100310755], [4313], [2952], [920], [10111], [50943], [64127], [3105], [3146], [4780], [1026], [7515], [2950], [1493], [4282], [196], [6387], [3119], [3162], [5970], [6696], [3552], [3135], [10], [4153], [50616], [335], [2720], [85480], [3688], [3690], [836], [1543], [406938], [9429], [929], [8626], [3557], [406947], [3356], [114548], [5017], [19], [6352], [7098], [213], [841], [217], [1116], [4088], [1959], [2152], [4314], [1786], [56729], [7052], [3627], [718], [7161], [7919], [10135], [5329], [7076], [3559], [1571], [1803], [8878], [7148], [796], [6307], [3600], [5465], [2629], [30835], [3566], [4803], [4689], [5328], [3593], [6280], [2150], [8809], [302], [6401], [4049], [10631], [6361], [3350], [6778], [3329], [9021], [7442], [6786], [4087], [3570], [23274], [6403], [8856], [6376], [820], [59067], [216], [11136], [2149], [3551], [125], [1672], [3002], [386653], [4852], [1524], [8837], [3661], [4914], [3592], [84876], [4804], [3290], [9076], [1673], [6367], [1437], [1113], [3575], [6279], [7345], [102], [3484], [1392], [2615], [8862], [1394], [11005], [2833], [3716], [406986], [2934], [57162], [407008], [59277], [3603], [27178], [8807], [3578], [6777], [4254], [6356], [834], [2205], [55600], [26762], [5168], [3691], [1003], [1910], [6863]]
Generalised Dermatitis Exfoliative:[[]]
Exfoliative Dermatitides:[[]]
Erythrodermic eczema:[[]]
Generalized erythroderma:[[7051]]
Erythrodermas:[[]]
Generalised exfoliative dermatitis:[[]]
Dermatitis Exfoliative Generaliseds:[[213], [1828], [1475]]
Erythroderma NOS:[[]]
Erythrodermatitis:[[]]
Hebra's pityriasis:[[79092], [50943], [6376], [943], [84166], [1840]]
Pityriasis rubra (Hebra):[[]]
