Hereditary thymine-uraciluria:[[]]
Deficiency DPD:[[1806], [1956], [3845], [7015], [7298], [54658], [1813], [6667], [1890], [2030], [7498], [7372]]
Familial pyrimidinaemia:[[338], [6331], [4254], [8792], [672], [8647], [675], [7157], [5205], [5621], [324], [348], [3949], [114548], [79577], [255738], [4210], [7139], [2099], [7137], [5468], [999], [116519], [3717], [3845], [1540], [5551], [5979], [207], [335], [5728], [4000], [5663], [19], [7428], [4023], [861], [8074], [59], [472], [5649], [3119], [11200], [846], [5290], [3077], [6323], [841], [3784], [351], [1956], [3123], [7273], [2200], [213], [3043], [1029], [5888], [4625], [7124], [4638], [2056], [6622], [773], [4088], [7040], [7422], [7046], [5243], [6927], [4137], [3039], [3643], [2034], [4763], [1636], [7253], [9414], [2057], [79728], [7015], [6334], [3117], [4524], [7369], [4878], [3569], [3172], [7048], [4629], [6647], [4771], [4607], [1312], [5155], [7128], [6262], [7517], [3815], [7168], [9365], [2690], [567], [9370], [4352], [367], [673], [9971], [3785], [120892], [153], [5244], [545], [3553], [2064], [2243], [8517], [112476], [1499], [7099], [4624], [627], [7421], [1285], [5741], [6532], [5327], [477], [3091], [100329167], [79179], [8105], [3586], [6833], [3106], [1536], [5972], [4193], [4790], [5444], [3040], [5071], [1000], [5743], [23435], [4318], [3973], [23385], [1401], [7276], [5054], [100188842], [50968], [580], [3576], [3762], [4693], [3875], [3759], [59341], [554188], [4015], [2776], [1080], [5573], [5376], [117084], [4851], [3458], [595], [1813], [7043], [619536], [619478], [619468], [619411], [619399], [541461], [406216], [338030], [337892], [252843], [252842], [84434], [81865], [56797], [50947], [8249], [8144], [2475], [8438], [5245], [3479], [8989], [1138], [2896], [3952], [6329], [2950], [100499532]]
Deficiencies DPD:[[]]
Dihydropyrimidine Dehydrogenase Deficiency:[[1806], [2067], [4524], [7298], [54658], [1890], [51733], [7372]]
Dihydrouracil dehydrogenase (NADP^+^) deficiency:[[1806]]
DPD deficiency:[[1806], [1956], [3845], [7015], [7298], [54658], [1813], [6667], [1890], [2030], [7498], [7372]]
Dihydrouracil dehydrogenase (nicotinamide adenine dinucleotide phosphate +) deficiency:[[]]
Dihydropyrimidine Dehydrogenase Deficiencies:[[4524], [51733]]
Dihydrouracil dehydrogenase (NADP<sup>+</sup>) deficiency:[[]]
Dihydrouracil dehydrogenase (nicotinamide adenine dinucleotide phosphate +) deficiency (disorder):[[]]
Pyrimidemias Familial:[[338], [6331], [4254], [8792], [672], [8647], [675], [7157], [5205], [5621], [324], [348], [3949], [114548], [79577], [255738], [4210], [7139], [2099], [7137], [5468], [999], [116519], [3717], [3845], [1540], [5551], [5979], [207], [335], [5728], [4000], [5663], [19], [7428], [4023], [861], [8074], [59], [472], [5649], [3119], [11200], [846], [5290], [3077], [6323], [841], [3784], [351], [1956], [3123], [7273], [2200], [213], [3043], [1029], [5888], [4625], [7124], [4638], [2056], [6622], [773], [4088], [7040], [7422], [7046], [5243], [6927], [4137], [3039], [3643], [2034], [4763], [1636], [7253], [9414], [2057], [79728], [7015], [6334], [3117], [4524], [7369], [4878], [3569], [3172], [7048], [4629], [6647], [4771], [4607], [1312], [5155], [7128], [6262], [7517], [3815], [7168], [9365], [2690], [567], [9370], [4352], [367], [673], [9971], [3785], [120892], [153], [5244], [545], [3553], [2064], [2243], [8517], [112476], [1499], [7099], [4624], [627], [7421], [1285], [5741], [6532], [5327], [477], [3091], [100329167], [79179], [8105], [3586], [6833], [3106], [1536], [5972], [4193], [4790], [5444], [3040], [5071], [1000], [5743], [23435], [4318], [3973], [23385], [1401], [7276], [5054], [100188842], [50968], [580], [3576], [3762], [4693], [3875], [3759], [59341], [554188], [4015], [2776], [1080], [5573], [5376], [117084], [4851], [3458], [595], [1813], [7043], [619536], [619478], [619468], [619411], [619399], [541461], [406216], [338030], [337892], [252843], [252842], [84434], [81865], [56797], [50947], [8249], [8144], [2475], [8438], [5245], [3479], [8989], [1138], [2896], [3952], [6329], [2950], [100499532]]
Sensitivity to fluorouracil toxicity:[[5243], [7157], [8772], [1956], [4524], [7124], [7422], [4780], [207], [596], [3479], [4790], [7298], [1029], [5594], [2950], [2475], [3091], [7515], [1026], [2067], [332], [23411], [1806], [4851], [7015], [29126], [581], [2068], [407040], [5595], [7172], [6696], [10891], [5133], [6513], [2309], [4292], [1111], [545], [5460], [1244], [407018], [6573], [2212], [5058], [847], [84876], [27113], [4830], [10257], [10911], [10057]]
Dihydrothymine dehydrogenase deficiency:[[1806]]
Thymine-Uraciluria Hereditary:[[]]
THYMINE-URACILURIA HEREDITARY:[[]]
DIHYDROPYRIMIDINE DEHYDROGENASE DEFICIENCY:[[1806], [2067], [4524], [7298], [54658], [1890], [51733], [7372]]
DPYD DEFICIENCY:[[1806], [2067], [4524], [1956], [7422], [3091], [2064], [3845], [7298], [54658], [6667], [1890], [6117], [7084], [51095]]
Dihydrouracil dehydrogenase (nicotinamide adenine dinucleotide phosphate <sup>+</sup>) deficiency (disorder):[[]]
Dihydropyrimidine dehydrogenase deficiency:[[1806], [2067], [4524], [7298], [54658], [1890], [51733], [7372]]
Dihydrouracil dehydrogenase (nicotinamide adenine dinucleotide phosphate <sup>+</sup>) deficiency:[[]]
Dihydrouracil dehydrogenase (nicotinamide adenine dinucleotide phosphate ^+^) deficiency:[[]]
Pyrimidemia Familial:[[338], [6331], [4254], [8792], [672], [8647], [675], [7157], [5205], [5621], [324], [348], [3949], [114548], [79577], [255738], [4210], [7139], [2099], [7137], [5468], [999], [116519], [3717], [3845], [1540], [5551], [5979], [207], [335], [5728], [4000], [5663], [19], [7428], [4023], [861], [8074], [59], [472], [5649], [3119], [11200], [846], [5290], [3077], [6323], [841], [3784], [351], [1956], [3123], [7273], [2200], [213], [3043], [1029], [5888], [4625], [7124], [4638], [2056], [6622], [773], [4088], [7040], [7422], [7046], [5243], [6927], [4137], [3039], [3643], [2034], [4763], [1636], [7253], [9414], [2057], [79728], [7015], [6334], [3117], [4524], [7369], [4878], [3569], [3172], [7048], [4629], [6647], [4771], [4607], [1312], [5155], [7128], [6262], [7517], [3815], [7168], [9365], [2690], [567], [9370], [4352], [367], [673], [9971], [3785], [120892], [153], [5244], [545], [3553], [2064], [2243], [8517], [112476], [1499], [7099], [4624], [627], [7421], [1285], [5741], [6532], [5327], [477], [3091], [100329167], [79179], [8105], [3586], [6833], [3106], [1536], [5972], [4193], [4790], [5444], [3040], [5071], [1000], [5743], [23435], [4318], [3973], [23385], [1401], [7276], [5054], [100188842], [50968], [580], [3576], [3762], [4693], [3875], [3759], [59341], [554188], [4015], [2776], [1080], [5573], [5376], [117084], [4851], [3458], [595], [1813], [7043], [619536], [619478], [619468], [619411], [619399], [541461], [406216], [338030], [337892], [252843], [252842], [84434], [81865], [56797], [50947], [8249], [8144], [2475], [8438], [5245], [3479], [8989], [1138], [2896], [3952], [6329], [2950], [100499532]]
Dihydrouracil dehydrogenase (NADP+) deficiency:[[1806]]
Familial pyrimidinemia:[[338], [6331], [4254], [8792], [672], [8647], [675], [7157], [5205], [5621], [324], [348], [3949], [114548], [79577], [255738], [4210], [7139], [2099], [7137], [5468], [999], [116519], [3717], [3845], [1540], [5551], [5979], [207], [335], [5728], [4000], [5663], [19], [7428], [4023], [861], [8074], [59], [472], [5649], [3119], [11200], [846], [5290], [3077], [6323], [841], [3784], [351], [1956], [3123], [7273], [2200], [213], [3043], [1029], [5888], [4625], [7124], [4638], [2056], [6622], [773], [4088], [7040], [7422], [7046], [5243], [6927], [4137], [3039], [3643], [2034], [4763], [1636], [7253], [9414], [2057], [79728], [7015], [6334], [3117], [4524], [7369], [4878], [3569], [3172], [7048], [4629], [6647], [4771], [4607], [1312], [5155], [7128], [6262], [7517], [3815], [7168], [9365], [2690], [567], [9370], [4352], [367], [673], [9971], [3785], [120892], [153], [5244], [545], [3553], [2064], [2243], [8517], [112476], [1499], [7099], [4624], [627], [7421], [1285], [5741], [6532], [5327], [477], [3091], [100329167], [79179], [8105], [3586], [6833], [3106], [1536], [5972], [4193], [4790], [5444], [3040], [5071], [1000], [5743], [23435], [4318], [3973], [23385], [1401], [7276], [5054], [100188842], [50968], [580], [3576], [3762], [4693], [3875], [3759], [59341], [554188], [4015], [2776], [1080], [5573], [5376], [117084], [4851], [3458], [595], [1813], [7043], [619536], [619478], [619468], [619411], [619399], [541461], [406216], [338030], [337892], [252843], [252842], [84434], [81865], [56797], [50947], [8249], [8144], [2475], [8438], [5245], [3479], [8989], [1138], [2896], [3952], [6329], [2950], [100499532]]
Dihydrouracil dehydrogenase (NADP) deficiency:[[1806]]
Pyrimidinemia Familial:[[338], [6331], [4254], [8792], [672], [8647], [675], [7157], [5205], [5621], [324], [348], [3949], [114548], [79577], [255738], [4210], [7139], [2099], [7137], [5468], [999], [116519], [3717], [3845], [1540], [5551], [5979], [207], [335], [5728], [4000], [5663], [19], [7428], [4023], [861], [8074], [59], [472], [5649], [3119], [11200], [846], [5290], [3077], [6323], [841], [3784], [351], [1956], [3123], [7273], [2200], [213], [3043], [1029], [5888], [4625], [7124], [4638], [2056], [6622], [773], [4088], [7040], [7422], [7046], [5243], [6927], [4137], [3039], [3643], [2034], [4763], [1636], [7253], [9414], [2057], [79728], [7015], [6334], [3117], [4524], [7369], [4878], [3569], [3172], [7048], [4629], [6647], [4771], [4607], [1312], [5155], [7128], [6262], [7517], [3815], [7168], [9365], [2690], [567], [9370], [4352], [367], [673], [9971], [3785], [120892], [153], [5244], [545], [3553], [2064], [2243], [8517], [112476], [1499], [7099], [4624], [627], [7421], [1285], [5741], [6532], [5327], [477], [3091], [100329167], [79179], [8105], [3586], [6833], [3106], [1536], [5972], [4193], [4790], [5444], [3040], [5071], [1000], [5743], [23435], [4318], [3973], [23385], [1401], [7276], [5054], [100188842], [50968], [580], [3576], [3762], [4693], [3875], [3759], [59341], [554188], [4015], [2776], [1080], [5573], [5376], [117084], [4851], [3458], [595], [1813], [7043], [619536], [619478], [619468], [619411], [619399], [541461], [406216], [338030], [337892], [252843], [252842], [84434], [81865], [56797], [50947], [8249], [8144], [2475], [8438], [5245], [3479], [8989], [1138], [2896], [3952], [6329], [2950], [100499532]]
DPD DEFICIENCY:[[1806], [1956], [3845], [7015], [7298], [54658], [1813], [6667], [1890], [2030], [7498], [7372]]
PYRIMIDINEMIA FAMILIAL:[[338], [6331], [4254], [8792], [672], [8647], [675], [7157], [5205], [5621], [324], [348], [3949], [114548], [79577], [255738], [4210], [7139], [2099], [7137], [5468], [999], [116519], [3717], [3845], [1540], [5551], [5979], [207], [335], [5728], [4000], [5663], [19], [7428], [4023], [861], [8074], [59], [472], [5649], [3119], [11200], [846], [5290], [3077], [6323], [841], [3784], [351], [1956], [3123], [7273], [2200], [213], [3043], [1029], [5888], [4625], [7124], [4638], [2056], [6622], [773], [4088], [7040], [7422], [7046], [5243], [6927], [4137], [3039], [3643], [2034], [4763], [1636], [7253], [9414], [2057], [79728], [7015], [6334], [3117], [4524], [7369], [4878], [3569], [3172], [7048], [4629], [6647], [4771], [4607], [1312], [5155], [7128], [6262], [7517], [3815], [7168], [9365], [2690], [567], [9370], [4352], [367], [673], [9971], [3785], [120892], [153], [5244], [545], [3553], [2064], [2243], [8517], [112476], [1499], [7099], [4624], [627], [7421], [1285], [5741], [6532], [5327], [477], [3091], [100329167], [79179], [8105], [3586], [6833], [3106], [1536], [5972], [4193], [4790], [5444], [3040], [5071], [1000], [5743], [23435], [4318], [3973], [23385], [1401], [7276], [5054], [100188842], [50968], [580], [3576], [3762], [4693], [3875], [3759], [59341], [554188], [4015], [2776], [1080], [5573], [5376], [117084], [4851], [3458], [595], [1813], [7043], [619536], [619478], [619468], [619411], [619399], [541461], [406216], [338030], [337892], [252843], [252842], [84434], [81865], [56797], [50947], [8249], [8144], [2475], [8438], [5245], [3479], [8989], [1138], [2896], [3952], [6329], [2950], [100499532]]
Pyrimidinemias Familial:[[338], [6331], [4254], [8792], [672], [8647], [675], [7157], [5205], [5621], [324], [348], [3949], [114548], [79577], [255738], [4210], [7139], [2099], [7137], [5468], [999], [116519], [3717], [3845], [1540], [5551], [5979], [207], [335], [5728], [4000], [5663], [19], [7428], [4023], [861], [8074], [59], [472], [5649], [3119], [11200], [846], [5290], [3077], [6323], [841], [3784], [351], [1956], [3123], [7273], [2200], [213], [3043], [1029], [5888], [4625], [7124], [4638], [2056], [6622], [773], [4088], [7040], [7422], [7046], [5243], [6927], [4137], [3039], [3643], [2034], [4763], [1636], [7253], [9414], [2057], [79728], [7015], [6334], [3117], [4524], [7369], [4878], [3569], [3172], [7048], [4629], [6647], [4771], [4607], [1312], [5155], [7128], [6262], [7517], [3815], [7168], [9365], [2690], [567], [9370], [4352], [367], [673], [9971], [3785], [120892], [153], [5244], [545], [3553], [2064], [2243], [8517], [112476], [1499], [7099], [4624], [627], [7421], [1285], [5741], [6532], [5327], [477], [3091], [100329167], [79179], [8105], [3586], [6833], [3106], [1536], [5972], [4193], [4790], [5444], [3040], [5071], [1000], [5743], [23435], [4318], [3973], [23385], [1401], [7276], [5054], [100188842], [50968], [580], [3576], [3762], [4693], [3875], [3759], [59341], [554188], [4015], [2776], [1080], [5573], [5376], [117084], [4851], [3458], [595], [1813], [7043], [619536], [619478], [619468], [619411], [619399], [541461], [406216], [338030], [337892], [252843], [252842], [84434], [81865], [56797], [50947], [8249], [8144], [2475], [8438], [5245], [3479], [8989], [1138], [2896], [3952], [6329], [2950], [100499532]]
Thymine Uraciluria Hereditary:[[]]
Thymine-Uracilurias Hereditary:[[7157], [3845], [2956], [1786], [4436], [7421], [4524], [4292], [2099], [4137], [207], [7015], [3479], [7515], [1588], [1277], [4968], [5423], [83990], [8929], [10721], [5810]]
