Hemorrhagic fibrinogenolysis:[[11093]]
Intravascular Disseminated Coagulations:[[]]
DIC - Disseminated intravascular coagulation:[[5054], [3146], [3934], [11093], [796], [718], [285], [1991], [7056], [1361], [10544]]
Consumption Coagulopathy:[[]]
Consumptive thrombohaemorrhagic disorder:[[11093], [2161]]
Consumptive thrombohemorrhagic disorder:[[]]
Disseminated intravascular coagulation:[[3146], [5054], [2153], [3934], [929], [11093], [718], [2155], [796], [285], [6382], [5624], [5340], [2162], [1991], [7056], [1361], [350], [2161], [10544], [4319]]
Haemorrhagic fibrinogenolysis:[[11093]]
Consumption coagulopathy:[[]]
Defibrination syndrome:[[3757], [1280], [114548], [3753], [2074], [7157], [348], [1281], [51085], [546], [80184], [7466], [3845], [673], [8481], [5728], [8195], [7486], [641], [2706], [2317], [4292], [91147], [8626], [1540], [4000], [54658], [1161], [7490], [2033], [6331], [4023], [1071], [5781], [4436], [2263], [3643], [7291], [3784], [2261], [2260], [582], [10806], [8085], [10083], [367], [4683], [207], [84062], [3123], [7468], [4647], [4952], [2200], [1029], [7399], [4810], [201163], [2969], [10804], [6949], [7227], [2492], [775], [7840], [2316], [5428], [3730], [5080], [585], [1278], [54487], [5604], [55612], [2121], [811], [5290], [132884], [4281], [116442], [84100], [2812], [5077], [64127], [79068], [6663], [783], [338], [57167], [1130], [9968], [2332], [1277], [3990], [10743], [7456], [19], [2122], [3265], [6737], [84059], [6741], [3481], [6513], [4089], [23111], [2646], [356], [1285], [1387], [26585], [8976], [7504], [1827], [331], [23405], [9401], [65217], [4893], [672], [4692], [9569], [5894], [4277], [6774], [3117], [1401], [1788], [7401], [7128], [3570], [545], [10163], [583], [10682], [124590], [129880], [54808], [27241], [2138], [79738], [4137], [2475], [60], [3897], [5159], [1364], [8091], [5885], [79803], [2811], [2956], [9993], [5460], [4286], [675], [3717], [8220], [80144], [80025], [999], [3973], [79621], [4193], [64135], [1145], [55212], [2645], [27031], [4851], [1493], [10535], [2131], [1910], [7122], [9031], [4853], [1134], [2146], [100188856], [355], [50943], [105259599], [2153], [9652], [10908], [3664], [7020], [8214], [5308], [10062], [8517], [5076], [27019], [5189], [5395], [1287], [1906], [25825], [3759]]
Consumption Coagulopathies:[[]]
Disseminated intravascular coagulation [defibrination syndrome]:[[3146], [5054], [2153], [3934], [929], [11093], [718], [2155], [796], [285], [6382], [5624], [5340], [2162], [1991], [7056], [1361], [350], [2161], [10544], [4319]]
Consumptive coagulopathy:[[11093], [2161]]
DIC syndrome:[[7157], [1468], [1029], [1401], [11093], [3569], [718], [3586], [7056], [7099], [5054], [7097], [3146], [7450], [3934], [2152], [796], [3082], [285], [1361], [462], [5175], [1991], [10544], [7010], [78989]]
Intravascular Disseminated Coagulation:[[]]
