Trisomy 21 NOS:[[7422], [351]]
Complete trisomy 21 syndrome:[[2623], [4137], [3717], [7422], [4524], [6469], [351], [861], [1859], [2078], [8038], [283], [7033], [1292]]
Downs Syndrome:[[57453]]
Mongolism:[[]]
Down's syndrome:[[351], [348], [3569], [627], [2475], [6347], [154], [836], [142], [4153], [3075], [406947], [406938], [3559], [6285], [7057], [2688], [2078], [23621], [3329], [875], [10320], [6573], [2623], [1269], [710], [760], [1910], [6863], [2938], [2166], [1859], [90], [6948], [2796], [1827], [2915], [10578], [64109], [5116], [55605], [3763], [7200], [6493], [3760], [11075], [23641], [23076], [10600], [3772], [55342], [64663], [728695], [266743]]
Trisomy 21:[[2623], [7422], [4524], [351], [4137], [3717], [861], [6647], [5228], [6469], [174], [2078], [197], [875], [8038], [4548], [5069], [10399], [6573], [283], [7012], [1859], [5978], [4772], [1081], [7031], [7033], [2313], [7532], [835], [930], [1291], [7032], [63976], [1292], [6947], [122706], [191585], [10311], [23505], [1637]]
Down syndrome:[[1827], [25825], [4524], [348], [7157], [351], [7124], [8624], [57453], [7422], [3569], [11123], [3586], [4137], [51227], [3717], [2099], [10311], [84677], [10281], [5243], [3845], [4846], [10231], [4790], [3576], [6647], [2475], [3952], [861], [4313], [2950], [595], [3605], [4780], [1026], [3815], [7515], [5979], [2146], [3565], [5621], [406947], [53820], [2322], [8743], [1588], [2623], [5663], [4552], [23435], [2332], [2068], [875], [257203], [4128], [6285], [23621], [3596], [1586], [1637], [5371], [1859], [1385], [2078], [4297], [6573], [5069], [259234], [7139], [4893], [4548], [268], [3956], [1789], [5228], [174], [80339], [820], [153], [4684], [2690], [100421053], [100420893], [361], [1410], [4830], [8038], [1139], [3718], [3716], [10320], [3925], [326], [2670], [54209], [2934], [10399], [5515], [208], [5423], [7001], [5052], [1910], [4522], [1082], [4287], [6616], [6653], [1137], [4747], [60674], [5978], [2114], [3623], [1136], [1719], [3181], [3856], [4929], [6418], [7314], [2170], [7532], [410], [6948], [406921], [406936], [9619], [2550], [6470], [9588], [8301], [10935], [1374], [9020], [64109], [571], [1826], [23532], [57591], [1376], [794], [6950], [9510], [9782], [3400], [1141], [3037], [6855], [635], [5693], [3028], [1959], [1808], [4831], [6493], [10215], [1627], [619554], [2173], [5063], [6453], [694], [3763], [8867], [10400], [7004], [10459], [5116], [3094], [2551], [7024], [55605], [8078], [2897], [6431], [6576], [1292], [1059], [10272], [5686], [55023], [10989], [4666], [2618], [100302142], [54014], [81609], [5936], [333], [3150], [4722], [1960], [8208], [25902], [60676], [29947], [2689], [51138]]
Trisomy G:[[4137], [10399], [7157], [10221], [351], [7422], [8867], [4524], [3717], [4609], [596], [2944], [4851], [595], [472], [355], [6647], [861], [3815], [54658], [1277], [3480], [3265], [3688], [1859], [27086], [6469], [4869], [3481], [2322], [4548], [6573], [650], [1728], [4297], [4615], [197], [5788], [7012], [952], [947], [174], [1081], [875], [55294], [3676], [5069], [3684], [283], [5376], [4772], [171023], [3683], [7033], [2313], [2114], [30816], [1291], [7032], [1292], [57679], [63976]]
Syndrome Down's:[[348], [1827], [2475], [1910], [3075], [351], [3569], [627], [2623], [6347], [1859], [154], [406947], [4153], [836], [406938], [6285], [142], [2688], [3559], [875], [3763], [7057], [2078], [23621], [10320], [3329], [6573], [6863], [1269], [760], [2166], [710], [2938], [90], [2796], [6948], [10578], [64109], [2915], [5116], [6493], [55605], [7200], [3760], [11075], [23641], [23076], [10600], [3772], [55342], [64663], [728695], [266743]]
Downs syndrome:[[57453]]
DOWN SYNDROME:[[1827], [25825], [4524], [348], [7157], [351], [7124], [8624], [57453], [7422], [3569], [11123], [3586], [4137], [51227], [3717], [2099], [10311], [84677], [10281], [5243], [3845], [4846], [10231], [4790], [3576], [6647], [2475], [3952], [861], [4313], [2950], [595], [3605], [4780], [1026], [3815], [7515], [5979], [2146], [3565], [5621], [406947], [53820], [2322], [8743], [1588], [2623], [5663], [4552], [23435], [2332], [2068], [875], [257203], [4128], [6285], [23621], [3596], [1586], [1637], [5371], [1859], [1385], [2078], [4297], [6573], [5069], [259234], [7139], [4893], [4548], [268], [3956], [1789], [5228], [174], [80339], [820], [153], [4684], [2690], [100421053], [100420893], [361], [1410], [4830], [8038], [1139], [3718], [3716], [10320], [3925], [326], [2670], [54209], [2934], [10399], [5515], [208], [5423], [7001], [5052], [1910], [4522], [1082], [4287], [6616], [6653], [1137], [4747], [60674], [5978], [2114], [3623], [1136], [1719], [3181], [3856], [4929], [6418], [7314], [2170], [7532], [410], [6948], [406921], [406936], [9619], [2550], [6470], [9588], [8301], [10935], [1374], [9020], [64109], [571], [1826], [23532], [57591], [1376], [794], [6950], [9510], [9782], [3400], [1141], [3037], [6855], [635], [5693], [3028], [1959], [1808], [4831], [6493], [10215], [1627], [619554], [2173], [5063], [6453], [694], [3763], [8867], [10400], [7004], [10459], [5116], [3094], [2551], [7024], [55605], [8078], [2897], [6431], [6576], [1292], [1059], [10272], [5686], [55023], [10989], [4666], [2618], [100302142], [54014], [81609], [5936], [333], [3150], [4722], [1960], [8208], [25902], [60676], [29947], [2689], [51138]]
Down syndrome unspecified:[[7157], [351], [348], [2099], [7422], [7124], [4790], [1026], [595], [5621], [8743], [2332], [5371], [1385], [4297], [4893], [10399], [3716], [2114], [5515], [9020], [208], [4287], [7314], [4929], [694], [6453], [10989], [8208], [10785]]
Syndrome Down:[[3757], [1280], [7157], [114548], [348], [1827], [26585], [3845], [5728], [673], [1281], [64135], [51085], [25825], [8626], [7486], [7490], [7291], [2263], [367], [207], [2706], [1029], [4292], [1540], [2317], [5781], [2033], [3643], [2260], [4436], [1071], [5290], [2261], [57453], [3784], [3123], [4683], [7468], [2200], [5080], [2316], [8624], [64127], [7227], [2492], [51227], [19], [1278], [5604], [6513], [84677], [11123], [3481], [10311], [811], [10281], [3265], [5077], [672], [4089], [6774], [331], [338], [23327], [356], [1277], [10231], [6663], [23405], [4137], [2475], [1788], [57167], [2332], [9968], [2122], [3717], [999], [675], [7456], [4193], [6737], [1387], [7128], [5460], [4851], [1285], [2146], [4893], [355], [8976], [50943], [8091], [1401], [4277], [9401], [3570], [4692], [545], [4286], [5159], [1364], [5594], [10163], [595], [53820], [324], [7124], [257203], [857], [60], [7422], [2697], [1956], [5885], [3569], [3973], [7040], [10062], [4088], [1493], [472], [4524], [7122], [1637], [1588], [2645], [2153], [1910], [259234], [7020], [2099], [867], [7048], [3586], [3664], [4853], [7428], [351], [1452], [4318], [5076], [9370], [5243], [627], [1906], [4790], [5308], [3759], [3553], [3075], [5395], [51196], [1499], [7099], [1287], [4846], [1789], [5621], [3576], [6934], [5468], [7276], [7015], [4204], [6469], [2068], [4544], [7421], [7132], [2737], [6657], [3479], [718], [2247], [100421053], [100420893], [4735], [5743], [4613], [3953], [3952], [3172], [6720], [7852], [3458], [6495], [4297], [958], [3091], [5295], [4128], [4313], [6794], [11200], [2623], [3339], [4323], [10413]]
47 XX +21:[[2099], [627], [23353], [10152]]
47 XY +21:[[367], [1499]]
T21 - Trisomy 21:[[]]
TRISOMY 21:[[2623], [7422], [4524], [351], [4137], [3717], [861], [6647], [5228], [6469], [174], [2078], [197], [875], [8038], [4548], [5069], [10399], [6573], [283], [7012], [1859], [5978], [4772], [1081], [7031], [7033], [2313], [7532], [835], [930], [1291], [7032], [63976], [1292], [6947], [122706], [191585], [10311], [23505], [1637]]
