Allergic drug reaction:[[3106], [1432], [4609], [7124], [1956], [3586], [3569], [7040], [7422], [3105], [7099], [1493], [6532], [3091], [4790], [5243], [4318], [6774], [627], [1401], [4524], [3458], [3576], [958], [596], [6647], [841], [406991], [2475], [3605], [19], [7097], [5594], [2944], [7077], [50943], [332], [3162], [2952], [3565], [999], [4846], [3606], [7421], [1080], [29126], [2212], [5054], [929], [4313], [7098], [3383], [940], [3688], [27178], [4851], [6352], [3146], [90865], [6347], [920], [6696], [5133], [7173], [3725], [4843], [5444], [959], [8600], [718], [6469], [3557], [3627], [7295], [7057], [6280], [6868], [5300], [4842], [7412], [11315], [84868], [6361], [406935], [51311], [406913], [6609], [3676], [64805], [386653], [59340], [22933], [7178], [7100], [60674], [2923], [6590], [406979], [2729], [56300], [10850], [192343]]
Allergic reaction to medication:[[]]
Drug allergy:[[7178]]
Drug hypersensitivity NOS:[[]]
Medicine allergy:[[3107], [2113], [7040], [4524], [7422], [3123], [3106], [22806], [9370], [7099], [3105], [3135], [282617], [1116], [2638], [50616], [79054]]
Allergic reaction to drug:[[3586], [841], [3605], [3565], [406935], [7178], [386653]]
Allergic reaction caused by drug:[[3586], [841], [3605], [3565], [406935]]
Drug Allergies:[[]]
Medication allergy:[[604], [7124], [4524], [1493]]
Hypersensitivities Drug:[[]]
Allergy to drug:[[3559], [2625], [3119], [2113], [3596], [3123], [3106], [3117], [90865], [3586], [4088], [85480], [7124], [7163], [7040], [1493], [3569], [4773], [7422], [4524], [64067], [841], [9370], [26191], [7099], [5905], [3105], [7421], [2212], [3553], [7128], [3458], [3565], [154], [3606], [3605], [7097], [929], [50943], [3690], [177], [114548], [4843], [3958], [5966], [8600], [282617], [356], [1116], [1803], [4842], [2214], [9021], [10631], [133], [729230], [943], [3456], [2641], [5590], [842], [3439], [1524], [7178], [79054], [2736], [967], [6037], [6095], [90], [59340], [387129], [386653], [3915]]
Drug Allergy:[[7178]]
Hypersensitivity Drug:[[3106], [9429], [1557], [1559], [3105], [3123], [7157], [7124], [5781], [6532], [6774], [2625], [672], [2099], [367], [627], [6647], [1312], [2944], [3717], [6531], [2212], [2952], [7099], [2272], [675], [3553], [351], [595], [1636], [4313], [3458], [3146], [1029], [1437], [6441], [4988], [2932], [2908], [142], [6347], [3605], [3119], [3480], [177], [79602], [5133], [4582], [7297], [114548], [3606], [196], [1545], [2247], [695], [718], [4869], [7442], [929], [2260], [3117], [847], [5577], [796], [2056], [9021], [8989], [1025], [3303], [4615], [3939], [864], [10013], [6776], [84868], [10866], [1901], [4915], [2641], [2158], [1394], [64805], [4773], [641], [6335], [6361], [834], [2177], [1591], [7507], [11009], [7100], [3837], [7178], [727897], [148], [79054], [5293], [7177], [5932], [53833], [5366], [3357], [7293], [5266], [386653], [7320], [56852], [2729], [6916], [6569], [5553], [56300], [11274], [7976], [11280], [146], [170679], [192343]]
