Eruption caused by drug:[[1559], [3106], [8091], [7422], [3553], [2950], [2952], [1277], [2944], [3458], [3791], [8600], [3759], [3606], [5133], [3557], [6361]]
Drug eruption:[[2944], [3458], [2952], [2950], [943], [6361]]
Drug-induced rash:[[3106], [7124], [4524], [3586], [2064], [5243], [5468], [3105], [3146], [1557], [5054], [3565], [9429], [1244], [1832]]
Dermatitis Medicamentosa:[[]]
Eruption due to drug:[[1559], [3106], [8091], [7422], [2950], [2944], [2952], [3553], [3458], [1277], [3791], [8600], [3759], [5133], [3606], [3557], [5889], [3552], [943], [6361], [386653]]
Dermatitis Adverse Drug Reaction:[[3106], [3105], [7124], [3586], [7422], [1956], [6532], [5243], [2064], [7099], [6774], [7040], [627], [1493], [2944], [4318], [3458], [3605], [4780], [841], [5468], [2952], [7097], [1026], [3576], [999], [3606], [3162], [7421], [4313], [836], [90865], [50943], [920], [6696], [217], [6352], [3557], [6361], [718], [10135], [5328], [1394], [9], [405]]
Drug rash:[[9429], [1557], [1565], [3106], [1956], [7124], [3586], [5243], [4524], [2064], [673], [5468], [2099], [3105], [1244], [3146], [5054], [3565], [7297], [7249], [943], [1594], [1832], [5004], [5266]]
Drug-induced dermatosis:[[]]
Eruption Drug:[[1559], [3106], [8091], [7422], [2950], [2944], [2952], [3553], [3458], [1277], [3791], [8600], [3759], [5133], [3606], [3557], [5889], [3552], [943], [6361], [386653]]
Eruptions Drug:[[3106], [2950], [2944], [2952], [3105], [7421], [6361], [1832], [406953]]
Dermatitis medicamentosa:[[]]
