Isolated Somatotropin Deficiency Disorder:[[2688], [2690], [3479], [2692], [51738]]
Isolated deficiency of growth hormone in children:[[2688], [2690], [2693], [51738], [3486], [3479], [3952], [7157], [3569], [5054], [7124], [3717], [6774], [3953], [9370], [7422], [79068], [1588], [7421], [3458], [2099], [207], [5468], [5728], [3630], [3480], [6531], [4982], [5626], [999], [6772], [5290], [3815], [5015], [4843], [8600], [1277], [5770], [2778], [860], [26291], [6928], [55636], [9049], [2736], [1021], [3664]]
Isolated GH Deficiency:[[2688], [2690], [2693], [3479], [348], [7157], [3952], [3569], [2692], [5054], [7124], [106128904], [3953], [1956], [9370], [7422], [7421], [6774], [367], [51738], [4790], [7097], [2064], [4846], [1636], [3576], [5449], [3717], [7852], [4023], [3486], [3480], [5626], [2778], [4982], [6531], [3690], [1565], [1432], [1277], [10], [8600], [6473], [5770], [4221], [26291], [9049], [8091], [2691], [3814], [5048], [7498], [57521], [8820], [3694], [3547], [55717]]
Lorain - Levi dwarfism:[[]]
Pituitary nanism:[[]]
Isolated HGH Deficiency:[[2688], [3479], [5054], [1588], [2690], [7422], [351], [5449], [51738], [3486], [3146], [1565], [10], [1277], [1788], [5327], [7498], [57521]]
Lorain-Levi dwarfism:[[]]
Hyposomatotrophic Dwarfism:[[]]
Pituitary Nanism:[[]]
Growth Hormone Deficiency Dwarfism:[[]]
Isolated Somatotropin Deficiency:[[2688], [2690], [3479], [2692], [51738]]
Hypopituitary dwarfism:[[]]
Isolated growth hormone deficiency:[[2688], [2692], [2693], [2690], [51738], [108004536], [105980078], [5449], [3486], [2691], [3479], [3952], [7157], [3717], [3569], [5054], [6774], [1588], [7124], [695], [106128904], [1956], [3953], [9370], [2099], [7422], [7421], [207], [5728], [3458], [7018], [5626], [5290], [999], [5468], [5015], [55599], [3630], [6772], [6531], [3480], [4982], [3815], [2778], [79068], [1277], [5770], [4843], [8600], [860], [8091], [55636], [5327], [26291], [9049], [2736], [6426], [6928], [1021], [3664], [8820], [3547]]
Isolated Human Growth Hormone Deficiency:[[2688], [3479], [2690], [6774], [7018], [5449], [999], [2693], [3486], [1277], [5770], [106128904]]
Isolated deficiency of growth hormone:[[2688], [2692], [2693], [2690], [51738], [108004536], [105980078], [5449], [3486], [2691], [3479], [3952], [7157], [3717], [3569], [5054], [6774], [1588], [7124], [695], [106128904], [1956], [3953], [9370], [2099], [7422], [7421], [207], [5728], [3458], [7018], [5626], [5290], [999], [5468], [5015], [55599], [3630], [6772], [6531], [3480], [4982], [3815], [2778], [79068], [1277], [5770], [4843], [8600], [860], [8091], [55636], [5327], [26291], [9049], [2736], [6426], [6928], [1021], [3664], [8820], [3547]]
Pituitary dwarfism:[[2692]]
Hyposomatotropic dwarfism:[[124583], [2688], [59341], [2261], [5116], [140821], [6772], [10908], [1280], [2690], [5335], [7518], [100151683], [6473], [6781], [3981], [2692], [10733], [51053], [1062], [3092], [2691], [9821], [11284], [4998], [51574], [372], [10293], [9026], [286053], [9791], [25914], [25886], [9419], [10785]]
Prepuberal dwarfism:[[124583], [2688], [59341], [2261], [5116], [140821], [6772], [10908], [1280], [2690], [5335], [7518], [100151683], [6473], [6781], [3981], [2692], [10733], [51053], [1062], [3092], [2691], [9821], [11284], [4998], [51574], [372], [10293], [9026], [286053], [9791], [25914], [25886], [9419], [10785]]
Lorain-Levi short stature:[[]]
Pituitary Dwarfism:[[2692]]
Prepubertal dwarfism:[[2690], [6473]]
Isolated Growth Hormone Deficiency:[[2688], [2692], [2693], [2690], [51738], [108004536], [105980078], [5449], [3486], [2691], [3479], [3952], [7157], [3717], [3569], [5054], [6774], [1588], [7124], [695], [106128904], [1956], [3953], [9370], [2099], [7422], [7421], [207], [5728], [3458], [7018], [5626], [5290], [999], [5468], [5015], [55599], [3630], [6772], [6531], [3480], [4982], [3815], [2778], [79068], [1277], [5770], [4843], [8600], [860], [8091], [55636], [5327], [26291], [9049], [2736], [6426], [6928], [1021], [3664], [8820], [3547]]
