Short stature:[[6473], [6474], [114890], [51109], [2688], [2690], [10371], [650], [2693], [4882], [3479], [3106], [7518], [5295], [7124], [5426], [367], [2261], [3480], [2099], [3952], [51738], [3784], [8091], [59341], [7421], [3845], [7086], [1080], [79977], [5781], [176], [2146], [3717], [51594], [4054], [54496], [23404], [1801], [89884], [1756], [372], [3486], [3077], [9922], [9469], [3953], [4204], [26100], [145258], [26229], [29980], [93587], [2200], [25886], [5111], [9419], [26224], [80152], [7291], [3265], [84919], [25914], [3481], [222663], [2768], [1589], [9021], [5777], [54517], [84068], [4322], [5770], [64412], [5744], [494324], [84265], [1513], [253461], [60676], [2692], [7067], [1300], [3483], [7468], [5932], [4880], [54], [2767], [3911], [3549], [8835], [4173], [57492], [6023], [4134], [8242], [10084], [9820], [6626], [64131], [4784], [29123], [64116], [23111], [1327], [10847], [2188], [2972], [63895], [29986], [3149], [196528], [27125], [27173], [170691], [254394], [51763], [57176], [51780], [81794], [10352], [107652445], [9871], [108410391], [108383238], [108383236], [108383235], [108383234], [51025], [92344], [108410392], [344018], [6913], [10283], [63901], [84942], [340665], [108353832], [108353830], [108353831], [108004536], [105980078], [108251803], [108251802], [108449887], [108004544], [108004543], [109286569]]
Pure dwarfism:[[2261]]
Constitutional dwarfism:[[]]
Severe short stature:[[3106], [2688], [2690], [2261], [10371], [3479], [650], [7124], [4204], [3953], [3952], [2099], [5295], [7518], [367], [7421], [3480], [3784], [1080], [51738], [4054], [3481], [8091], [59341], [1756], [3717], [3845], [5781], [3486], [176], [3077], [2200], [89884], [372], [1589], [3265], [26229], [29980], [7291], [80152], [9021], [4322], [5770], [5744], [1513], [2692], [60676], [7067], [1300], [3911], [3483], [54], [5932], [4880], [344018], [6023], [4134], [64131], [29123], [2188], [64116], [23111], [2972], [10352], [92344], [63901], [84942]]
Normal dwarfism:[[2688], [59341], [2261], [5116], [6772], [2690], [1280], [5335], [2692], [6781], [3981], [10733], [51053], [3092], [2691], [286053], [25914]]
Constitutional short stature:[[2693], [3479], [3952], [51738], [3845], [3717], [3483]]
Dwarfism:[[124583], [2688], [59341], [2261], [5116], [140821], [6772], [10908], [1280], [2690], [5335], [7518], [100151683], [6473], [6781], [3981], [2692], [10733], [51053], [1062], [3092], [2691], [9821], [11284], [4998], [51574], [372], [10293], [9026], [286053], [9791], [25914], [25886], [9419], [10785]]
Short stature disorder:[[6473], [2688], [2690], [10371], [650], [3479], [7124], [3845], [2693], [4882], [2099], [3952], [3106], [51738], [7518], [1756], [367], [7421], [3486], [51594], [54517], [5111], [1080], [3717], [3784], [9922], [26100], [59341], [26224], [2768], [4204], [3077], [4784], [5781], [176], [372], [3953], [9469], [3481], [2200], [26229], [7291], [222663], [9021], [63895], [60676], [2692], [1300], [10352], [4880], [3549], [2767], [57492], [8835], [29123], [10847], [2188], [57176], [9871], [84942], [108251803], [108251802], [108004544], [108004543]]
Extreme short stature:[[3479], [3106], [7124], [367], [3480], [2099], [3952], [3784], [3953], [25886], [8835], [9021]]
Nanism:[[4591], [4879], [4878], [5830]]
Short stature extreme:[[3479], [3106], [7124], [367], [3480], [2099], [3952], [3784], [3953], [25886], [8835], [9021]]
Short stature severe:[[3106], [2688], [2690], [2261], [10371], [3479], [650], [7124], [4204], [3953], [3952], [2099], [5295], [7518], [367], [7421], [3480], [3784], [1080], [51738], [4054], [3481], [8091], [59341], [1756], [3717], [3845], [5781], [3486], [176], [3077], [2200], [89884], [372], [1589], [3265], [26229], [29980], [7291], [80152], [9021], [4322], [5770], [5744], [1513], [2692], [60676], [7067], [1300], [3911], [3483], [54], [5932], [4880], [344018], [6023], [4134], [64131], [29123], [2188], [64116], [23111], [2972], [10352], [92344], [63901], [84942]]
True dwarf:[[]]
Normal dwarf:[[]]
Physiologic dwarfism:[[]]
Dwarfism proportionate:[[2261]]
Pure dwarf:[[]]
Nanosomia:[[]]
Primordial dwarfism:[[5116], [100151683], [7518], [3981], [10733], [51053], [1062], [4998], [11284], [51574], [10293], [286053], [25914], [25886], [9419], [10785]]
True dwarfism:[[]]
Proportionate dwarfism:[[2261]]
