Infective diarrhoea:[[]]
Infectious diarrhoeal disease:[[]]
Dysenteric diarrhoea:[[6532], [1080], [54658], [998], [1113], [6279], [2524], [6550], [1811], [2984], [8694], [50674], [30010]]
Infectious Diarrheal Diseases:[[1080]]
Dysenteric diarrhea:[[50943], [348], [7124], [1956], [2064], [4072], [3586], [3576], [4318], [9370], [5243], [627], [3952], [5743], [7099], [1080], [54658], [920], [1811], [3119], [6550], [9429], [10653], [51738], [64127], [5621], [929], [2984], [4982], [4869], [56729], [2778], [3315], [50674], [6280], [5315], [8694], [2065], [7442], [3767], [4057], [2264], [4803], [3575], [7482], [773], [29110], [1806], [6777], [54210], [1072], [6863], [7439], [5052], [10257], [3718], [406950], [6337], [3938], [7187], [406911], [7414], [9966], [4925], [2524], [1364], [83483], [9965], [3359], [6338], [5029], [4638], [5873], [6523], [64581], [2525], [1158], [4508], [5028], [7122], [6340], [9075], [81704], [7361], [6813], [152831], [4645], [406978], [2863], [55898], [56479], [6560], [9073], [3669], [5651], [9652], [4509], [24146], [23315], [51028], [105371045], [7016], [285242], [55765], [116328], [115253417], [192343]]
Infectious diarrhoea:[[1080]]
Infectious diarrhea:[[348], [7124], [50943], [1956], [7099], [3576], [3586], [5743], [3952], [1080], [920], [5621], [929], [64127], [4982], [6280], [5315], [4057], [3575], [54210], [9966], [5029], [3669]]
Infectious Diarrheal Disease:[[1080]]
Dysentery:[[3576], [10054]]
Infectious diarrheal disease:[[1080]]
Infective diarrhea:[[3576], [7099], [54210], [83483]]
