Specific reading difficulty:[[7157], [6622], [5925], [5080], [1312], [1813], [2332], [6606]]
Reading Disorders:[[]]
Dyslexia learning disturbance:[[]]
Reading Disorder:[[2904], [51473], [9801], [406874]]
Specific reading retardation:[[2332], [7157], [8242], [7422], [627], [5080], [4208], [170302], [672], [1756], [51738], [2904], [1654], [55906], [7182], [2157], [3077], [2155], [2316], [26040], [6487], [1734], [259266], [10445]]
Word Blindness:[[]]
Word Blindnesses:[[]]
Dyslexia:[[161582], [9856], [1867], [406874], [11192], [474159], [171089], [266691], [1813], [108684022], [5046], [2904], [1020], [5649], [51473], [23327], [93986], [84700], [6091], [26047], [1173], [79158], [6938], [6853], [4645], [8817], [5989], [79932], [5013], [84572], [27328], [9914], [9801], [51172], [27115], [6936], [55856], [23181], [10505], [54816], [100533483]]
Word blindness:[[]]
Dyslexias:[[]]
Reading disorder:[[2904], [51473], [9801], [406874]]
