Ebstein Malformation:[[]]
Ebstein Anomaly:[[4625], [2316], [7168], [4841]]
Ebstein anomaly of tricuspid valve:[[]]
Malformation Ebstein's:[[]]
Ebstein's anomaly of tricuspid valve:[[]]
Ebsteins Malformation:[[5290], [1749], [2050], [3569], [83605], [3845], [5921], [8626], [7979], [7157], [7422], [1956], [4524], [6463], [889], [3091], [4318], [6774], [367], [673], [627], [3553], [1499], [2475], [1080], [999], [171157], [100049542], [100270800], [791123], [791121], [4313], [3605], [140706], [2950], [4851], [2706], [3688], [4288], [5879], [3958], [7490], [2033], [6772], [1277], [4843], [4659], [6513], [3757], [6657], [861], [2697], [1471], [4314], [10203], [1116], [7480], [2022], [2034], [1385], [7431], [285], [5080], [2200], [23405], [5159], [6285], [7057], [7048], [22943], [26226], [4160], [5172], [5566], [10617], [6662], [5604], [652], [7474], [6464], [5155], [3673], [153842], [361], [23499], [4548], [2776], [2904], [6928], [7010], [4552], [51776], [8289], [1281], [2626], [8945], [57165], [9839], [11235], [51129], [5649], [7248], [1436], [5077], [10381], [7020], [3675], [1482], [4040], [5076], [57167], [3708], [5154], [3651], [1131], [2296], [4855], [94], [3339], [2737], [10000], [4208], [7846], [90], [63916], [5048], [10298], [58157], [5015], [7468], [3549], [2273], [9722], [5296], [5648], [7050], [658], [8573], [9622], [64321], [4091], [10970], [4881], [56006], [2775], [649], [27436], [56339], [3766], [4053], [3239], [2173], [9289], [51684], [265], [8481], [4215], [9181], [3110], [7545], [7405], [26154], [5567], [7546], [5816], [4774], [157680], [6299], [3954], [10054], [57465], [57211], [3215], [347733], [6496], [4038], [9896], [51765], [6328], [10736], [6911], [8216], [7477], [2301], [1780], [3975], [56623], [374654], [583], [2187], [55997], [338917], [11146], [7469], [79738], [6468], [80144], [2299], [55681], [85416]]
EBSTEIN ANOMALY:[[4625], [2316], [7168], [4841]]
Ebsteins anomaly:[[]]
Ebstein anomaly:[[4625], [2316], [7168], [4841]]
Ebstein's Anomaly:[[4625], [55295]]
Ebstein's malformation of tricuspid valve:[[]]
Ebstein's anomaly:[[4625], [55295]]
Ebsteins Anomaly:[[]]
