Anhydrotic Ectodermal Dysplasia X Linked:[[]]
Hypohidrotic X-linked ectodermal dysplasia:[[1896], [10913], [8517]]
Anhidrotic Ectodermal Dysplasia X Linked:[[1896], [1536], [8517], [4790], [7189], [4792], [6885], [653361], [10913]]
CST - Christ-Siemens-Touraine syndrome:[[]]
ECTD1:[[1896]]
XHED:[[1896]]
ECTODERMAL DYSPLASIA 1 HYPOHIDROTIC X-LINKED:[[1896], [8517], [10913]]
Ectodermal Dysplasia 1s:[[7189]]
Syndromes CST:[[7015], [25913]]
ED1:[[1896], [10913]]
Hypohidrotic Ectodermal Dysplasia:[[10913], [1896], [128178], [8517], [1474], [126695]]
Ectodermal Dysplasia Hypohidrotic X-Linked:[[1896], [10913], [8517]]
Ectodermal Dysplasia Anhidrotic X-Linked:[[1896], [10913], [8517], [1536], [4790], [7189], [653361]]
X Linked Hypohydridic Ectodermal Dysplasia:[[1896], [60401], [1536], [8517], [10804], [10913], [2706], [4790], [387], [7189], [4792], [7187], [6885], [1147], [653361], [1001]]
Ectodermal Dysplasia 1:[[1896], [10913], [8517], [4790], [5818], [8626], [6786], [7189], [10804], [653361], [6885], [84876], [1147], [1913], [5317], [7187], [23118], [1001], [4792], [128178], [81607], [83999], [387], [126695], [64065], [5587], [2706], [101101769], [101101768], [79977], [101101771], [101101770], [100505394], [1914], [60401], [1536], [1474], [3229], [1832], [8313], [3861], [3891], [80326], [54084], [121391], [7278]]
HED1:[[1896]]
ECTODERMAL DYSPLASIA 1 HYPOHIDROTIC/HAIR/TOOTH TYPE X-LINKED:[[10913]]
X-Linked Hypohydridic Ectodermal Dysplasia:[[1896], [10804], [8517], [10913], [2706], [1536], [60401], [4790], [7189], [7187], [653361]]
Christ-Siemens-Touraine Syndrome:[[]]
ECTODERMAL DYSPLASIA 1:[[1896], [10913], [8517], [4790], [5818], [8626], [6786], [7189], [10804], [653361], [6885], [84876], [1147], [1913], [5317], [7187], [23118], [1001], [4792], [128178], [81607], [83999], [387], [126695], [64065], [5587], [2706], [101101769], [101101768], [79977], [101101771], [101101770], [100505394], [1914], [60401], [1536], [1474], [3229], [1832], [8313], [3861], [3891], [80326], [54084], [121391], [7278]]
ECTODERMAL DYSPLASIA ANHIDROTIC X-LINKED:[[1896], [10913], [8517], [1536], [4790], [7189], [653361]]
Ectodermal Dysplasia 1 Anhidrotic:[[10913], [1896], [8517], [4790], [7189], [653361], [6885], [23118], [4792], [1536]]
Christ Siemens Touraine Syndrome:[[]]
CHRIST-SIEMENS-TOURAINE SYNDROME:[[]]
Syndrome CST:[[80169], [79991], [7015], [51738], [1113], [7158]]
XLHED:[[1896], [54106]]
Anhydrotic Ectodermal Dysplasia X-Linked:[[]]
Hypohidrotic ectodermal dysplasia syndrome:[[1896], [8517], [1474]]
Christ-Siemens-Touraine syndrome:[[]]
EDA1:[[1896], [128178]]
EDA:[[1896], [10913], [60401], [7040], [7099], [2335], [4313], [836], [3688], [5591], [545], [6597], [84876], [2492], [558], [8517], [2066], [249], [5045], [5376], [5292], [3676], [7039], [1136], [4487], [4486], [5350], [25942], [10253], [8313], [5083], [187], [7706], [7343], [80326], [5739], [55630], [9775], [4118], [719], [81848], [3680], [9739], [1105], [4300], [10527], [5411], [64116], [27202], [3581], [23566], [8546], [11113], [2556], [527], [2012], [23524], [6196], [10921], [27125], [10768], [25792], [23352], [114882], [51747], [2014], [1144], [64175], [26985], [30827], [26155], [6726], [10491], [92345], [2823], [8120], [203547], [55340], [57703], [128178], [1534], [9360], [56704], [55214], [170572], [9806], [10283], [80856], [56888], [22845], [81544], [84078], [83590], [25957], [23484], [58505], [10947], [51368], [133482], [26984], [55238], [613212], [29880], [84629], [2844], [10712], [757], [353174], [56134], [59271], [57185], [85025], [131616], [503497], [202459], [192343]]
CST SYNDROME:[[80169], [79991], [7015], [51738], [1113], [7158]]
ECTODERMAL DYSPLASIA HYPOHIDROTIC 1:[[10913], [1896], [8517], [128178], [126695], [1474]]
Ectodermal Dysplasia 1 Anhydrotic:[[6786], [84876]]
