Edema unspecified:[[7422], [6774], [348], [7124], [3091], [5468], [3791], [2908], [355], [2335], [5241], [2321], [3667], [773], [7010], [2], [2324], [94], [1903]]
Interstitial edema:[[7422], [3569], [3091], [4318], [7124], [7099], [1401], [6774], [5243], [5468], [4879], [4137], [4851], [185], [183], [3162], [50943], [177], [650], [2335], [6469], [7076], [90865], [5241], [3371], [4314], [2034], [5328], [1585], [7474], [3663], [8862], [4306], [7010], [653509], [360], [6737], [6361], [51750], [23515]]
Interstitial oedema:[[3569], [7422], [4879], [2697], [682], [285]]
Oedema:[[7422], [3569], [1636], [4879], [154], [1906], [682], [2697], [285], [5228], [358], [6833], [773], [710], [1558], [554], [23418]]
Hydrops:[[2050], [50943], [867], [7273], [3040], [23395], [2324], [5921], [118], [554], [2303], [9780], [477], [2821], [6901], [5373], [10203], [201294], [10483], [6138], [6888], [124583], [147372], [146059], [79731], [4556]]
Edema:[[7422], [1636], [348], [3569], [7124], [4318], [4846], [3091], [6774], [1401], [7099], [5243], [1080], [4879], [5468], [6532], [4137], [1906], [2908], [6647], [4851], [2153], [3162], [355], [50943], [361], [3135], [4255], [183], [177], [3791], [3309], [185], [3557], [358], [3039], [650], [2335], [5241], [2321], [4353], [4314], [2034], [356], [7076], [90865], [796], [6469], [378938], [3667], [5328], [6285], [22943], [3303], [1585], [7474], [5228], [5428], [5176], [5327], [94025], [7078], [1509], [3371], [2670], [773], [659], [8862], [406992], [4306], [6833], [6010], [655], [5972], [3663], [2], [7010], [710], [2161], [51129], [7439], [2324], [362], [624], [653509], [1282], [8660], [406950], [360], [6337], [4773], [54583], [51196], [476], [94], [6737], [4868], [2303], [1364], [10411], [6361], [2271], [9780], [2357], [128240], [6338], [406919], [2931], [23657], [6750], [1376], [7850], [23418], [407011], [6340], [5576], [3915], [10097], [79147], [3766], [566], [3209], [51750], [10096], [1903], [9788], [86], [84168], [98], [3614], [2937], [28982], [55739], [1296], [2258], [51478], [27306], [2859], [22999], [23515], [5051]]
Dropsy:[[]]
Edematous:[[1956], [2099], [3162], [338], [3827]]
Oedema - lesion:[[7422], [3569], [1636], [4879], [1906], [682], [358]]
Edema - lesion:[[7422], [348], [3569], [7124], [1636], [4318], [4846], [1401], [6774], [7099], [5243], [4879], [1080], [6532], [4137], [50943], [1906], [4255], [3135], [361], [183], [185], [358], [3557], [7076], [4314], [5328], [6285], [6469], [94025], [2670], [3371], [7439], [1282], [406950], [360], [407011], [86]]
Oedematous:[[22943]]
