Danlos disease:[[1281], [1278], [1277], [1289], [1634], [7048], [1589], [1290], [7148], [6615], [7273], [2316], [3484], [5351], [9839], [715], [716], [3611], [165], [55033], [91252], [1291], [5352], [126792], [1303], [11178], [50509], [1590]]
Ehlers Danlos Disease:[[]]
Ehlers-Danlos syndrome:[[1281], [1277], [1278], [1289], [7148], [791254], [715], [1290], [5351], [716], [165], [11285], [55033], [113189], [29940], [9509], [91252], [126792], [6615], [7048], [1589], [2316], [7273], [3611], [3484], [9839], [1634], [1291], [5352], [63895], [1303], [8985], [11178], [50509], [1590], [9719], [106780804], [106780803]]
Ehlers Danlos Syndrome:[[1281], [1277], [1278], [1289], [7148], [791254], [715], [1290], [5351], [716], [165], [11285], [55033], [113189], [29940], [9509], [91252], [126792], [6615], [7048], [1589], [2316], [7273], [3611], [3484], [9839], [1634], [1291], [5352], [63895], [1303], [8985], [11178], [50509], [1590], [9719], [106780804], [106780803]]
Ehlers-Danlos syndromes:[[1277], [165], [55033], [2316], [7273]]
Cutis hyperelastica dermatorrhexis:[[10516], [2006], [2263], [5831], [5832], [538], [23545], [4869], [2322], [2778], [30008], [8425], [3691], [523], [529], [10457], [54453], [9790], [2677], [1893], [10054], [92344]]
Cutis Elastica:[[]]
Hereditary collagen dysplasia:[[1277], [1302], [7157], [7040], [2697], [59341], [999], [4318], [2475], [2022], [3553], [3845], [7421], [4089], [7422], [7124], [3569], [185], [5925], [5054], [2157], [960], [7048], [2064], [2099], [1499], [3479], [3576], [5728], [4072], [7015], [4088], [1508], [3717], [5290], [3082], [5645], [861], [4763], [2155], [4282], [4982], [1027], [581], [8842], [9518], [7077], [4087], [567], [284], [133], [1834], [2934], [1536], [23022]]
Meekeren-Ehlers-Danlos syndrome:[[1281], [1278], [1277], [791254], [1289], [2316], [1290], [7148], [715], [5351], [113189], [716], [11285], [165], [63895], [55033], [126792], [7048], [91252], [29940], [9509], [9839], [5352], [1589], [3484], [6615], [7273], [3611], [1634], [1291], [1303], [8985], [11178], [50509], [1590], [106780804], [106780803], [9719]]
Ehlers-Danlos syndrome unspecified:[[7048], [2316], [7273], [3611]]
Fibrodysplasia elastica generalisata:[[]]
Cutis hyperelastica:[[10516], [2006], [2263], [5831], [5832], [538], [23545], [4869], [2322], [2778], [30008], [8425], [3691], [523], [529], [10457], [54453], [9790], [2677], [1893], [10054], [92344]]
Ehlers-Danlos Disease:[[]]
Syndrome Ehlers-Danlos:[[1281], [1278], [1277], [791254], [1289], [2316], [7148], [1290], [715], [5351], [716], [113189], [165], [11285], [55033], [126792], [29940], [9509], [91252], [63895], [7048], [9839], [5352], [1589], [3484], [6615], [7273], [3611], [1634], [1291], [1303], [8985], [11178], [50509], [1590], [106780804], [106780803], [9719]]
India rubber skin:[[]]
Dystrophia mesodermalis congenita:[[]]
Cutis elastica:[[]]
