Encephaloceles:[[]]
Cranium Bifidum:[[60529]]
Congenital cerebral hernia:[[]]
Encephalocele unspecified:[[]]
Cephaloceles:[[]]
Hernia Cerebral:[[348], [4318], [7040], [1636], [4879], [4313], [367], [183], [177], [338], [23411], [335], [3082], [4843], [4312], [6469], [6935], [1281], [345], [5327]]
Encephalocele:[[2346], [7020], [7050], [57822], [60529], [79848], [257], [64795], [126820]]
Hernias Cerebral:[[3146], [1277]]
Craniums Bifid:[[2260], [2316], [5727], [6716], [2737], [783], [10948], [158326]]
Cranium Bifidums:[[60529]]
Cranium Bifid:[[]]
Cranioceles:[[]]
Meningoencephaloceles Cranial:[[7157], [3845], [3091], [673], [627], [7291], [5468], [3479], [7852], [2263], [8626], [6387], [652], [4088], [2778], [3725], [2247], [5156], [4323], [4288], [7048], [139285], [6285], [5578], [5781], [2065], [7046], [650], [4087], [7042], [6598], [5617], [3664], [7020], [5727], [668], [5079], [55636], [5376], [9839], [1399], [406910], [4162], [4359], [6495], [5168], [10392], [2304], [4838], [2131], [4487], [29072], [116], [7432], [9353], [4488], [79648], [6781], [6899], [602], [55165], [79977], [9775], [4882], [1959], [55145], [3638], [56288], [5500], [3198], [8614], [3980], [6605], [2249], [4325], [5396], [9820], [2674], [9098], [6909], [6452], [27173], [1746], [10736], [1123], [51715], [9687], [2295], [9742], [6586], [7484], [57728], [2675], [51804], [51763], [10584], [6913], [84570], [257], [4762], [10265], [6585], [81034], [57589], [110121247], [192343]]
Craniocele:[[]]
Cranium bifidum:[[60529]]
Cephalocele:[[]]
Meningoencephalocele Cranial:[[7157], [3845], [3091], [673], [627], [7291], [5468], [3479], [7852], [2263], [8626], [6387], [652], [4088], [2778], [3725], [2247], [5156], [4323], [4288], [7048], [139285], [6285], [5578], [5781], [2065], [7046], [650], [4087], [7042], [6598], [5617], [3664], [7020], [5727], [668], [5079], [55636], [5376], [9839], [1399], [406910], [4162], [4359], [6495], [5168], [10392], [2304], [4838], [2131], [4487], [29072], [116], [7432], [9353], [4488], [79648], [6781], [6899], [602], [55165], [79977], [9775], [4882], [1959], [55145], [3638], [56288], [5500], [3198], [8614], [3980], [6605], [2249], [4325], [5396], [9820], [2674], [9098], [6909], [6452], [27173], [1746], [10736], [1123], [51715], [9687], [2295], [9742], [6586], [7484], [57728], [2675], [51804], [51763], [10584], [6913], [84570], [257], [4762], [10265], [6585], [81034], [57589], [110121247], [192343]]
