Oxyuris vermicularis Infections:[[]]
Infection Enterobius vermicularis:[[]]
threadworm infection:[[6774], [7157], [3459], [3107], [282617], [1956], [7124], [348], [7422], [3569], [7040], [4524], [3091], [3586], [3115], [4318], [9370], [1401], [207], [3123], [4790], [7421], [3553], [1029], [5743], [7099], [1080], [3576], [2064], [7015], [5243], [3106], [999], [2475], [29110], [29126], [596], [5468], [7852], [3458], [351], [920], [1499], [3570], [4193], [1234], [6347], [3605], [4313], [406991], [7097], [5594], [960], [1493], [1636], [3105], [6387], [3146], [3119], [2099], [3952], [78996], [3162], [5970], [2944], [4609], [3383], [3845], [355], [4846], [50943], [3606], [5054], [3479], [3135], [1432], [3565], [5728], [51738], [857], [3688], [64127], [5133], [836], [5925], [1026], [4879], [4153], [3958], [8743], [3934], [3557], [3690], [4137], [472], [4282], [4780], [5290], [114548], [406938], [929], [6696], [101180976], [6772], [4843], [581], [627], [406947], [4582], [6648], [332], [54106], [2952], [3558], [6622], [6532], [6647], [23411], [4851], [3309], [6352], [595], [3572], [3627], [1312], [7098], [6714], [59272], [2950], [3117], [3596], [338], [90865], [404716], [57789], [7910], [5444], [5599], [100507436], [5879], [796], [7450], [5595], [4312], [142], [1950], [60489], [1557], [3725], [3620], [5806], [4233], [7332], [3661], [57817], [3593], [5747], [255738], [2212], [10673], [53366], [3077], [5371], [177], [3120], [2908], [356], [4049], [5027], [1012], [2146], [1803], [3075], [2903], [2100], [3689], [4170], [23586], [5621], [3659], [4615], [5265], [9021], [2153], [55745], [841], [1906], [5903], [729230], [387], [10461], [4353], [2309], [30835], [5478], [3559], [154], [3953], [2706], [2147]]
Infection caused by Enterobius vermicularis:[[]]
Pinworm disease:[[]]
Pinworm infection:[[]]
Pinworm Infections:[[]]
Enterobiosis:[[]]
Pinworm Infection:[[]]
Oxyuris vermicularis infection:[[]]
Infections Enterobius vermicularis:[[]]
pinworm infection:[[]]
Enterobiasis - threadworm:[[]]
Oxyuris vermicularis Infection:[[]]
Threadworm infection:[[6774], [7157], [3459], [3107], [282617], [1956], [7124], [348], [7422], [3569], [7040], [4524], [3091], [3586], [3115], [4318], [9370], [1401], [207], [3123], [4790], [7421], [3553], [1029], [5743], [7099], [1080], [3576], [2064], [7015], [5243], [3106], [999], [2475], [29110], [29126], [596], [5468], [7852], [3458], [351], [920], [1499], [3570], [4193], [1234], [6347], [3605], [4313], [406991], [7097], [5594], [960], [1493], [1636], [3105], [6387], [3146], [3119], [2099], [3952], [78996], [3162], [5970], [2944], [4609], [3383], [3845], [355], [4846], [50943], [3606], [5054], [3479], [3135], [1432], [3565], [5728], [51738], [857], [3688], [64127], [5133], [836], [5925], [1026], [4879], [4153], [3958], [8743], [3934], [3557], [3690], [4137], [472], [4282], [4780], [5290], [114548], [406938], [929], [6696], [101180976], [6772], [4843], [581], [627], [406947], [4582], [6648], [332], [54106], [2952], [3558], [6622], [6532], [6647], [23411], [4851], [3309], [6352], [595], [3572], [3627], [1312], [7098], [6714], [59272], [2950], [3117], [3596], [338], [90865], [404716], [57789], [7910], [5444], [5599], [100507436], [5879], [796], [7450], [5595], [4312], [142], [1950], [60489], [1557], [3725], [3620], [5806], [4233], [7332], [3661], [57817], [3593], [5747], [255738], [2212], [10673], [53366], [3077], [5371], [177], [3120], [2908], [356], [4049], [5027], [1012], [2146], [1803], [3075], [2903], [2100], [3689], [4170], [23586], [5621], [3659], [4615], [5265], [9021], [2153], [55745], [841], [1906], [5903], [729230], [387], [10461], [4353], [2309], [30835], [5478], [3559], [154], [3953], [2706], [2147]]
Enterobiases:[[]]
Infection by Enterobius vermicularis:[[]]
Enterobiasis:[[]]
