Pseudomembranous Enterocolitis:[[]]
Necrotising enterocolitis:[[10747]]
Necrotizing enterocolitis:[[7099], [7422], [7124], [3569], [7040], [4790], [3576], [3605], [4879], [50943], [857], [64127], [4282], [4153], [929], [1950], [4314], [56729], [3481], [196], [90865], [149233], [4057], [3551], [3566], [1673], [4092], [2169], [1839], [112744], [55054], [406933], [11082], [55894], [728], [6283], [23643], [1373], [9075], [554210], [2760], [59307], [84666], [100302276]]
Pseudomembranous enterocolitis in newborn:[[]]
Clostridium difficile colitis:[[7124], [3569], [7422], [7099], [3576], [3091], [596], [6556], [3565], [5970], [6280], [5879], [3953], [581], [3627], [598], [246778], [51561], [7100], [10563], [3304], [1670]]
Perinatal necrotizing enterocolitis:[[7099], [7124], [3569], [7422], [7040], [3576], [4879], [4153], [1950]]
NEC - Necrotizing enterocolitis:[[7099], [7422], [4790], [3576], [3605], [4282], [4153], [149233], [3566], [1673], [112744], [2169], [6283], [1373], [100302276]]
Necrotising enterocolitis in foetus OR newborn:[[4524], [135935], [7422], [348], [3586], [3569], [9370], [84072], [3091], [1294], [1636], [3553], [5243], [1401], [627], [402381], [1080], [3576], [3952], [3458], [7099], [4846], [1312], [6532], [4879], [7097], [2706], [5444], [6347], [2908], [2153], [3146], [3565], [3162], [1565], [154], [142], [5979], [51738], [836], [3630], [79068], [1543], [1906], [6667], [6531], [2332], [4023], [4282], [54106], [54658], [6331], [5241], [213], [2321], [5781], [1756], [10891], [56729], [3481], [4988], [7132], [7098], [2056], [1545], [356], [59272], [2294], [846], [3593], [796], [5228], [2212], [5624], [6927], [3767], [7253], [540], [4057], [5159], [3570], [5053], [7077], [820], [7341], [4627], [153], [2149], [551], [2316], [4973], [6256], [2289], [7080], [6833], [1673], [350], [1394], [6716], [4306], [2623], [84557], [6446], [6439], [3691], [4352], [2668], [2246], [383], [3251], [7356], [7100], [1282], [6607], [2548], [406933], [3047], [6584], [215], [6440], [3440], [21], [4868], [116], [2592], [5009], [10644], [55908], [34], [55894], [52], [1374], [5564], [6523], [50506], [10661], [6957], [4880], [1644], [5266], [4952], [1158], [140], [5314], [9002], [554210], [31], [2581], [2138], [384], [6614], [4143], [5805], [23522], [8036], [285362], [8854], [56922], [4519], [29789], [11021], [11216], [9152], [2593], [64087], [6707], [3535], [7780], [8456], [57018], [36], [64759], [3242], [23417], [83483], [9791], [405753], [79827], [80308], [23233], [85459], [221908]]
Pseudomembranous colitis:[[]]
Necrotizing enterocolitis in fetus OR newborn:[[7422], [4524], [135935], [348], [7040], [3586], [3576], [3569], [9370], [84072], [3091], [1294], [1636], [3553], [5243], [1401], [627], [402381], [1080], [3952], [3458], [7099], [4846], [1312], [6532], [4879], [7097], [2706], [50943], [5444], [6347], [2908], [2153], [3146], [3565], [3162], [1565], [154], [142], [5979], [51738], [836], [3630], [79068], [1543], [1906], [6667], [6531], [2332], [56729], [4023], [4282], [54106], [54658], [6331], [5241], [213], [2321], [5781], [1756], [10891], [3481], [4988], [7132], [7098], [2056], [1545], [356], [59272], [2294], [4057], [846], [3593], [796], [5228], [2212], [5624], [6927], [3767], [7253], [540], [5159], [3570], [5053], [7077], [820], [7341], [4627], [153], [2149], [551], [2316], [4973], [6256], [2289], [7080], [6833], [1673], [350], [1394], [6716], [4306], [2623], [84557], [6446], [6439], [3691], [4352], [2668], [2246], [383], [3251], [7356], [7100], [1282], [6607], [2548], [406933], [3047], [6584], [215], [6440], [3440], [21], [4868], [116], [2592], [5009], [10644], [55908], [34], [55894], [52], [1374], [5564], [6523], [50506], [10661], [6957], [4880], [1644], [5266], [4952], [1158], [140], [5314], [9002], [554210], [31], [2581], [2138], [384], [6614], [4143], [5805], [23522], [8036], [285362], [8854], [56922], [4519], [29789], [11021], [11216], [9152], [2593], [64087], [6707], [3535], [7780], [8456], [57018], [36], [64759], [3242], [23417], [83483], [9791], [405753], [79827], [80308], [23233], [85459], [221908]]
Necrotising enterocolitis in fetus OR newborn:[[4524], [135935], [7422], [348], [3586], [3569], [9370], [84072], [3091], [1294], [1636], [3553], [5243], [1401], [627], [402381], [1080], [3576], [3952], [3458], [7099], [4846], [1312], [6532], [4879], [7097], [2706], [5444], [6347], [2908], [2153], [3146], [3565], [3162], [1565], [154], [142], [5979], [51738], [836], [3630], [79068], [1543], [1906], [6667], [6531], [2332], [4023], [4282], [54106], [54658], [6331], [5241], [213], [2321], [5781], [1756], [10891], [56729], [3481], [4988], [7132], [7098], [2056], [1545], [356], [59272], [2294], [846], [3593], [796], [5228], [2212], [5624], [6927], [3767], [7253], [540], [4057], [5159], [3570], [5053], [7077], [820], [7341], [4627], [153], [2149], [551], [2316], [4973], [6256], [2289], [7080], [6833], [1673], [350], [1394], [6716], [4306], [2623], [84557], [6446], [6439], [3691], [4352], [2668], [2246], [383], [3251], [7356], [7100], [1282], [6607], [2548], [406933], [3047], [6584], [215], [6440], [3440], [21], [4868], [116], [2592], [5009], [10644], [55908], [34], [55894], [52], [1374], [5564], [6523], [50506], [10661], [6957], [4880], [1644], [5266], [4952], [1158], [140], [5314], [9002], [554210], [31], [2581], [2138], [384], [6614], [4143], [5805], [23522], [8036], [285362], [8854], [56922], [4519], [29789], [11021], [11216], [9152], [2593], [64087], [6707], [3535], [7780], [8456], [57018], [36], [64759], [3242], [23417], [83483], [9791], [405753], [79827], [80308], [23233], [85459], [221908]]
NEC - Necrotising enterocolitis:[[]]
Perinatal necrotising enterocolitis:[[]]
Pseudomembranous enterocolitis:[[]]
