Fox disease:[[2308], [6311], [7040], [54715], [146713], [3845], [207], [50943], [93986], [2263], [796], [2309], [4804], [27086], [3482], [2303], [668], [2296], [6310], [3170], [6426], [2035], [6899], [5352], [2294], [94234], [116113], [509], [2300]]
Epidermolysis Bullosa:[[3852], [1294], [3691], [3861], [5339], [3914], [3918], [3909], [4312], [7157], [7040], [1308], [3655], [3123], [1029], [3675], [4609], [1881], [1832], [1884], [3146], [977], [10413], [3949], [1277], [3320], [2335], [667], [3486], [406937], [7431], [7052], [7057], [6850], [59067], [5317], [407021], [3875], [54800], [23086], [28234], [9582], [6095], [871], [386653], [200315], [1690], [164668], [1145], [6233], [2314], [50486], [8985], [9333], [1307], [8419]]
Epidermolysis bullosa:[[3852], [1294], [3691], [3861], [5339], [3914], [3918], [3909], [4312], [7157], [7040], [1308], [3655], [3123], [1029], [3675], [4609], [1881], [1832], [1884], [3146], [977], [10413], [3949], [1277], [3320], [2335], [667], [3486], [406937], [7431], [7052], [7057], [6850], [59067], [5317], [407021], [3875], [54800], [23086], [28234], [9582], [6095], [871], [386653], [200315], [1690], [164668], [1145], [6233], [2314], [50486], [8985], [9333], [1307], [8419]]
Epidermolysis bullosa unspecified:[[3861], [7157], [7040], [1029], [4609], [3320], [2335], [6850]]
Acanthosis bullosa:[[]]
Acantholysis Bullosa:[[]]
EB - Epidermolysis bullosa:[[1294], [3861], [7040], [977], [8985]]
Acantholysis bullosa:[[]]
Bullous recurrent eruption:[[3606]]
Keratolysis bullosa hereditaria:[[3852]]
Dermatitis bullosa hereditaria:[[]]
