Epileptic seizures NOS:[[]]
Seizure Disorder:[[673], [2903], [6792], [5279], [7467]]
Epilepsy unspecified:[[7157], [348], [1956], [351], [7124], [6774], [4193], [4790], [3091], [7421], [5743], [836], [673], [387], [4088], [4208], [3350], [5621], [3084], [2908], [5058], [2147], [2932], [3643], [2335], [5335], [773], [2904], [5781], [1822], [1457], [2316], [1268], [5329], [3315], [1385], [3667], [4297], [5300], [7249], [3312], [775], [10399], [467], [3351], [7248], [51741], [59341], [2902], [6804], [382], [1965], [148022], [1742], [6709], [7391], [2290], [5469], [7222], [2572], [2915], [9970], [6857], [6453], [805], [7223], [1740], [774], [9568], [9439]]
EP - Epilepsy:[[7157], [3569], [5743], [1956], [846], [351], [4790], [3576], [4193], [4313], [2904], [3785], [1385], [1958], [3783]]
Seizure disorder NOS:[[]]
Epilepsy NOS:[[4842], [5243], [1956], [3091], [351], [5743], [6774], [3479], [6648], [1559], [3757], [1509], [823]]
Epileptic fits NOS:[[3091]]
Epilepsy:[[6323], [7957], [5649], [3778], [348], [6513], [4524], [5243], [627], [7157], [3569], [3553], [4318], [7124], [2475], [846], [1956], [6532], [1137], [57465], [5789], [2903], [50966], [3091], [351], [7421], [114327], [2566], [1957], [7109], [2554], [4137], [3123], [6326], [5743], [6774], [7099], [9370], [109029533], [673], [8912], [4790], [4780], [554188], [50968], [406938], [1312], [2941], [3576], [50715], [2944], [3106], [9211], [619399], [574044], [432400], [266789], [54119], [50987], [3479], [9429], [6095], [1141], [4208], [4193], [501], [449018], [353124], [120325367], [103106902], [101409188], [100750238], [100653381], [100529229], [100415904], [100415903], [100379198], [100190787], [100188861], [100188848], [100188796], [100144434], [100126594], [780913], [50971], [4313], [4879], [2952], [6529], [6324], [1557], [2950], [5621], [5054], [1234], [6347], [6648], [3605], [950], [6647], [3557], [2147], [4204], [406947], [2562], [1181], [3146], [3119], [1559], [2908], [5428], [51083], [51738], [2146], [3417], [2932], [3565], [3084], [177], [1244], [57468], [1576], [836], [427], [9681], [1543], [27246], [1906], [6531], [3350], [3757], [387], [1277], [4314], [1577], [3953], [6331], [3552], [4988], [57582], [3643], [2335], [6285], [213], [217], [2904], [3784], [5781], [2697], [7316], [1471], [1786], [4128], [8842], [196], [773], [4088], [718], [1822], [6469], [1268], [1135], [5329], [2261], [5027], [3117], [3767], [3315], [1191], [959], [1457], [958], [2052], [1116], [1385], [406937], [2629], [8856], [3785], [4363], [3667], [4297], [1788], [2022], [7442], [10673], [199857], [6328], [4915], [112476], [27327], [3240], [9365], [135], [1958], [2784], [5300], [2638], [4684], [6853]]
Epilepsies:[[6323], [9839], [2475], [4317], [5321], [1131], [6513], [5621], [2555], [2697], [5789], [10951], [7057], [4779], [6785], [7444], [55120], [80279], [115], [23284], [6335], [2903], [55163], [2566], [8631], [3785], [5099], [27333], [8912], [9378], [6326], [3736], [2562], [9681], [1200], [950], [6334], [57526], [3737], [1181], [54715], [7223], [29916], [83699], [375449], [57582], [51226], [2914], [2569], [79750], [84970], [10641], [169522], [144165], [150094], [7984], [112755], [1183], [27133], [101929680], [8131], [154881], [79170], [89758], [102724058], [101927235], [23742], [102997063], [100188869]]
Epileptic:[[6323], [348], [5243], [4524], [773], [3785], [51741], [3091], [627], [4915], [6792], [673], [7421], [2904], [3553], [3106], [2554], [6812], [8422], [6506], [4137], [6334], [2944], [6326], [7532], [2566], [1759], [57526], [4780], [170302], [2571], [1557], [3704], [6709], [3192], [1559], [51738], [2744], [8243], [2775], [23236], [2555], [2562], [5530], [1917], [1588], [3417], [1577], [4988], [10], [2561], [2697], [1471], [6513], [3643], [1385], [6324], [3737], [3745], [1191], [846], [221692], [1268], [790], [7057], [57582], [203228], [7153], [57468], [284111], [1788], [2906], [7358], [11284], [6786], [9568], [57465], [23621], [4363], [3350], [3329], [8867], [7249], [847], [5617], [2558], [775], [947], [777], [1244], [7345], [4852], [1106], [2806], [3579], [6328], [2560], [4191], [10763], [2257], [23221], [1020], [2258], [16], [8862], [2705], [2934], [348980], [1812], [85440], [4190], [2903], [26999], [79876], [1591], [7364], [6487], [3778], [23229], [6335], [79751], [150094], [1594], [523], [53616], [1137], [112476], [10815], [5020], [2938], [23097], [79868], [4925], [8120], [4761], [23334], [2550], [7360], [54600], [22906], [7846], [51412], [477], [6804], [4880], [9378], [4535], [5368], [3736], [343450], [23657], [24145], [8912], [23241], [1454], [2890], [2752], [1778], [7155], [54578], [23316], [2891], [1173], [4303], [25973], [64801], [6529], [7957], [25977], [23312], [11342], [2864], [440], [3912], [5277], [3766], [60558], [54657], [10695], [6453], [9488], [4593], [9091], [51227], [23258], [4905], [8913], [57620], [5816], [55152], [11255], [6853], [8831], [11152], [23732], [84059], [23191], [10479], [2556], [5859]]
Seizure Disorders:[[6323], [6326], [57582]]
Seizure disorder:[[673], [2903], [6792], [5279], [7467]]
Epileptic convulsions NOS:[[]]
Epileptic disorder:[[775], [2904], [51741], [6323], [348], [4524], [9568], [5243], [627], [3553], [7421], [2775], [4137], [6792], [1173], [6335], [1191], [4915], [2903], [2944], [673], [773], [3785], [51738], [6506], [3091], [2571], [3106], [4988], [6326], [2554], [1557], [2566], [1385], [6334], [2257], [10681], [57526], [7532], [2891], [2555], [4780], [1759], [1268], [3350], [170302], [203228], [54600], [3704], [1588], [2562], [6709], [79868], [23236], [846], [5530], [2697], [51412], [6513], [1812], [2561], [4852], [5020], [1788], [2558], [7249], [11284], [4363], [3329], [2906], [7358], [8867], [23621], [847], [1106], [1244], [7345], [2560], [112476], [6328], [25930], [116150], [26999], [1137], [79876], [4925], [23229], [23162], [2550], [6804], [23097], [221927], [1454], [4761], [22906], [9378], [4880], [2890], [2752], [64207], [23316], [7957], [3766], [23312], [253959], [3912], [5277], [5816], [11152], [8831], [23191], [2556], [378884], [23096], [6196], [22871], [7355], [2239], [18], [23443]]
