Seizure Disorder Focal:[[673], [2903], [6792]]
Partial Epilepsies:[[5789], [6785], [115], [23284], [83699], [79750], [89758]]
Localization-Related Epilepsy:[[]]
Seizure Disorders Partial:[[6323], [6326], [57582]]
Focal Epilepsies:[[2475], [2903], [9681], [57582], [10641], [8131]]
Localization-related epilepsy:[[]]
Partial epilepsy:[[627], [51738], [8842], [6323], [9211], [2903], [6326], [9961], [6324], [6853], [7479], [55203], [152992]]
Focal epilepsy:[[3569], [5243], [2475], [4137], [6323], [6513], [6285], [2904], [2903], [5649], [10000], [9681], [26047], [2290], [6529], [7079], [57465], [10641], [7881], [57094], [8131]]
Partial Epilepsy:[[627], [51738], [8842], [6323], [9211], [2903], [6326], [9961], [6324], [6853], [7479], [55203], [152992]]
Localisation-related epilepsy:[[7157], [51738], [9429], [7124], [2475], [3091], [4137], [6774], [4314], [6331], [8842], [1191], [361], [4842], [56172], [7248], [706], [10524], [2938], [3766], [10243], [6327]]
Seizure Disorder Partial:[[673], [2903], [7467]]
Focal Epilepsy:[[3569], [5243], [2475], [4137], [6323], [6513], [6285], [2904], [2903], [5649], [10000], [9681], [26047], [2290], [6529], [7079], [57465], [10641], [7881], [57094], [8131]]
Localization-Related Epilepsies:[[]]
Seizure Disorders Focal:[[6323], [6326], [57582]]
Epilepsy focal:[[6323], [7225], [2475], [5649], [2903], [6513], [348], [7157], [1956], [3569], [4318], [9681], [3553], [5243], [627], [6532], [7124], [7248], [7249], [387], [57465], [673], [7099], [351], [4137], [3123], [5329], [6326], [5743], [6328], [2554], [6774], [4790], [10641], [8912], [3576], [406938], [950], [3479], [4193], [9429], [3673], [6647], [6347], [6529], [5621], [1234], [3605], [57468], [2022], [5428], [3146], [2697], [2932], [3119], [5781], [4988], [4088], [2335], [2261], [5058], [3417], [3315], [1277], [382], [1576], [836], [2316], [8131], [4314], [57582], [2904], [3552], [10673], [6285], [1471], [718], [6469], [1268], [5027], [3117], [3767], [847], [3312], [959], [1116], [59341], [1788], [4684], [7442], [3240], [112476], [9817], [2934], [361], [6792], [10399], [3579], [358], [2670], [823], [6334], [144165], [57526], [2055], [2902], [7532], [10000], [9961], [57094], [26047], [6752], [2290], [2911], [9693], [24145], [6709], [794], [6558], [4133], [2752], [9122], [54715], [8500], [23191], [4010], [83660], [527], [4513], [406924], [7079], [10109], [1266], [221927], [81603], [7881], [79751], [56666]]
Local epilepsy:[[5649], [7157], [3569], [4318], [7124], [348], [1956], [6513], [3553], [4524], [627], [5243], [3091], [2475], [3479], [7099], [3576], [6532], [5743], [351], [3605], [9370], [4790], [7421], [673], [5054], [6774], [4137], [6347], [4313], [406938], [4780], [6647], [6331], [3146], [1312], [3106], [9429], [5621], [2147], [3552], [406947], [6648], [2146], [3557], [3565], [51738], [3417], [2932], [387], [1576], [836], [1906], [1277], [4314], [2335], [213], [2697], [1786], [3953], [8842], [3643], [217], [2904], [7316], [196], [10673], [4088], [1268], [5329], [5027], [2022], [1191], [959], [7442], [1116], [2629], [4842], [4363], [4852], [3240], [9817], [2784], [6786], [6288], [1139], [5228], [775], [2066], [551], [3579], [252995], [51284], [1509], [4907], [7337], [3925], [5045], [9839], [6616], [3554], [1392], [10524], [9961], [2571], [2026], [2938], [6752], [6046], [3766], [823], [406948], [1759], [57142], [1742], [9693], [5530], [8976], [310], [80331], [5923], [6487], [9425]]
