Failure of erection:[[4524], [551], [133], [1268], [100], [4842], [1910], [5020], [552], [7432]]
Male erectile dysfunction unspecified:[[367], [7040], [7422]]
Impotence:[[]]
Male Impotence:[[367], [7157], [29127], [1956], [7124], [348], [2099], [4117], [217], [3569], [4524], [1636], [4023], [672], [675], [9370], [1401], [627], [7421], [1312], [1080], [7040], [6532], [2802], [284058], [3952], [116519], [3586], [2944], [10943], [4846], [84188], [3553], [2064], [5468], [5243], [7422], [7490], [4790], [3479], [5728], [2952], [339287], [3091], [2950], [4201], [596], [1813], [2100], [3077], [5743], [4318], [6662], [3845], [673], [3106], [3123], [2475], [351], [5444], [1543], [3115], [4292], [4879], [55167], [207], [2516], [29126], [1029], [55711], [2332], [51738], [6774], [5075], [7099], [50943], [999], [4193], [4204], [1815], [6531], [6622], [7515], [472], [1499], [4128], [89765], [4137], [8743], [59272], [3973], [3606], [3815], [8093], [6648], [3605], [2492], [9429], [8741], [3162], [7852], [1493], [338], [3458], [1588], [2153], [6347], [100240731], [335], [4313], [5290], [1565], [185], [154], [2147], [6736], [23476], [3135], [5054], [4436], [4780], [1026], [54658], [332], [183], [177], [406991], [6647], [7097], [1557], [23411], [1786], [960], [4988], [355], [4851], [5133], [3630], [4282], [6716], [6387], [5241], [3119], [3565], [3480], [6462], [1471], [142], [5979], [5970], [19], [3383], [6696], [3690], [375341], [1586], [196], [6469], [120892], [4582], [1906], [2932], [389421], [1432], [406938], [2067], [3043], [10413], [5021], [4312], [268], [324], [3791], [6331], [3557], [581], [7098], [83876], [23495], [64127], [1576], [79068], [3356], [356], [3265], [929], [1756], [1027], [1559], [7076], [10891], [190], [11200], [3934], [161514], [56729], [3953], [6934], [3481], [3552]]
Erectile Dysfunction:[[338], [4846], [1636], [4524], [7422], [7040], [2492], [367], [3479], [5444], [214], [2736], [406938], [54106], [3486], [2784], [255738], [10135], [5163], [2165], [4018], [2022], [2688], [285], [1240], [6093], [155], [53353], [7247], [284], [11082], [383], [5020], [406989], [9843], [51510], [57217], [3816], [5738], [55906], [168400], [8654], [384], [26505], [63036], [6769], [9749], [55186], [57507], [84909], [151393], [92086], [2983], [84966], [94122], [286514], [139425], [100873065], [26952]]
Erectile dysfunction:[[338], [4846], [1636], [4524], [7422], [7040], [2492], [367], [3479], [5444], [214], [2736], [406938], [54106], [3486], [2784], [255738], [10135], [5163], [2165], [4018], [2022], [2688], [285], [1240], [6093], [155], [53353], [7247], [284], [11082], [383], [5020], [406989], [9843], [51510], [57217], [3816], [5738], [55906], [168400], [8654], [384], [26505], [63036], [6769], [9749], [55186], [57507], [84909], [151393], [92086], [2983], [84966], [94122], [286514], [139425], [100873065], [26952]]
Sexual Impotence Male:[[367], [7422], [5468], [627], [2099], [348], [3973], [3952], [3569], [4524], [6532], [9370], [1312], [1401], [389421], [7040], [4846], [3479], [5243], [1815], [3667], [1813], [6774], [2100], [351], [6662], [2475], [4128], [4193], [1588], [3606], [3953], [6869], [5290], [23261], [581], [6387], [7097], [4851], [4988], [6777], [3356], [6716], [6462], [6469], [5021], [57496], [1576], [190], [4982], [3082], [2688], [8600], [3814], [5020], [30835], [6285], [4160], [5617], [551], [1394], [23621], [4852], [121278], [1812], [6446], [23705], [118], [7258], [101180976], [3293], [1602], [4477], [8431], [91], [100129781], [7041], [384], [50846], [84733], [7141], [1809], [64061], [10184], [22829], [83893], [158800], [64377]]
Male erectile disorder:[[367], [1636], [338], [4524], [4846], [7040], [7422], [3479], [54106], [3486], [5444], [1240], [2784], [406938], [5020], [255738], [2688], [155]]
Male erectile dysfunction:[[367], [1636], [4846], [4524], [338], [2492], [7040], [7422], [3479], [5444], [406938], [2784], [255738], [2688], [54106], [3486], [155], [4018], [5020], [1240], [6093], [384]]
Erectile disorder:[[1636], [338], [4524], [4846], [7422], [7040], [54106], [3486], [367], [3479], [1240], [5444], [406938], [2784], [255738], [2247], [2697], [5020], [2688], [155], [55186], [383], [8989], [5592]]
Impotence NOS:[[4843], [4842], [4846], [1956], [7422], [3091], [351], [2099], [6774], [5243], [5743], [1499], [6622], [3479], [29126], [3458], [339345], [154], [23411], [6648], [3162], [355], [6714], [857], [6667], [1027], [1559], [8743], [3791], [3757], [3320], [1756], [56729], [796], [5295], [4792], [4035], [801], [1509], [111365141], [383], [3753], [23569], [823], [953], [5592], [6097], [9722], [384], [23564], [79924], [6541], [2982], [11184], [406963], [7270], [2983], [2232], [2977], [340719]]
