Other and unspecified Escherichia coli [E. coli]:[[]]
Bacterial infection due to E. coli:[[7099], [3576], [7124], [3586], [7097], [7040], [5743], [796], [4153], [929], [3146], [2147], [3606], [3934], [114548], [6772], [1604], [1673], [133], [6288], [834], [966], [23643], [1667], [1668]]
Infection E coli:[[5888], [6774], [7157], [7124], [7099], [3576], [1956], [7040], [3553], [3586], [4524], [3091], [5743], [4790], [5243], [207], [7097], [351], [4846], [6347], [5594], [929], [6387], [3146], [3383], [355], [3606], [836], [6622], [4153], [6647], [3934], [3557], [3627], [114548], [406938], [6772], [4843], [3572], [6714], [1673], [5599], [5879], [5595], [796], [4312], [1604], [142], [2950], [3725], [3661], [2212], [356], [3689], [5265], [4353], [2152], [2147], [85480], [4292], [6288], [4968], [174], [598], [133], [650], [2194], [718], [3043], [834], [7412], [54210], [5460], [302], [4436], [6850], [4691], [7184], [10563], [354], [7298], [3002], [7100], [1672], [4830], [5294], [1667], [51561], [6401], [2597], [57379], [5590], [6285], [4595], [3551], [7295], [3704], [966], [1991], [6780], [710], [1670], [6895], [6364], [8140], [80381], [3440], [23643], [727], [659], [10971], [6548], [6356], [23408], [7498], [4583], [6278], [6366], [840], [2358], [4680], [3589], [7031], [368], [6362], [6361], [6373], [5732], [8575], [9536], [10578], [4055], [6188], [6367], [51426], [5284], [978], [1729], [6363], [2869], [9547], [6355], [566], [1668], [5141], [6375], [388698], [414325], [27067], [140453], [728358], [112817], [140596], [1669], [117285], [55094], [6775079]]
E. coli infection:[[3091], [929], [5590], [10971]]
Infection caused by Escherichia coli:[[6774], [7124], [7157], [1956], [7422], [348], [3553], [3576], [3091], [3569], [207], [4790], [1080], [4318], [351], [2064], [3586], [7099], [5594], [5468], [4137], [3458], [2099], [114548], [3162], [6347], [64127], [7097], [5970], [836], [142], [581], [8743], [6772], [3934], [5599], [6696], [4582], [3075], [3309], [3627], [6532], [841], [1557], [3725], [9021], [177], [820], [3689], [5265], [7132], [387], [6513], [4968], [328], [3308], [103], [2539], [4179], [5888], [7100], [8678], [5111], [4691], [9518], [6441], [1604], [3014], [5340], [285], [10013], [7298], [6615], [3684], [7037], [4595], [6521], [578], [1139], [6609], [7498], [961], [3440], [6117], [8140], [10146], [7416], [8741], [6566], [1670], [1129], [51426], [23607], [3151], [391]]
Infection E. coli:[[5888], [6774], [7157], [7124], [7099], [3576], [1956], [7040], [3553], [3586], [4524], [3091], [5743], [4790], [5243], [207], [7097], [351], [4846], [6347], [5594], [929], [6387], [3146], [3383], [355], [3606], [836], [6622], [4153], [6647], [3934], [3557], [3627], [114548], [406938], [6772], [4843], [3572], [6714], [1673], [5599], [5879], [5595], [796], [4312], [1604], [142], [2950], [3725], [3661], [2212], [356], [3689], [5265], [4353], [2152], [2147], [85480], [4292], [6288], [4968], [174], [598], [133], [650], [2194], [718], [3043], [834], [7412], [54210], [5460], [302], [4436], [6850], [4691], [7184], [10563], [354], [7298], [3002], [7100], [1672], [4830], [5294], [1667], [51561], [6401], [2597], [57379], [5590], [6285], [4595], [3551], [7295], [3704], [966], [1991], [6780], [710], [1670], [6895], [6364], [8140], [80381], [3440], [23643], [727], [659], [10971], [6548], [6356], [23408], [7498], [4583], [6278], [6366], [840], [2358], [4680], [3589], [7031], [368], [6362], [6361], [6373], [5732], [8575], [9536], [10578], [4055], [6188], [6367], [51426], [5284], [978], [1729], [6363], [2869], [9547], [6355], [566], [1668], [5141], [6375], [388698], [414325], [27067], [140453], [728358], [112817], [140596], [1669], [117285], [55094], [6775079]]
Colibacillosis:[[]]
E. coli Infections:[[]]
Infections Escherichia coli:[[7124], [6772], [7157], [3586], [3569], [7099], [3553], [3576], [1956], [3458], [348], [6774], [7097], [4790], [3091], [4318], [207], [1080], [5468], [3934], [5594], [64127], [6347], [3075], [3627], [1557], [6696], [8743], [3162], [114548], [177], [836], [4582], [820], [5265], [3309], [5599], [4057], [4968], [650], [328], [7298], [23586], [5111], [7100], [2539], [7037], [3002], [1672], [1673], [6441], [4179], [2810], [8741], [55054], [1755], [3440], [3426], [23643], [10333], [1670], [3151], [84659]]
Infection due to Escherichia coli:[[6774], [7124], [7157], [1956], [348], [7422], [3586], [3569], [3553], [3576], [3091], [7099], [4790], [4318], [207], [1080], [2064], [3458], [5468], [351], [6347], [7097], [5594], [2099], [3162], [5970], [8743], [857], [64127], [836], [114548], [6696], [3934], [6772], [4137], [581], [4582], [6532], [3309], [1312], [3627], [5599], [142], [1557], [3725], [3075], [7332], [820], [177], [3689], [23586], [5265], [9021], [841], [387], [6513], [7132], [3308], [4057], [4968], [1673], [4179], [650], [103], [5888], [8678], [328], [2539], [4691], [1604], [7100], [998], [7057], [285], [9518], [7298], [1672], [3684], [5111], [4323], [6441], [7037], [3002], [135], [6615], [3014], [6521], [5340], [10013], [7184], [842], [1139], [578], [2597], [57379], [4595], [284], [6609], [9817], [7498], [4583], [655], [5321], [3440], [6117], [23643], [1915], [961], [8826], [8140], [1755], [10146], [55054], [7416], [10333], [118], [8741], [6566], [4585], [1670], [7374], [406919], [1129], [4502], [11035], [4319], [945], [51426], [7317], [8717], [6555], [23607], [9097], [911], [837], [22918], [6964], [3151], [6965], [79792], [84659], [391], [257397], [140453], [9110], [55094]]
Infection Escherichia coli:[[6774], [7124], [7157], [1956], [348], [7422], [3586], [3569], [3553], [3576], [3091], [7099], [4790], [4318], [207], [1080], [2064], [3458], [5468], [351], [6347], [7097], [5594], [2099], [3162], [5970], [8743], [857], [64127], [836], [114548], [6696], [3934], [6772], [4137], [581], [4582], [6532], [3309], [1312], [3627], [5599], [142], [1557], [3725], [3075], [7332], [820], [177], [3689], [23586], [5265], [9021], [841], [387], [6513], [7132], [3308], [4057], [4968], [1673], [4179], [650], [103], [5888], [8678], [328], [2539], [4691], [1604], [7100], [998], [7057], [285], [9518], [7298], [1672], [3684], [5111], [4323], [6441], [7037], [3002], [135], [6615], [3014], [6521], [5340], [10013], [7184], [842], [1139], [578], [2597], [57379], [4595], [284], [6609], [9817], [7498], [4583], [655], [5321], [3440], [6117], [23643], [1915], [961], [8826], [8140], [1755], [10146], [55054], [7416], [10333], [118], [8741], [6566], [4585], [1670], [7374], [406919], [1129], [4502], [11035], [4319], [945], [51426], [7317], [8717], [6555], [23607], [9097], [911], [837], [22918], [6964], [3151], [6965], [79792], [84659], [391], [257397], [140453], [9110], [55094]]
Escherichia coli [E. coli] NOS:[[1956], [7422], [3091], [351], [2099], [6774], [3458], [3162], [8743], [857], [3757]]
Bacterial infection caused by E. coli:[[7124], [3576], [7099], [7040], [5743], [7097], [3586], [4153], [3146], [2147], [114548], [796], [3606], [3934], [6772], [133], [1604], [6288], [966]]
E. coli infections:[[]]
Escherichia coli infection:[[1956], [7124], [4790], [6532], [7097], [3725], [4057], [4583], [6566], [4585], [7498], [6555], [140453], [55094]]
Infections E coli:[[7099], [7157], [6772], [3576], [7124], [3586], [3553], [6774], [7097], [1956], [7040], [4790], [5243], [4524], [4846], [3606], [4153], [5743], [3091], [6622], [207], [3934], [5594], [355], [3627], [796], [929], [6647], [3146], [6347], [3383], [6387], [2147], [2152], [2950], [406938], [5595], [836], [114548], [718], [5879], [4843], [4292], [5265], [3043], [5599], [356], [133], [4968], [650], [2194], [2212], [1673], [598], [85480], [7298], [6288], [54210], [2688], [7100], [3002], [3661], [5294], [6895], [7369], [1991], [51561], [1672], [727], [966], [10563], [1667], [720], [1670], [6356], [3440], [23643], [8575], [5199], [1668], [5620], [5619]]
Unspecified Escherichia coli [E. coli] as the cause of diseases classified elsewhere:[[]]
