PSEUDOEXFOLIATION OF THE LENS:[[348], [4016], [5444], [6648], [857], [216], [2006], [406911], [7498], [10516], [4053], [406912], [4257]]
Syndromes Pseudo-Exfoliation:[[]]
Syndromes Pseudoexfoliation:[[7124], [4524], [3586], [7450], [1788], [1116], [2056], [6403], [4053]]
Secondary open-angle glaucoma with pseudoexfoliation:[[857], [7124], [348], [4524], [4016], [1636], [3586], [5444], [4053]]
Syndromes Exfoliative:[[3569]]
XFG:[[7099], [4016]]
Pseudoexfoliation syndrome:[[348], [4524], [3586], [5444], [6647], [6648], [7450], [3308], [1191], [1116], [4016], [2056], [3303], [1788], [6401], [6403], [10631], [216], [6256], [2006], [252995], [100], [55600], [55054], [406911], [7498], [9474], [4522], [406912], [5686], [4257], [55102]]
Syndrome Exfoliative:[[3569], [213], [4016], [1475], [1828], [5271]]
Pseudoexfoliation glaucoma:[[4016], [857], [348], [7124], [4524], [54499], [4053], [1636], [3586], [5444], [6647], [6648], [7450], [3308], [2056], [2006], [3303], [1788], [6401], [55054], [9474], [90], [654], [220202], [55102]]
Glaucoma Capsulare:[[]]
Glaucoma capsulare:[[]]
Syndromes Exfoliation:[[7124], [4524], [4312], [4973], [773]]
Pseudoexfoliation Of The Lens:[[348], [4016], [5444], [6648], [857], [216], [2006], [406911], [7498], [10516], [4053], [406912], [4257]]
Pseudo Exfoliation Syndrome:[[]]
EXFOLIATION GLAUCOMA:[[4016], [348], [7124], [4524], [4312], [4314], [100287616], [1490], [4973], [2006], [161514]]
XFS:[[4016]]
PSEUDOEXFOLIATION GLAUCOMA:[[4016], [857], [348], [7124], [4524], [54499], [4053], [1636], [3586], [5444], [6647], [6648], [7450], [3308], [2056], [2006], [3303], [1788], [6401], [55054], [9474], [90], [654], [220202], [55102]]
PEXG:[[7124], [1191], [4016], [26047]]
Exfoliation Glaucoma:[[4016], [348], [7124], [4524], [4312], [4314], [100287616], [1490], [4973], [2006], [161514]]
Syndrome Pseudo-Exfoliation:[[]]
Syndrome Exfoliation:[[348], [4016], [7124], [4524], [2006], [4982], [26047], [4312], [4314], [4973], [8600], [1490], [860], [9333], [249], [773], [1048], [5553], [51302]]
PSEUDOEXFOLIATION SYNDROME:[[348], [4524], [3586], [5444], [6647], [6648], [7450], [3308], [1191], [1116], [4016], [2056], [3303], [1788], [6401], [6403], [10631], [216], [6256], [2006], [252995], [100], [55600], [55054], [406911], [7498], [9474], [4522], [406912], [5686], [4257], [55102]]
PEXS:[[7124], [1191], [4016], [10516], [5830], [5824], [5686], [8504], [5193]]
Syndrome Pseudoexfoliation:[[348], [1788], [7124], [857], [4524], [4016], [3586], [1636], [2006], [5444], [10631], [7450], [6647], [6648], [1116], [3308], [252995], [1191], [2056], [6401], [4053], [55600], [6403], [100], [3303], [216], [6256], [7498], [406911], [4522], [55054], [9474], [54499], [90], [654], [406912], [5686], [4257], [55102]]
EXFOLIATION SYNDROME:[[348], [4524], [4312], [4314], [1490], [4016], [4973], [2006], [773], [26047], [51302]]
