Congenital anomalies of eye:[[2218], [79147], [9215], [29954], [4810], [55624], [5080], [10585], [1605], [29925], [652], [7490], [4524], [8777], [5087], [3265], [729920], [2200], [148789], [84197], [2301], [6469], [1282], [11041], [10329], [4053], [84892], [2296], [4763], [5308], [7474], [55636], [6909], [4314], [10220], [5076], [285], [2303], [2737], [64220], [654], [5015], [3913], [2138], [4990], [6658], [3975], [7837], [10736], [9573], [80144]]
Congenital anomaly of eye:[[1545], [5080], [2296], [778], [7042], [5308], [2625], [6658], [56006]]
Congenital malformation of eye:[[7422], [3569], [10381], [4524], [1956], [5080], [3091], [7157], [2200], [673], [627], [3553], [2301], [652], [4053], [7490], [2296], [3958], [4843], [4288], [7474], [7048], [7431], [4314], [6662], [285], [5076], [3549], [2737], [5015], [56006], [157680], [3975], [10736], [338917], [80144]]
Congenital eye malformations:[[2324], [7422], [10381], [5979], [4524], [5080], [7124], [7157], [1636], [673], [3553], [2064], [6469], [652], [2296], [7490], [2255], [5308], [6662], [5460], [406937], [55636], [148789], [5076], [5309], [2737], [64220], [1282], [2048], [79644], [5015], [4036], [6909], [4990], [7482], [81559], [100188856]]
Eye Abnormalities:[[652], [2592], [1285], [5015], [54681], [3913], [7101], [55714]]
Congenital deformity of eye:[[4524], [5076]]
Congenital abnormality of eye:[[6469]]
Congenital malformation of eye unspecified:[[7422], [1956], [7157], [3091], [673], [652], [7048], [285]]
Eye Abnormality:[[]]
Congenital eye anomalies:[[2218], [79147], [9215], [29954], [4810], [55624], [5080], [10585], [1605], [29925], [652], [7490], [4524], [8777], [5087], [3265], [729920], [2200], [148789], [84197], [2301], [6469], [1282], [11041], [10329], [4053], [84892], [2296], [4763], [5308], [7474], [55636], [6909], [4314], [10220], [5076], [285], [2303], [2737], [64220], [654], [5015], [3913], [2138], [4990], [6658], [3975], [7837], [10736], [9573], [80144]]
Eye abnormalities:[[652], [2592], [1285], [5015], [54681], [3913], [7101], [55714]]
Congenital anomaly of the globe:[[]]
Unspecified anomaly of eye:[[7042], [1739]]
