Factor X Deficiency:[[2159]]
Ten Deficiencies Factor:[[959], [7157], [207], [6598], [5728], [3690], [5925], [5781], [142], [7098], [675], [120892], [4204], [7293], [3674], [407021], [6272], [10599], [6770], [5053], [8647], [5896]]
Stuart Prower Deficiency:[[]]
STUART-PROWER FACTOR DEFICIENCY:[[]]
Factor 10 deficiency:[[3586], [7422], [4791], [3479], [7040], [2153], [8743], [3075], [7124], [3569], [2068], [5728], [2147], [3091], [4524], [1956], [355], [6774], [2157], [2074], [5970], [2263], [50616], [9370], [4790], [3952], [627], [3491], [2158], [2155], [4609], [5624], [3480], [2064], [2159], [2161], [7450], [93986], [6387], [2625], [2162], [6772], [4780], [4137], [6667], [3593], [3486], [1147], [1950], [8600], [3576], [2160], [7157], [3565], [11093], [6927], [7132], [959], [6347], [2066], [2260], [7048], [6868], [3172], [3606], [7189], [356], [79001], [7852], [9518], [3551], [8626], [710], [7490], [2067], [268], [26291], [861], [8517], [6929], [4192], [6657], [23411], [1509], [2253], [3558], [9131], [629], [4982], [4879], [6597], [10673], [4792], [7161], [1649], [468], [2626], [1437], [7043], [207], [1839], [1675], [2165], [3559], [1977], [1352], [2065], [23495], [2152], [2821], [6688], [5371], [90865], [2150], [3661], [3592], [10631], [3934], [970], [6095], [6910], [2034], [2896], [4208], [3077], [5626], [1952], [4179], [6777], [7128], [10135], [860], [6928], [1045], [708], [3662], [4088], [3977], [2313], [405], [2149], [5660], [8795], [3483], [348], [4153], [4602], [2623], [2638], [966], [6598], [653361], [3931], [2099], [7284], [367], [5230], [55294], [351], [3976], [3827], [328], [10365], [79923], [4286], [5806], [2694], [6473], [5176], [8741], [2688], [4254], [3553], [7014], [1270], [2072], [6117], [7187], [30009], [3123], [50943], [55662], [1604], [3162], [3664], [9451], [10411], [5199], [6513], [1586], [3426], [4522], [5345], [8289], [10320], [8740], [7507], [6427], [8260], [3953]]
Factor 10 Deficiency:[[3586], [7422], [4791], [3479], [7040], [2153], [8743], [3075], [7124], [3569], [2068], [5728], [2147], [3091], [4524], [1956], [355], [6774], [2157], [2074], [5970], [2263], [50616], [9370], [4790], [3952], [627], [3491], [2158], [2155], [4609], [5624], [3480], [2064], [2159], [2161], [7450], [93986], [6387], [2625], [2162], [6772], [4780], [4137], [6667], [3593], [3486], [1147], [1950], [8600], [3576], [2160], [7157], [3565], [11093], [6927], [7132], [959], [6347], [2066], [2260], [7048], [6868], [3172], [3606], [7189], [356], [79001], [7852], [9518], [3551], [8626], [710], [7490], [2067], [268], [26291], [861], [8517], [6929], [4192], [6657], [23411], [1509], [2253], [3558], [9131], [629], [4982], [4879], [6597], [10673], [4792], [7161], [1649], [468], [2626], [1437], [7043], [207], [1839], [1675], [2165], [3559], [1977], [1352], [2065], [23495], [2152], [2821], [6688], [5371], [90865], [2150], [3661], [3592], [10631], [3934], [970], [6095], [6910], [2034], [2896], [4208], [3077], [5626], [1952], [4179], [6777], [7128], [10135], [860], [6928], [1045], [708], [3662], [4088], [3977], [2313], [405], [2149], [5660], [8795], [3483], [348], [4153], [4602], [2623], [2638], [966], [6598], [653361], [3931], [2099], [7284], [367], [5230], [55294], [351], [3976], [3827], [328], [10365], [79923], [4286], [5806], [2694], [6473], [5176], [8741], [2688], [4254], [3553], [7014], [1270], [2072], [6117], [7187], [30009], [3123], [50943], [55662], [1604], [3162], [3664], [9451], [10411], [5199], [6513], [1586], [3426], [4522], [5345], [8289], [10320], [8740], [7507], [6427], [8260], [3953]]
Stuart-Prower Deficiency:[[]]
Stuart Prower Factor Deficiency:[[]]
Factor Ten Deficiency:[[7040], [4609], [3091], [1956], [2157], [2158], [6774], [627], [2064], [6667], [4137], [3558], [7157], [3565], [356], [959], [5069], [2152], [2034], [3934], [6597], [5371], [207], [79923], [6598], [3784], [2099], [2516], [54790], [8289], [5728], [348], [23411], [3106], [351], [5307], [3123], [3054], [3757], [3717], [3117], [2677], [6595], [1499], [595], [5265], [3690], [3119], [200424], [1586], [5925], [673], [57492], [5290], [675], [5820], [5443], [3845], [8091], [1080], [6464], [7015], [100507436], [4851], [1589], [2324], [142], [51738], [59067], [4204], [4292], [6532], [3105], [7098], [2200], [6531], [217], [3596], [3949], [4436], [7412], [120892], [6770], [1021], [324], [3290], [5009], [9173], [558], [3557], [406947], [2615], [23435], [23274], [8878], [3265], [598], [4221], [7096], [2706], [10333], [4287], [6497], [5053], [4854], [4763], [4323], [3039], [3674], [407021], [2811], [6272], [5310], [10599], [567], [6288], [3040], [8647], [56946], [5896], [2730], [24], [249], [825], [2806], [5426], [407004], [6715], [23064], [6247], [5897], [23368], [6558], [51750], [2819], [100131801]]
Stuart-Prower factor deficiency:[[]]
Stuart-Prower Factor Deficiency:[[]]
Factor X deficiency:[[2159]]
FACTOR X DEFICIENCY:[[2159]]
F10 DEFICIENCY:[[2159], [2153], [5627], [2157], [355], [2155], [5340], [2677], [3553], [356], [2152], [5327], [7035], [350], [10544], [5564]]
Factor X Deficiencies:[[]]
Factor 10 Deficiencies:[[5728], [2255], [4524], [7450], [6772], [3593], [3952], [959], [2155], [2147], [2068], [11093], [7157], [6662], [2161], [3066], [5624], [207], [3084], [10135], [6598], [50943], [26121], [708], [5594], [23495], [5626], [5092], [3690], [10594], [672], [5925], [4153], [24148], [285362], [5781], [85476], [3065], [335], [142], [675], [4193], [4204], [7098], [3547], [6647], [120892], [4615], [3064], [5888], [23213], [1111], [5428], [83548], [462], [10855], [331], [23476], [3600], [7293], [8647], [5627], [3674], [2539], [6609], [81], [6833], [10599], [6272], [5046], [10059], [2006], [7442], [2175], [11128], [106146144], [106146143], [6770], [1583], [1501], [3981], [8858], [1399], [51135], [721], [720], [5896], [5873], [51816], [1773], [84062], [2798], [407026], [2271], [56521], [1644], [3094], [5805], [64170], [1674], [5277], [291], [9037], [55863], [5352], [259197], [81622], [79934], [28976], [23379], [55163], [9868], [10623]]
