Factor 13 Deficiency:[[7422], [7157], [3479], [11093], [7040], [2153], [7124], [3075], [3569], [2155], [2068], [1956], [3091], [2147], [2157], [2159], [6774], [90411], [9370], [4790], [3586], [3952], [5970], [8741], [627], [2158], [8600], [7450], [2064], [5624], [7941], [2071], [355], [4609], [2162], [3480], [2074], [2263], [6387], [2161], [4780], [4137], [3486], [1950], [2160], [3576], [6667], [3565], [8074], [10673], [6772], [10631], [1376], [6927], [7048], [2625], [6597], [2260], [1045], [3593], [7852], [6347], [3596], [861], [8626], [7132], [4524], [6868], [3606], [2066], [5449], [392255], [3172], [4982], [2165], [959], [10320], [6657], [7189], [356], [629], [5194], [8743], [79001], [860], [7161], [7043], [1147], [1586], [3551], [90865], [2067], [7490], [1977], [9518], [468], [4792], [710], [9131], [3426], [268], [4879], [26291], [2073], [23495], [2626], [2034], [207], [10135], [51079], [2152], [6929], [4192], [7128], [3934], [3558], [5154], [1437], [4208], [8314], [4791], [8517], [5594], [5347], [2896], [2638], [1839], [6777], [708], [3662], [1675], [1524], [4602], [10165], [2065], [405], [5069], [2821], [3976], [4088], [6688], [6928], [3592], [2150], [653361], [5371], [2516], [3661], [3827], [328], [970], [2623], [79923], [6598], [6095], [351], [5626], [2308], [50616], [5806], [2149], [5176], [348], [4254], [3818], [7187], [9451], [30009], [8289], [5728], [3491], [10594], [7508], [3553], [4286], [2099], [2688], [4086], [3664], [6117], [3977], [2253], [23411], [2313], [6910], [1604], [3483], [8795], [5199], [5925], [7507], [9966], [93986], [5345], [367], [2494], [7284], [966], [3123], [1029]]
Deficiency of factor XIII:[[2162], [2165], [2147], [4524], [5054], [2153], [2157], [355], [2155], [2161], [351], [3690], [5345], [2243], [3674], [5327], [407008]]
Factor XIII deficiency disease:[[2162], [2165]]
Fibrin stabilising factor deficiency:[[7124]]
Factor XIII Deficiency:[[2162], [2165]]
Factor 13 Deficiencies:[[7157], [11093], [2155], [7450], [3952], [6772], [6662], [3593], [5194], [2147], [2068], [2161], [959], [3066], [3084], [10135], [5624], [207], [5594], [10594], [2255], [6598], [5925], [4524], [5728], [708], [23495], [50943], [675], [672], [26121], [335], [5626], [3690], [24148], [5781], [4204], [285362], [85476], [5092], [3065], [83548], [4193], [5428], [142], [6647], [6272], [3547], [7098], [8858], [120892], [4615], [4153], [3064], [23213], [2175], [3981], [10855], [331], [4968], [3600], [2736], [5888], [3674], [462], [5627], [7293], [407021], [3635], [2], [1111], [2006], [2643], [2539], [2244], [10599], [23476], [7442], [197], [6716], [10059], [5053], [1399], [106146144], [106146143], [6770], [64805], [720], [81], [721], [6609], [5046], [6833], [1501], [51135], [51816], [1583], [84062], [1644], [2798], [2271], [407026], [8647], [81704], [1674], [5896], [5873], [64170], [291], [1773], [781], [5277], [5352], [259197], [5805], [3094], [11128], [4719], [55863], [28976], [9037], [9868], [55163], [81622], [56521], [79934], [23379], [10623]]
Factor XIII deficiency:[[2162], [2165]]
Factor XIII Deficiencies:[[]]
Hereditary factor XIII deficiency disease:[[]]
Laki-Lorand factor deficiency disease:[[]]
Factor Thirteen Deficiencies:[[3690], [672], [675], [3674], [5053], [2175], [81704]]
Factor Thirteen Deficiency:[[7040], [1956], [710], [79991], [351], [672], [5265], [406991], [3690], [675], [1161], [3845], [1080], [5663], [999], [6794], [54658], [324], [6469], [4221], [5053], [4763], [3674], [7068], [2548], [81704], [5426], [170302], [212]]
Fibrin stabilizing factor deficiency:[[2162], [2165]]
