Plasma Thromboplastin Antecedent Deficiency:[[2160]]
Syndrome Rosenthal's:[[]]
Haemophilia C:[[1436], [5601], [3123], [3119], [3586], [2157], [7450], [1493], [2158], [2152], [2155], [10673], [2811], [2266], [1361], [3998], [90411]]
Rosenthal's disease:[[]]
Congenital factor XI deficiency:[[2160], [2158]]
Factor XI Deficiency:[[2160], [2158]]
Factor 11 Deficiency:[[7422], [3479], [627], [8600], [2153], [7040], [2147], [3172], [3075], [7124], [90865], [5970], [3569], [1956], [2074], [3091], [2157], [6774], [2158], [90411], [2155], [3586], [9370], [4609], [355], [4790], [1585], [2064], [5624], [2150], [7391], [2159], [7941], [2071], [2263], [3480], [7450], [4780], [3606], [2162], [7189], [4137], [1950], [7490], [7048], [11093], [6927], [6772], [710], [2160], [6891], [3486], [7157], [6667], [2896], [4192], [8074], [3576], [6347], [2260], [959], [2625], [356], [4982], [6387], [7132], [6868], [6688], [4208], [1584], [7852], [595], [2066], [1147], [3551], [8626], [468], [4879], [7161], [9131], [6657], [3593], [3767], [2626], [2152], [2099], [5449], [2165], [8743], [2313], [3290], [10673], [861], [3487], [23495], [629], [10631], [966], [79001], [405], [8517], [4088], [9518], [10544], [3123], [4791], [6794], [6777], [708], [207], [2067], [1977], [2694], [1270], [1045], [7128], [3934], [6928], [6598], [3558], [3976], [2623], [2034], [5176], [860], [4361], [6095], [6597], [5371], [9451], [30009], [3491], [5154], [1437], [4524], [6117], [3664], [2688], [10018], [2065], [10135], [2638], [1604], [8741], [8795], [2253], [4286], [8289], [2821], [1675], [5199], [5345], [3592], [6513], [79923], [4602], [23411], [3953], [367], [351], [4878], [5307], [4254], [3827], [3661], [2494], [3818], [5806], [6473], [8815], [3662], [1392], [317], [6426], [2516], [2547], [5728], [7508], [3426], [57104], [4776], [9927], [84433], [50616], [2073], [3162], [3559], [4688], [6721], [1917], [4086], [55626], [3483], [5069], [348], [2149], [6427], [5048], [7507], [9966]]
PTA DEFICIENCY:[[]]
Factor 11 Deficiencies:[[2147], [5781], [7450], [2155], [6772], [6662], [11093], [959], [7157], [3084], [3066], [3593], [207], [5624], [6598], [10135], [26121], [708], [23495], [50943], [10594], [5728], [5594], [3690], [335], [8647], [672], [24148], [1583], [5925], [4524], [3065], [5092], [285362], [85476], [142], [4193], [675], [1111], [5194], [3547], [120892], [4153], [4204], [23213], [7098], [6647], [4968], [6609], [6833], [462], [331], [83548], [7293], [3674], [4615], [3064], [6272], [2736], [2539], [10855], [7442], [5896], [3600], [5627], [3635], [5053], [6770], [106146144], [106146143], [1399], [8858], [2], [5428], [2244], [10599], [5805], [197], [6716], [51816], [2006], [10059], [720], [407026], [2271], [721], [3981], [64805], [51135], [5046], [55863], [2798], [81622], [84062], [5277], [5352], [1644], [1674], [64170], [11128], [291], [1773], [81704], [781], [259197], [55163], [56521], [4719], [28976], [9868], [10623]]
Rosenthal Syndromes:[[]]
F11 DEFICIENCY:[[2160], [2147], [2153], [351], [3827], [841], [5345], [387], [2065], [8795], [7416], [4649]]
ROSENTHAL SYNDROME:[[2160], [8011]]
Syndrome Rosenthal:[[8011], [1410], [2670], [2160]]
FACTOR XI DEFICIENCY:[[2160], [2158]]
Rosenthals Syndrome:[[]]
Hereditary factor XI deficiency disease:[[2160], [2158]]
Rosenthal's Syndromes:[[]]
Factor XI Deficiencies:[[]]
Hemophilia C:[[]]
PTA deficiency:[[]]
Factor Eleven Deficiency:[[2157], [6774], [3952], [4137], [2896], [90865], [3661], [54790], [3483], [2688], [5728], [5265], [3054], [948], [672], [595], [590], [1499], [7057], [5743], [7099], [200424], [10235], [673], [1029], [675], [1080], [3845], [2475], [3815], [5663], [7015], [4292], [2692], [2645], [3043], [4255], [8678], [5053], [6497], [407021], [5172], [406986], [3718], [1373], [407004], [4508], [50506], [6792], [113278]]
Plasma thromboplastin antecedent deficiency:[[2160]]
Congenital factor XI deficiency disease:[[2160], [2158]]
Factor Eleven Deficiencies:[[3952], [5728], [672], [3065], [675], [407021], [5053]]
Thromboplastin antecedent deficiency:[[2160]]
Factor XI deficiency:[[2160], [2158]]
PLASMA THROMBOPLASTIN ANTECEDENT DEFICIENCY:[[2160]]
Hereditary factor XI deficiency:[[2160], [2158]]
Plasma thromboplastin antecedent [PTA] deficiency:[[2160]]
