Periodic peritonitis:[[3569], [7124], [3553], [3586], [3576], [64127], [406947]]
FMF:[[4210], [7124], [4524], [1636], [3553], [1493], [3606], [51738], [64127], [114548], [5879], [4282], [356], [7132], [57817], [6280], [6288], [197], [3592], [406987], [1118], [6283], [100132285], [4598], [199713], [4010], [9051], [6289], [91662], [2854], [100616401]]
Recurrent Polyserositides:[[6774], [2147], [2153], [7157], [1956], [7124], [348], [7422], [3569], [7040], [4524], [2064], [2099], [3586], [1636], [672], [4318], [3845], [367], [673], [3123], [3553], [4846], [7015], [1401], [308], [4609], [3458], [675], [3717], [1080], [5156], [1499], [207], [5054], [5743], [1493], [4313], [29126], [1029], [3570], [7099], [50943], [3135], [7421], [3119], [3091], [9370], [5243], [3106], [999], [2272], [351], [3605], [3576], [596], [3565], [4153], [6532], [5728], [627], [4193], [2475], [3479], [332], [5290], [3417], [3572], [3952], [7097], [2157], [3690], [4790], [5241], [5468], [3791], [4851], [3557], [3606], [6347], [7132], [1312], [8772], [1557], [7852], [2944], [2100], [4233], [4137], [5444], [2668], [3815], [894], [199713], [2146], [5133], [5925], [100313948], [2952], [2908], [1462], [920], [960], [5594], [355], [8647], [3105], [4582], [3146], [1234], [1308], [4780], [238], [3077], [5879], [4879], [183], [51738], [2950], [6696], [4292], [472], [1813], [1588], [1543], [2703], [114548], [4288], [335], [3480], [6670], [10413], [324], [6772], [5979], [4843], [5970], [1565], [185], [22861], [23175], [2706], [64127], [282617], [6657], [2932], [1432], [406938], [7450], [177], [2322], [8626], [2162], [2067], [7428], [4763], [4869], [3481], [4282], [79068], [7098], [861], [54106], [3949], [1071], [6648], [3558], [6789], [5071], [2321], [9429], [3958], [929], [2697], [3107], [3117], [2332], [3620], [8743], [2152], [3934], [6331], [3552], [4000], [7276], [3757], [90865], [2263], [8842], [6690], [2068], [4255], [5624], [3784], [81704], [5781], [25], [2702], [2261], [4436]]
Periodic disease:[[3569], [3586], [7132]]
Benign paroxysmal peritonitis:[[3569], [1401], [3576], [7099]]
Peritonitides Benign Paroxysmal:[[112476], [6513], [619536], [7422], [7040], [3569], [4318], [3958], [1401], [3576], [4313], [3123], [9370], [7099], [1312], [4352], [3717], [23411], [4879], [773], [51738], [5621], [7490], [8091], [7076], [5328], [718], [9518], [57465], [7012], [111]]
Familial paroxysmal polyserositis:[[6331], [112476], [8792], [5621], [619536], [7137], [3717], [773], [3119], [3123], [6335], [7040], [7422], [2057], [3569], [3117], [4878], [4352], [1312], [6262], [9370], [153], [7099], [1401], [1804], [57465], [4318], [3576], [3762], [6329], [7097], [4982], [51738], [718], [7490], [25953], [8600], [111], [7076], [8091], [2643], [7012], [6575], [1129], [26047], [478], [6910], [3736], [8910], [6567], [7136]]
Polyserositis Familial Paroxysmal:[[6331], [112476], [8792], [5621], [619536], [7137], [3717], [773], [3119], [3123], [6335], [7040], [7422], [2057], [3569], [3117], [4878], [4352], [1312], [6262], [9370], [153], [7099], [1401], [1804], [57465], [4318], [3576], [3762], [6329], [7097], [4982], [51738], [718], [7490], [25953], [8600], [111], [7076], [8091], [2643], [7012], [6575], [1129], [26047], [478], [6910], [3736], [8910], [6567], [7136]]
Periodic Disease:[[3569], [3586], [7132]]
Wolff's Periodic Disease:[[]]
Recurrent Polyserositis:[[6774], [2147], [2153], [7157], [1956], [7124], [348], [7422], [3569], [7040], [4524], [2064], [2099], [3586], [1636], [672], [4318], [3845], [367], [673], [3123], [3553], [4846], [7015], [1401], [308], [4609], [3458], [675], [3717], [1080], [5156], [1499], [207], [5054], [5743], [1493], [4313], [29126], [1029], [3570], [7099], [50943], [3135], [7421], [3119], [3091], [9370], [5243], [3106], [999], [2272], [351], [3605], [3576], [596], [3565], [4153], [6532], [5728], [627], [4193], [2475], [3479], [332], [5290], [3417], [3572], [3952], [7097], [2157], [3690], [4790], [5241], [5468], [3791], [4851], [3557], [3606], [6347], [7132], [1312], [8772], [1557], [7852], [2944], [2100], [4233], [4137], [5444], [2668], [3815], [894], [199713], [2146], [5133], [5925], [100313948], [2952], [2908], [1462], [920], [960], [5594], [355], [8647], [3105], [4582], [3146], [1234], [1308], [4780], [238], [3077], [5879], [4879], [183], [51738], [2950], [6696], [4292], [472], [1813], [1588], [1543], [2703], [114548], [4288], [335], [3480], [6670], [10413], [324], [6772], [5979], [4843], [5970], [1565], [185], [22861], [23175], [2706], [64127], [282617], [6657], [2932], [1432], [406938], [7450], [177], [2322], [8626], [2162], [2067], [7428], [4763], [4869], [3481], [4282], [79068], [7098], [861], [54106], [3949], [1071], [6648], [3558], [6789], [5071], [2321], [9429], [3958], [929], [2697], [3107], [3117], [2332], [3620], [8743], [2152], [3934], [6331], [3552], [4000], [7276], [3757], [90865], [2263], [8842], [6690], [2068], [4255], [5624], [3784], [81704], [5781], [25], [2702], [2261], [4436]]
Mediterranean Fever Familial:[[4210], [114548], [7124], [3717], [5243], [7132], [3553], [3569], [7422], [7099], [1636], [4524], [3586], [5054], [5743], [9370], [3458], [3106], [5444], [1401], [7421], [6288], [7097], [1080], [3565], [1493], [4598], [3952], [64127], [4982], [3557], [355], [51738], [3606], [356], [1576], [929], [57817], [100507436], [6280], [2638], [197], [2876], [7056], [100], [1361], [54210], [834], [340061], [29108], [6348], [728], [1594], [2209], [10371], [6283], [368], [64240], [5473], [54541], [4010], [51816], [27202], [10572], [260434]]
Familial Mediterranean fever:[[4210], [5243], [7124], [7422], [3569], [4524], [1636], [7099], [3553], [1401], [7421], [3106], [5054], [3952], [3458], [5444], [3717], [7097], [1493], [3565], [355], [3606], [51738], [3557], [64127], [1576], [114548], [929], [4982], [7132], [356], [6288], [100507436], [57817], [6280], [2638], [197], [2876], [7056], [100], [1361], [54210], [6348], [1594], [340061], [29108], [728], [10371], [2209], [368], [6283], [5473], [4598], [64240], [54541], [4010], [51816], [27202], [10572]]
Periodic Diseases:[[6329], [7132], [64127], [7124], [3569], [3586], [3553], [2099], [9370], [114548], [3576], [3479], [3952], [3350], [406938], [4210], [4282], [3383], [406947], [10135], [56729], [3557], [5879], [387], [2214], [4314], [4615], [331], [6093], [7494], [2547], [9575], [1437], [773], [8737], [10940], [2209], [2495], [477], [2796], [23452], [22900], [259232]]
Paroxysmal polyserositis:[[6513], [112476], [6331], [6335], [3569], [7422], [7040], [1401], [4318], [3778], [9370], [3123], [7099], [1312], [3576], [574044], [3717], [100188328], [4313], [4879], [23411], [5277], [7097], [3146], [3119], [5621], [3958], [177], [51738], [25953], [773], [4982], [7490], [8600], [718], [7076], [3117], [3084], [9518], [5328], [8091], [7941], [619536], [7137], [153], [1804], [100506715], [5617], [6776], [2057], [4878], [57465], [1604], [10059], [1378], [966], [4352], [6777], [6262], [2643], [8792], [7012], [912], [6329], [5138], [3811], [1180], [4925], [3762], [1129], [4880], [406900], [51604], [6910], [26047], [407037], [3736], [478], [8910], [6567], [111], [6575], [3751], [1892], [683], [7504], [7135], [3996], [64902], [7136], [6330], [10455], [282809], [3270], [55515]]
Peritonitides Periodic:[[6329], [3759], [100134444], [7132], [779], [7124], [3569], [5822], [63944], [3350], [2099], [3586], [114548], [3553], [9370], [3576], [3479], [4210], [3952], [4598], [112272595], [780901], [3383], [64127], [5879], [3557], [4282], [406938], [387], [102724159], [406947], [983], [6790], [4314], [56729], [10135], [331], [1017], [1457], [4615], [2214], [6093], [891], [2547], [7150], [773], [8737], [1437], [7494], [9575], [114781], [51095], [10524], [1460], [2209], [7031], [2495], [477], [406], [3773], [54567], [2796], [6286], [4211], [5187], [3736], [22900], [23452], [5789], [90167], [27324], [10060], [5607], [259232], [91662], [9948], [8520], [10008], [1195], [10940], [58497], [11137], [149461], [9552], [257101]]
Familial recurrent polyserositis:[[8647], [672], [5205], [675], [6331], [7157], [8792], [348], [2099], [324], [114548], [3949], [3845], [79577], [3717], [255738], [4210], [999], [5468], [7137], [1540], [207], [3119], [2147], [2153], [1956], [5551], [5728], [5979], [335], [3123], [7124], [5290], [7428], [861], [7040], [7422], [4000], [11200], [1636], [846], [4524], [7015], [472], [3569], [3077], [1029], [367], [673], [3784], [2064], [3553], [2200], [351], [6323], [3586], [4763], [4318], [5243], [773], [5054], [213], [5888], [4088], [1499], [3117], [1401], [7046], [3458], [4137], [5156], [3815], [7099], [308], [6334], [1493], [2702], [1080], [2057], [5743], [9370], [3106], [4193], [7421], [7128], [6532], [4352], [1312], [5155], [3565], [7517], [7132], [8517], [627], [199713], [5444], [3576], [2243], [3091], [4851], [5071], [2776], [5741], [7097], [4790], [7276], [2475], [1536], [3479], [5241], [3952], [1000], [3557], [3973], [5925], [238], [3791], [3762], [2100], [4233], [3606], [23405], [6347], [7043], [112744], [183], [1557], [7852], [2944], [2706], [4292], [3105], [1813], [4018], [5245], [2950], [2146], [6329], [355], [1071], [83990], [2908], [201294], [27032], [64127], [1234], [8878], [406938], [3480], [8626], [51738], [185], [1588], [1543], [6690], [2703], [4982], [10413], [4436], [2261], [551], [6772], [5970], [22861], [6598], [2263], [925], [5592], [9429], [4221], [9211], [5624], [2322], [2767], [4869], [3394], [116085], [3481], [3757], [811], [11093], [2335], [3786], [6648], [4255], [3558], [718], [3265], [929], [7490], [4353], [2332], [1277], [8912], [5159], [1103], [4893], [5781], [2033], [8314]]
Peritonitis Benign Paroxysmal:[[3569], [1401], [3576], [7099]]
FAMILIAL MEDITERRANEAN FEVER:[[4210], [5243], [7124], [7422], [3569], [4524], [1636], [7099], [3553], [1401], [7421], [3106], [5054], [3952], [3458], [5444], [3717], [7097], [1493], [3565], [355], [3606], [51738], [3557], [64127], [1576], [114548], [929], [4982], [7132], [356], [6288], [100507436], [57817], [6280], [2638], [197], [2876], [7056], [100], [1361], [54210], [6348], [1594], [340061], [29108], [728], [10371], [2209], [368], [6283], [5473], [4598], [64240], [54541], [4010], [51816], [27202], [10572]]
POLYSEROSITIS RECURRENT:[[6774], [2147], [2153], [7157], [1956], [7124], [348], [7422], [3569], [7040], [4524], [2064], [2099], [3586], [1636], [672], [4318], [3845], [367], [673], [3123], [3553], [4846], [7015], [1401], [308], [4609], [3458], [675], [3717], [1080], [5156], [1499], [207], [5054], [5743], [1493], [4313], [29126], [1029], [3570], [7099], [50943], [3135], [7421], [3119], [3091], [9370], [5243], [3106], [999], [2272], [351], [3605], [3576], [596], [3565], [4153], [6532], [5728], [627], [4193], [2475], [3479], [332], [5290], [3417], [3572], [3952], [7097], [2157], [3690], [4790], [5241], [5468], [3791], [4851], [3557], [3606], [6347], [7132], [1312], [8772], [1557], [7852], [2944], [2100], [4233], [4137], [5444], [2668], [3815], [894], [199713], [2146], [5133], [5925], [100313948], [2952], [2908], [1462], [920], [960], [5594], [355], [8647], [3105], [4582], [3146], [1234], [1308], [4780], [238], [3077], [5879], [4879], [183], [51738], [2950], [6696], [4292], [472], [1813], [1588], [1543], [2703], [114548], [4288], [335], [3480], [6670], [10413], [324], [6772], [5979], [4843], [5970], [1565], [185], [22861], [23175], [2706], [64127], [282617], [6657], [2932], [1432], [406938], [7450], [177], [2322], [8626], [2162], [2067], [7428], [4763], [4869], [3481], [4282], [79068], [7098], [861], [54106], [3949], [1071], [6648], [3558], [6789], [5071], [2321], [9429], [3958], [929], [2697], [3107], [3117], [2332], [3620], [8743], [2152], [3934], [6331], [3552], [4000], [7276], [3757], [90865], [2263], [8842], [6690], [2068], [4255], [5624], [3784], [81704], [5781], [25], [2702], [2261], [4436]]
FAMILIAL MEDITERRANEAN FEVER AUTOSOMAL RECESSIVE:[[4210], [7422], [7124], [1636], [3458], [3557], [7132], [356], [10371], [51816]]
Familial Mediterranean Fever Autosomal Recessive:[[4210], [7422], [7124], [1636], [3458], [3557], [7132], [356], [10371], [51816]]
Recurrent polyserositis:[[6774], [2147], [2153], [7157], [1956], [7124], [348], [7422], [3569], [7040], [4524], [2064], [2099], [3586], [1636], [672], [4318], [3845], [367], [673], [3123], [3553], [4846], [7015], [1401], [308], [4609], [3458], [675], [3717], [1080], [5156], [1499], [207], [5054], [5743], [1493], [4313], [29126], [1029], [3570], [7099], [50943], [3135], [7421], [3119], [3091], [9370], [5243], [3106], [999], [2272], [351], [3605], [3576], [596], [3565], [4153], [6532], [5728], [627], [4193], [2475], [3479], [332], [5290], [3417], [3572], [3952], [7097], [2157], [3690], [4790], [5241], [5468], [3791], [4851], [3557], [3606], [6347], [7132], [1312], [8772], [1557], [7852], [2944], [2100], [4233], [4137], [5444], [2668], [3815], [894], [199713], [2146], [5133], [5925], [100313948], [2952], [2908], [1462], [920], [960], [5594], [355], [8647], [3105], [4582], [3146], [1234], [1308], [4780], [238], [3077], [5879], [4879], [183], [51738], [2950], [6696], [4292], [472], [1813], [1588], [1543], [2703], [114548], [4288], [335], [3480], [6670], [10413], [324], [6772], [5979], [4843], [5970], [1565], [185], [22861], [23175], [2706], [64127], [282617], [6657], [2932], [1432], [406938], [7450], [177], [2322], [8626], [2162], [2067], [7428], [4763], [4869], [3481], [4282], [79068], [7098], [861], [54106], [3949], [1071], [6648], [3558], [6789], [5071], [2321], [9429], [3958], [929], [2697], [3107], [3117], [2332], [3620], [8743], [2152], [3934], [6331], [3552], [4000], [7276], [3757], [90865], [2263], [8842], [6690], [2068], [4255], [5624], [3784], [81704], [5781], [25], [2702], [2261], [4436]]
Periodic polyserositis:[[6329], [3759], [100134444], [7132], [779], [7124], [3569], [5822], [63944], [3350], [2099], [3586], [114548], [3553], [9370], [3576], [3479], [4210], [3952], [4598], [112272595], [780901], [3383], [64127], [5879], [3557], [4282], [406938], [387], [102724159], [406947], [983], [6790], [4314], [56729], [10135], [331], [1017], [1457], [4615], [2214], [6093], [891], [2547], [7150], [773], [8737], [1437], [7494], [9575], [114781], [51095], [10524], [1460], [2209], [7031], [2495], [477], [406], [3773], [54567], [2796], [6286], [4211], [5187], [3736], [22900], [23452], [5789], [90167], [27324], [10060], [5607], [259232], [91662], [9948], [8520], [10008], [1195], [10940], [58497], [11137], [149461], [9552], [257101]]
Wolff Periodic Disease:[[]]
Periodic familial peritonitis:[[7124], [3569], [3553], [3586], [3576], [64127]]
Polyserositides Familial Paroxysmal:[[6331], [112476], [8792], [5621], [619536], [7137], [3717], [773], [3119], [3123], [6335], [7040], [7422], [2057], [3569], [3117], [4878], [4352], [1312], [6262], [9370], [153], [7099], [1401], [1804], [57465], [4318], [3576], [3762], [6329], [7097], [4982], [51738], [718], [7490], [25953], [8600], [111], [7076], [8091], [2643], [7012], [6575], [1129], [26047], [478], [6910], [3736], [8910], [6567], [7136]]
MEF - Familial Mediterranean fever:[[4210]]
FMF - Familial Mediterranean fever:[[4210], [7124], [1636], [3553], [4524], [1493], [3606], [51738], [64127], [6288], [114548], [356], [7132], [57817], [6280], [197], [6283], [4598], [4010]]
POLYSEROSITIS FAMILIAL PAROXYSMAL:[[6331], [112476], [8792], [5621], [619536], [7137], [3717], [773], [3119], [3123], [6335], [7040], [7422], [2057], [3569], [3117], [4878], [4352], [1312], [6262], [9370], [153], [7099], [1401], [1804], [57465], [4318], [3576], [3762], [6329], [7097], [4982], [51738], [718], [7490], [25953], [8600], [111], [7076], [8091], [2643], [7012], [6575], [1129], [26047], [478], [6910], [3736], [8910], [6567], [7136]]
Peritonitis Periodic:[[3569], [7124], [3553], [3586], [3576], [64127], [406947]]
Wolffs Periodic Disease:[[]]
