N-Laurylsphingosine Deacylase Deficiency:[[427], [23411], [51547], [7099], [51548], [192343]]
Farber's disease:[[427]]
Farber's Diseases:[[]]
Farbers Disease:[[1493], [5979], [64127], [11315], [351], [8792], [348], [5071], [1910], [3064], [3586], [6774], [3123], [1029], [6622], [4137], [540], [5310], [3717], [6347], [24], [1201], [6387], [3119], [120892], [335], [7450], [5621], [7422], [3569], [338], [5311], [3949], [3107], [4287], [19], [4023], [5664], [57623], [1071], [3558], [4314], [255738], [4088], [356], [3117], [26191], [1191], [653361], [1586], [958], [26503], [1401], [2629], [4018], [3593], [116519], [6927], [4688], [729230], [3106], [864], [3570], [80339], [7415], [6597], [2244], [59067], [345], [8651], [3115], [10577], [149233], [5314], [6261], [3592], [7957], [1030], [28], [10320], [1234], [3659], [246778], [3990], [4041], [1378], [100048912], [3077], [3383], [6775], [5376], [9173], [2161], [55600], [26058], [7439], [1138], [4361], [4582], [7369], [1956], [1282], [3122], [6653], [4747], [51752], [7124], [4359], [538], [55054], [1136], [6311], [5663], [3931], [3992], [2646], [6584], [337], [9966], [4321], [56606], [217], [1235], [274], [5734], [2524], [7040], [341], [7292], [3953], [4524], [1232], [6272], [5966], [5771], [2308], [54901], [4068], [7332], [8878], [3562], [100507436], [9388], [3084], [2099], [10452], [3559], [6583], [5328], [8301], [1636], [3635], [4693], [1230], [2212], [945], [4318], [29881], [9370], [5243], [367], [4790], [7128], [7421], [64241], [54332], [6403], [1373], [7077], [4846], [94103], [51085], [2243], [10019], [345611], [7015], [4311], [2581], [10221], [56731], [7840], [2876], [940], [6606], [60468], [3595], [2266], [50941], [100359403], [3458], [221692], [10347], [3658], [3133], [2904], [64478], [1394], [64170], [64399], [5594]]
Acylsphingosine deacylase deficiency:[[427]]
N-LAURYLSPHINGOSINE DEACYLASE DEFICIENCY:[[427], [23411], [51547], [7099], [51548], [192343]]
ACID CERAMIDASE DEFICIENCY:[[427], [5728], [6352], [6609], [1508]]
N-Laurylsphingosine Deacylase Deficiencies:[[]]
Deficiency Acid Ceramidase:[[427], [5728], [6352], [6609], [1508]]
Farber Disease:[[427]]
CERAMIDASE DEFICIENCY:[[55331], [427], [7124], [9370], [5728], [596], [857], [6352], [6609], [1508], [79602]]
Disseminated lipogranulomatosis:[[]]
Farber's Disease:[[427]]
FARBER DISEASE:[[427]]
Farber's lipogranulomatosis:[[427]]
Lipogranulomatosis Farber:[[427]]
Deficiencies Ceramidase:[[5728], [6609]]
FRBRL:[[]]
Deficiency Ceramidase:[[55331], [427], [7124], [9370], [5728], [596], [857], [6352], [6609], [1508], [79602]]
Acid ceramidase deficiency:[[427], [5728], [6352], [6609], [1508]]
Farber lipogranulomatosis:[[427]]
Farber disease:[[427]]
AC DEFICIENCY:[[427], [79001], [2068], [2147], [2067], [4524], [4586], [7274], [6513], [3479], [3123], [5624], [2072], [7157], [2073], [2153], [90411], [1376], [2688], [5660], [3077], [3952], [2074], [3075], [1585], [5054], [1588], [2071], [7124], [718], [3953], [5627], [1586], [4153], [355], [3162], [348], [3586], [3569], [3559], [2157], [9370], [5265], [7422], [948], [1956], [920], [2099], [2155], [4353], [6774], [2539], [1646], [1161], [7421], [25974], [1589], [7040], [1029], [2162], [2161], [3117], [627], [7018], [3689], [1806], [5728], [1401], [7941], [5340], [326625], [4790], [675], [672], [6622], [4609], [1636], [335], [3106], [10474], [2645], [2160], [2159], [5443], [2677], [367], [4137], [3030], [6716], [2624], [7015], [462], [673], [54821], [351], [3458], [3990], [727], [5468], [710], [4023], [590], [1493], [1071], [100], [472], [6786], [1080], [19], [1026], [5447], [2678], [3091], [6647], [164656], [3717], [498], [7297], [55573], [64135], [1644], [23495], [2944], [207], [5071], [174], [2876], [857], [3251], [64127], [4548], [3553], [2064], [2937], [7172], [7450], [217], [2643], [89], [27249], [720], [3938], [2475], [3105], [5444], [4615], [717], [3119], [4318], [5820], [7099], [3043], [2158], [3704], [3845], [1557], [4982], [84876], [166785], [55661], [4846], [999], [695], [34], [121278], [11093], [861], [5743], [3593], [54658], [23411], [7535], [6390], [3290], [5230], [5009], [6387], [4292], [5313], [338], [1234], [120892], [4204], [5449], [29126], [596], [6948], [114548], [10165], [1499], [629], [8626], [5321], [2638], [3172], [595], [5122], [5184], [875], [79068]]
Farber-Uzman syndrome:[[]]
Acid Ceramidase Deficiencies:[[5728], [6609]]
N Laurylsphingosine Deacylase Deficiency:[[427], [23411], [51547], [7099], [51548], [192343]]
Ceramidase deficiency:[[55331], [427], [7124], [9370], [5728], [596], [857], [6352], [6609], [1508], [79602]]
FARBER LIPOGRANULOMATOSIS:[[427]]
