Chronic fatigue unspecified:[[7422], [7124], [7040], [1432], [5743], [27185], [5594], [2316], [2908], [5595], [3320], [3572], [8741], [5604], [2915]]
Iceland disease:[[1471], [675], [1278], [4607], [1482], [79728], [2318], [9217], [92], [8292], [55843], [728215]]
Fatigue-Fibromyalgia Syndromes Chronic:[[7124], [3569], [1401], [4524], [6532], [3952], [3553], [3627], [4128], [375790]]
Fatigue Syndromes Chronic:[[7124], [7422], [3123], [3569], [7040], [1401], [4524], [6532], [7099], [5243], [3553], [3952], [2316], [5594], [3146], [1432], [3557], [4843], [3627], [9518], [5595], [3320], [4128], [7137], [3574], [84876], [23028], [866], [375790]]
Fatigue Disorder Chronic:[[1636], [7422], [1312], [3356], [7124], [6532], [3569], [3123], [4524], [1401], [627], [3553], [5243], [7040], [6622], [3952], [7099], [5743], [2908], [26291], [27185], [3146], [5594], [154], [3565], [2316], [4843], [3557], [4153], [177], [4128], [120892], [89], [3627], [3603], [1803], [3570], [5595], [1394], [9518], [2915], [3600], [3320], [135], [6530], [3574], [7137], [5604], [8741], [5742], [969], [5837], [23590]]
Postviral Fatigue Syndrome:[[]]
Royal Free Disease:[[]]
Myalgic encephalomyelitis syndrome:[[2316], [5604], [5594], [5605], [9518], [5595], [1432], [5562], [148], [3625], [7094], [80036]]
Systemic Exertion Intolerance Disease:[[3383]]
Benign myalgic encephalomyelitis:[[9518], [148]]
Infectious Mononucleosis Like Syndrome Chronic:[[7099], [54106], [3123], [7040], [3586], [2944], [3105], [2952], [1234], [1232]]
CFS - Chronic fatigue syndrome:[[3569], [3123], [6532], [2908], [3356], [3570], [3572], [80036]]
Fatigue Disorders Chronic:[[7422], [7124], [3569], [3123], [4524], [1312], [7040], [6532], [627], [1636], [3553], [6622], [3952], [7099], [1401], [5743], [3565], [5243], [2908], [3146], [2316], [27185], [3356], [154], [1432], [177], [3557], [120892], [4153], [4843], [4128], [1803], [3627], [5562], [3570], [9518], [26291], [5595], [3600], [3320], [135], [5617], [1394], [84876], [5604], [8741], [6530], [5742], [2915], [1376], [148]]
Chronic Fatigue Fibromyalgia Syndrome:[[]]
ME - Myalgic encephalomyelitis:[[5562], [80036]]
Chronic Fatigue and Immune Dysfunction Syndrome:[[]]
Myalgic Encephalomyelitis:[[5594], [1432], [5595], [9518], [5562], [2316], [5604], [7094], [5605], [148], [3625], [80036], [23590]]
Fatigue-Fibromyalgia Syndrome Chronic:[[7124], [1401], [3569], [1312], [627], [4524], [1636], [6532], [3952], [3553], [4128], [154], [2908], [3565], [3356], [3627], [375790], [5742], [148]]
Postviral Fatigue Syndromes:[[]]
Chronic fatigue syndrome:[[7040], [7422], [3569], [1636], [627], [3123], [1312], [5743], [6532], [3952], [5594], [2908], [1432], [177], [4153], [5595], [3356], [4843], [1803], [9518], [5562], [3570], [2316], [5604], [27185], [3574], [3572], [112744], [3603], [6041], [7094], [5605], [148], [1376], [270], [3625], [866], [5837], [969], [80036], [27087]]
Myalgic encephalomyelitis:[[5594], [1432], [5595], [9518], [5562], [2316], [5604], [7094], [5605], [148], [3625], [80036], [23590]]
Infectious Mononucleosis-Like Syndrome Chronic:[[]]
Fatigue Syndrome Chronic:[[3123], [2316], [7422], [1401], [5604], [7124], [3570], [3569], [5594], [7040], [4524], [1636], [1312], [6532], [627], [3553], [5243], [7099], [3952], [5743], [4128], [3146], [154], [177], [6622], [2908], [4153], [3565], [3557], [3572], [3627], [4843], [1803], [3356], [9518], [1432], [27185], [5605], [26291], [5595], [3600], [5562], [6790], [120892], [3574], [112744], [7137], [5617], [375790], [1394], [135], [84876], [6530], [8741], [6041], [23028], [5742], [866], [3603], [89], [148], [969], [3625], [7094], [1376], [80036], [2915], [270], [5837], [27087]]
Chronic fatigue syndrome NOS:[[4843], [7422], [5743]]
Postviral fatigue syndrome:[[]]
