Femoral nerve palsy:[[]]
Lesion of femoral nerve:[[]]
Neuropathy Femoral:[[7124], [4524], [7157], [1636], [7422], [3569], [7040], [5243], [4846], [59341], [9370], [3586], [4318], [3091], [1401], [3565], [3383], [8600], [1906], [1576], [185], [4088], [4852], [182], [55600]]
Femoral Mononeuropathies:[[]]
Femoral nerve lesion:[[]]
Lesion of femoral nerve unspecified lower limb:[[]]
Mononeuropathy Femoral:[[]]
Nerve Diseases Femoral:[[7157], [7124], [7422], [7040], [3569], [2099], [5243], [3091], [4318], [3586], [3553], [9370], [1401], [51738], [3952], [5444], [5054], [59341], [3383], [154], [6280], [7076], [185], [3953], [650], [4088], [4852], [7412], [6662], [4842], [4317], [6401]]
Nerve Disease Femoral:[[3586], [7422], [3569], [4088], [1401], [7124], [7040], [3383], [2099], [5243], [4318], [3953], [3481], [9370], [7157], [59341], [3630], [3091], [3553], [51738], [5054], [3952], [5444], [2], [154], [2247], [2263], [650], [185], [7076], [6280], [7412], [4852], [6401], [4842], [6662], [4317]]
Femoral Neuropathies:[[]]
Femoral nerve lesions:[[]]
Femoral nerve disorder:[[]]
Femoral neuropathy:[[]]
