Prenatal-onset growth retardation:[[3480], [2261], [4524], [3376]]
Fetal growth retardation unspecified:[[7422], [811]]
Intrauterine growth retardation (IUGR):[[3479], [2321], [3481], [3486], [2688], [5228], [5069], [3291], [6567]]
Intrauterine Growth Retardation:[[5743], [3479], [2475], [1028], [3952], [3162], [5426], [355], [3480], [2321], [3481], [3486], [958], [5806], [11186], [7412], [2688], [5228], [5069], [284], [5654], [7010], [3291], [7012], [5449], [6567], [100151683], [10102], [57061]]
IUGR:[[7124], [348], [3569], [7040], [4318], [4846], [3479], [5468], [596], [4313], [5054], [6347], [3135], [1906], [4153], [3958], [836], [2321], [3481], [2335], [3486], [10135], [2022], [1191], [6285], [5465], [3956], [3620], [2688], [5228], [6403], [7037], [5467], [5069], [5627], [3291], [283131], [406989], [7039], [6422], [11082], [8312], [9423], [3623], [7980], [6915], [476], [720], [51083], [2220], [10075], [8858], [3625], [6567], [384], [9820], [8547], [406969], [2487], [29124], [3957], [54407], [94031], [59277], [2297], [406970], [1852], [117247], [85360]]
IUGR - Intrauterine growth retardation:[[3479], [2321], [3481], [3486], [2688], [5228], [5069], [3291], [6567]]
Prenatal onset growth retardation:[[3479], [2263], [3480], [3481], [2321], [2261], [2690], [5228], [7157], [4204], [627], [9370], [4524], [3845], [2952], [3135], [2904], [3376], [4208], [4988], [7249], [283120], [1756], [4128], [3291], [1760]]
Poor fetal growth:[[7422], [3479], [3791], [7040], [2322], [3480], [1956], [3569], [3481], [5156], [2321], [51738], [3586], [3486], [2247], [7424], [6387], [8829], [183], [1950], [2260], [857], [7042], [5228], [5069], [3484], [3488], [3565], [9518], [3084], [26291], [207], [3485], [2066], [2896], [4804], [2252], [2255], [6597], [7157], [3482], [6382], [3491], [5617], [3164], [5764], [6997], [2621], [3487], [9965], [4192], [627], [3091], [8828], [5728], [7124], [8091], [5743], [3553], [867], [8788], [1649], [3576], [3717], [367], [2475], [596], [406991], [5595], [4053], [2099], [53335], [6774], [9370], [3952], [59], [3690], [5290], [4318], [259], [5781], [23411], [6692], [2022], [2173], [4233], [7099], [348], [1499], [79068], [4609], [2672], [4879], [4790], [7852], [6347], [2100], [1636], [6622], [3685], [4524], [3845], [2147], [1026], [5594], [7015], [1401], [3630], [5243], [5970], [6662], [999], [5468], [7490], [4137], [4313], [4087], [7421], [4193], [2324], [4846], [4602], [2335], [1028], [595], [1277], [3309], [3458], [332], [3688], [1027], [6532], [268], [389421], [3135], [3815], [6513], [6696], [2146], [1906], [4780], [7080], [7097], [1432], [6657], [5054], [650], [8626], [283120], [4582], [3162], [185], [861], [7291], [2908], [142], [3958], [6280], [7076], [682], [581], [4282], [2778], [5241], [174], [5460], [920], [3953], [836], [2950], [3678], [9429], [3732], [4323], [2305], [3397], [3897], [407040], [6648], [2697], [9314], [5133], [335], [285], [6469], [648], [558], [5315], [2308], [406976], [3383], [2152], [6422], [22943], [1312], [4035], [1080], [4843], [4869], [1435]]
Poor fetal growth state:[[7422], [3479], [7040], [3791], [2322], [3480], [1956], [3569], [2321], [3586], [51738], [2247], [6387], [7424], [2260], [183], [857], [1950], [7042], [5228], [207], [3565], [9518], [3084], [26291], [7157], [3485], [2896], [4804], [3091], [2252], [627], [7124], [3491], [5617], [3164], [5764], [2621], [5728], [9965], [4192], [3553], [8091], [9370], [367], [5743], [2475], [3952], [3717], [3690], [2099], [3576], [5595], [1649], [348], [7099], [23411], [596], [4609], [6774], [406991], [4790], [6622], [4318], [5290], [2147], [3845], [5781], [5594], [1636], [5243], [4524], [2022], [4137], [1401], [4233], [6347], [1499], [4879], [3630], [2672], [5468], [6532], [79068], [3688], [7852], [3685], [2100], [1026], [4846], [5970], [7015], [5054], [7097], [4313], [2146], [7421], [999], [1027], [5315], [4780], [6657], [6662], [4087], [4193], [4602], [1277], [2908], [3162], [595], [5460], [2335], [1080], [1432], [3309], [3458], [332], [2152], [3135], [6696], [185], [1906], [920], [8626], [389421], [3815], [4282], [1312], [6513], [3958], [861], [7076], [581], [4582], [7291], [650], [3265], [283120], [3383], [142], [2778], [5241], [3678], [10891], [682], [3953], [5133], [335], [4869], [9314], [285], [9429], [174], [836], [2932], [6648], [2308], [4323], [2305], [407040], [3897], [558], [718], [2697], [6331], [5444], [7298], [6469], [1435], [5329], [324], [8743], [5443], [22943], [6422], [2153], [2309], [1588], [5347], [213], [3064], [11186], [355], [6772], [3784], [3757], [5465], [2944], [1493], [768], [4072], [4314], [3627], [2332], [4915], [7412], [3956], [7276], [56729], [9021]]
Prenatal growth deficiency:[[3479], [7040], [3480], [2263], [3486], [7048], [2690], [2260], [2147], [2068], [7157], [351], [6513], [5728], [4254], [4524], [627], [7124], [9997], [8091], [2073], [9370], [2672], [2153], [695], [4153], [3458], [3576], [3559], [1586], [4318], [2908], [1277], [3630], [5468], [3689], [3643], [3845], [2944], [50943], [268], [1080], [2778], [25], [6532], [6770], [5444], [3815], [3596], [2158], [2200], [7535], [6531], [2152], [4204], [2950], [2952], [3064], [9131], [2056], [3606], [2309], [4763], [1312], [6648], [3265], [7249], [1118], [558], [22914], [2538], [4684], [158], [3784], [4128], [3757], [3291], [613], [3908], [7248], [255738], [1756], [1788], [1789], [10381], [25836], [8085], [5314], [6606], [6607], [538], [4208], [6928], [3973], [7408], [9820], [3981], [1760], [6910], [9780], [7403], [1497]]
Poor prenatal growth:[[3479], [7040], [3480], [2263], [3481], [3486], [2321], [7048], [2261], [2260], [5228], [3482], [7157], [5728], [8091], [627], [7124], [5781], [389421], [3576], [4318], [2672], [3845], [9370], [2908], [5468], [50943], [1277], [9997], [2147], [3458], [3815], [4152], [3630], [268], [4524], [25], [3606], [6532], [2778], [6513], [1312], [2305], [2950], [558], [6648], [2944], [283120], [2152], [1080], [2309], [3135], [4904], [695], [5444], [1786], [4613], [3265], [4763], [6531], [3064], [4988], [1788], [4153], [2952], [2068], [10381], [4684], [6331], [406952], [3559], [2153], [3691], [22914], [4128], [3297], [2120], [3757], [847], [613], [3784], [7248], [8038], [5268], [1756], [3339], [1789], [1586], [406984], [8085], [1571], [23705], [7535], [25836], [3350], [8792], [3908], [8660], [3973], [1082], [5921], [6928], [5308], [9131], [4208], [9820], [429], [1630], [6910], [9780], [7403], [384], [442920]]
FGR - Fetal growth retardation:[[7422], [283120], [811], [3484], [406989]]
Intrauterine growth failure:[[7422], [3479], [7040], [3480], [3569], [3481], [3586], [2321], [51738], [2246], [7157], [6387], [5228], [5069], [3484], [26291], [8091], [7124], [153], [367], [9370], [4088], [5743], [3952], [2099], [596], [627], [3553], [4318], [2475], [3458], [6347], [1401], [4846], [1906], [4524], [4879], [6513], [6464], [5054], [348], [2147], [7099], [6517], [3958], [3934], [1027], [7852], [4223], [355], [5879], [2908], [133], [4780], [356], [796], [3162], [6331], [285], [7412], [10891], [3315], [581], [6934], [5444], [5465], [7012], [7276], [5806], [6657], [11082], [4288], [3624], [54106], [22943], [1471], [2056], [7077], [7132], [94025], [5460], [5133], [283120], [213], [11186], [7098], [4153], [4353], [3956], [958], [7137], [8862], [2149], [197], [19], [4878], [3757], [3784], [2104], [406992], [255738], [406907], [6285], [60489], [79923], [3814], [6441], [51284], [1082], [943], [3290], [5551], [1591], [56606], [3206], [290], [8547], [10272], [57061]]
Poor foetal growth:[[7422], [2322], [5228], [3553], [4790], [1401], [6662], [1277], [3630], [4582], [6657], [2932], [718], [355], [2944], [23213], [1576], [10763], [10630], [5176], [5327], [407008], [7128], [3339], [9423], [51176], [11093], [10544], [2931], [1464], [1630], [7114], [53335], [9168], [6656]]
Poor foetal growth state:[[7422], [2322], [5228], [3553], [4790], [1401], [3630], [6662], [6657], [1277], [4582], [2932], [718], [355], [2944], [1576], [11093], [5176], [5327], [407008], [7128], [51176], [10544], [7114]]
Fetal Growth Retardation:[[7422], [9370], [2475], [2952], [3135], [811], [2155], [5228], [283120], [5950], [6678], [3484], [1361], [10392], [406989], [8788], [4925]]
Fetal growth retardation:[[7422], [9370], [2475], [2952], [3135], [811], [2155], [5228], [283120], [5950], [6678], [3484], [1361], [10392], [406989], [8788], [4925]]
Fetal growth restriction:[[7422], [3479], [7040], [3481], [3480], [2688], [3569], [2321], [51738], [3586], [5228], [183], [1950], [5069], [3484], [8829], [7043], [3565], [857], [26291], [4057], [2066], [2896], [3482], [5617], [7157], [3487], [1442], [4254], [351], [2689], [7124], [3091], [3553], [627], [2475], [9370], [3952], [3690], [23411], [7050], [259], [84432], [51162], [596], [7421], [6692], [79068], [2099], [2022], [3630], [7099], [6774], [348], [111], [4879], [4846], [4318], [2147], [1636], [4137], [1028], [1499], [1277], [6347], [1401], [7852], [2335], [1026], [1906], [3845], [2908], [7015], [3162], [57018], [920], [185], [595], [5054], [3135], [1027], [283120], [10253], [406976], [5241], [3958], [10891], [355], [2153], [2332], [133], [3596], [2152], [8743], [581], [4282], [4312], [7291], [861], [4843], [2056], [5444], [3291], [11082], [54106], [682], [2944], [4323], [6934], [5806], [1234], [7412], [1312], [796], [2952], [22943], [285], [5347], [1634], [3673], [3956], [22933], [1543], [3172], [5111], [494336], [5315], [2719], [4153], [19], [7276], [213], [114548], [2081], [4684], [3557], [186], [6720], [217], [947], [406992], [4023], [1268], [8862], [197], [9423], [1586], [5950], [216], [5744], [5972], [405], [494324], [7494], [2641], [5919], [5175], [1571], [406933], [1788], [3428], [155], [6403], [3814], [252995], [1361], [1910], [633], [308], [1082], [943], [150], [2744], [2817], [1909], [7100], [6573], [1289], [6649], [2746], [5324], [60676], [7262], [2288], [55937], [3087], [6515], [8858], [406953], [406977], [2104], [146433], [6533], [6470], [9782], [2752], [3142], [199713], [3263], [54407]]
Foetal growth retardation:[[7422], [5228], [4790], [1401], [355]]
Intrauterine growth restriction:[[7422], [3479], [7040], [3481], [2688], [3480], [3569], [2321], [3586], [51738], [1950], [5228], [5069], [3484], [4057], [26291], [4803], [2246], [7157], [1442], [1028], [2475], [7124], [51162], [596], [627], [79068], [3952], [9370], [3553], [2099], [348], [2022], [111], [4318], [1401], [6347], [4846], [2147], [7099], [1906], [4879], [2908], [5054], [5879], [57018], [7852], [355], [1027], [356], [3162], [10891], [3958], [3315], [581], [54106], [3934], [11082], [6934], [861], [4288], [22943], [285], [2202], [5806], [7412], [5444], [133], [283120], [2056], [7010], [7077], [60489], [796], [3291], [5111], [3956], [213], [4153], [19], [7132], [4353], [2157], [284], [7276], [338], [197], [8862], [255738], [406992], [1586], [3814], [842], [308], [7137], [943], [442906], [1361], [1082], [6573], [5627], [2288], [6915], [9820], [7262], [375790], [8322], [6515], [2104], [2220], [6533], [8858], [10984], [29124], [54407], [8547], [91543], [10272], [3957], [9056], [81539], [26259], [115677], [100462977], [55089], [29988], [27238], [92745], [85360]]
Prenatal growth failure:[[3479], [7040], [3480], [2263], [3481], [2321], [7157], [5228], [3482], [4254], [351], [7124], [5728], [8091], [627], [9370], [4318], [3458], [5468], [4524], [3576], [6513], [1277], [3630], [3845], [2908], [50943], [2147], [3643], [268], [2152], [3606], [5444], [2950], [25], [2778], [6532], [6331], [1080], [3815], [695], [3135], [6648], [2944], [2309], [3064], [6616], [2056], [283120], [2952], [558], [2153], [4204], [4613], [4153], [22914], [1543], [4128], [4684], [3784], [3757], [8038], [255738], [6770], [1788], [1082], [3350], [6606], [1394], [5921], [6928], [6337], [4208], [5308], [4155], [1760], [3981], [6910], [5873], [6855], [10850]]
Fetal Growth Restriction:[[7422], [3479], [7040], [3481], [3480], [2688], [3569], [2321], [51738], [3586], [5228], [183], [1950], [5069], [3484], [8829], [7043], [3565], [857], [26291], [4057], [2066], [2896], [3482], [5617], [7157], [3487], [1442], [4254], [351], [2689], [7124], [3091], [3553], [627], [2475], [9370], [3952], [3690], [23411], [7050], [259], [84432], [51162], [596], [7421], [6692], [79068], [2099], [2022], [3630], [7099], [6774], [348], [111], [4879], [4846], [4318], [2147], [1636], [4137], [1028], [1499], [1277], [6347], [1401], [7852], [2335], [1026], [1906], [3845], [2908], [7015], [3162], [57018], [920], [185], [595], [5054], [3135], [1027], [283120], [10253], [406976], [5241], [3958], [10891], [355], [2153], [2332], [133], [3596], [2152], [8743], [581], [4282], [4312], [7291], [861], [4843], [2056], [5444], [3291], [11082], [54106], [682], [2944], [4323], [6934], [5806], [1234], [7412], [1312], [796], [2952], [22943], [285], [5347], [1634], [3673], [3956], [22933], [1543], [3172], [5111], [494336], [5315], [2719], [4153], [19], [7276], [213], [114548], [2081], [4684], [3557], [186], [6720], [217], [947], [406992], [4023], [1268], [8862], [197], [9423], [1586], [5950], [216], [5744], [5972], [405], [494324], [7494], [2641], [5919], [5175], [1571], [406933], [1788], [3428], [155], [6403], [3814], [252995], [1361], [1910], [633], [308], [1082], [943], [150], [2744], [2817], [1909], [7100], [6573], [1289], [6649], [2746], [5324], [60676], [7262], [2288], [55937], [3087], [6515], [8858], [406953], [406977], [2104], [146433], [6533], [6470], [9782], [2752], [3142], [199713], [3263], [54407]]
Fetal growth retardation unspecified unspecified [weight]:[[]]
FGR - Foetal growth retardation:[[7422]]
Growth retardation prenatal onset:[[3479], [2263], [3480], [3481], [2321], [2261], [2690], [5228], [7157], [4204], [627], [9370], [4524], [3845], [2952], [3135], [2904], [3376], [4208], [4988], [7249], [283120], [1756], [4128], [3291], [1760]]
Intrauterine Growth Restriction:[[7422], [3479], [7040], [3481], [2688], [3480], [3569], [2321], [3586], [51738], [1950], [5228], [5069], [3484], [4057], [26291], [4803], [2246], [7157], [1442], [1028], [2475], [7124], [51162], [596], [627], [79068], [3952], [9370], [3553], [2099], [348], [2022], [111], [4318], [1401], [6347], [4846], [2147], [7099], [1906], [4879], [2908], [5054], [5879], [57018], [7852], [355], [1027], [356], [3162], [10891], [3958], [3315], [581], [54106], [3934], [11082], [6934], [861], [4288], [22943], [285], [2202], [5806], [7412], [5444], [133], [283120], [2056], [7010], [7077], [60489], [796], [3291], [5111], [3956], [213], [4153], [19], [7132], [4353], [2157], [284], [7276], [338], [197], [8862], [255738], [406992], [1586], [3814], [842], [308], [7137], [943], [442906], [1361], [1082], [6573], [5627], [2288], [6915], [9820], [7262], [375790], [8322], [6515], [2104], [2220], [6533], [8858], [10984], [29124], [54407], [8547], [91543], [10272], [3957], [9056], [81539], [26259], [115677], [100462977], [55089], [29988], [27238], [92745], [85360]]
Prenatal growth retardation:[[3479], [3480], [2263], [3481], [3486], [2321], [2261], [2690], [5228], [7157], [8085], [8091], [627], [4693], [4204], [9370], [4524], [3845], [2904], [3376], [4208], [7249], [4988], [2952], [3135], [283120], [7248], [4128], [3291], [1756], [8038], [6855], [3908], [1760], [158], [100151683]]
Intrauterine growth retardation:[[5743], [3479], [2475], [1028], [3952], [3162], [5426], [355], [3480], [2321], [3481], [3486], [958], [5806], [11186], [7412], [2688], [5228], [5069], [284], [5654], [7010], [3291], [7012], [5449], [6567], [100151683], [10102], [57061]]
Microsomia:[[170474], [6949], [64131]]
Microsomic baby:[[348], [4524], [1401], [3845], [367], [5468], [2944], [2952], [3949], [100507436], [2539], [7517], [4363], [7249], [2492], [949], [8517], [3973], [9423], [7051], [7376], [9241], [4534], [84159], [7284], [2968], [4014], [85476], [126410]]
Intrauterine growth retardation IUGR:[[3479], [2321], [3481], [3486], [2688], [5228], [5069], [3291], [6567]]
