Body temperature above reference range:[[1401], [3479]]
Temperature raised:[[7157], [1401], [1080], [6622], [4318], [3091], [4846], [6647], [7450], [4288], [1471], [4843], [11093], [6285], [285], [2243], [4069], [192343]]
Temperature elevated:[[7157], [27429], [1080], [348], [6774], [6622], [4318], [3091], [351], [1401], [7852], [5743], [4137], [3479], [7015], [6387], [4313], [3458], [4846], [203100], [7450], [2147], [1813], [796], [2308], [213], [4843], [3320], [2335], [4288], [2950], [1471], [3627], [3356], [142], [6647], [1432], [920], [3308], [5621], [6285], [23435], [285], [1958], [3815], [4323], [7276], [10891], [6331], [26291], [567], [3315], [3757], [3064], [302], [354], [6513], [11093], [282617], [79054], [4914], [2876], [54210], [6382], [3014], [252995], [3303], [4804], [1457], [11315], [5617], [3297], [811], [1410], [2243], [6786], [5340], [1544], [407021], [1139], [7351], [7128], [284], [7273], [2158], [409], [3312], [947], [4254], [8841], [2006], [952], [55107], [24], [3684], [3060], [468], [4771], [590], [134], [7350], [3838], [624], [4194], [1978], [6439], [1742], [8864], [28234], [7374], [11197], [477], [5368], [1476], [10049], [3357], [4543], [4151], [1610], [440], [80198], [4350], [162514], [114757], [6324], [1153], [38], [6375], [23413], [58484], [2909], [2063], [7756], [192343]]
Fever:[[4210], [3119], [3123], [7124], [7132], [3553], [3569], [7422], [7157], [3586], [7040], [5243], [90865], [4088], [3559], [7099], [1636], [5743], [1401], [4524], [3576], [3350], [3458], [8737], [85480], [6774], [9370], [3106], [5054], [4790], [7421], [5744], [1080], [4153], [4598], [9173], [7097], [5444], [3717], [3479], [3952], [3383], [7852], [2944], [3146], [114548], [101910199], [5594], [1493], [7096], [3105], [1234], [6347], [4780], [3565], [2952], [2950], [64127], [836], [3552], [5970], [51738], [355], [50943], [3606], [4282], [1432], [30835], [3791], [8600], [3557], [857], [3688], [3690], [796], [1906], [406938], [4982], [5595], [581], [1576], [1268], [2321], [929], [2033], [6772], [4843], [6352], [3757], [282617], [406947], [3627], [2335], [7098], [54106], [356], [2152], [6288], [3953], [4988], [983], [3117], [3596], [23586], [6323], [7412], [959], [8878], [100507436], [4049], [5027], [10451], [3620], [5806], [331], [23405], [811], [57817], [3456], [7057], [2212], [6280], [2312], [3685], [8792], [285], [3689], [3303], [4615], [9021], [22806], [5340], [3570], [5478], [7415], [23274], [7037], [59067], [3439], [2638], [8651], [197], [6493], [2243], [1910], [5610], [6261], [3297], [2876], [7056], [6198], [1437], [9817], [3579], [4691], [5155], [9332], [3684], [284], [5320], [100], [406935], [134430], [1361], [54210], [6573], [10085], [5045], [6777], [7010], [834], [3676], [4599], [1003], [1965], [6348], [6335], [9536], [6890], [406942], [1594], [340061], [7448], [10257], [7145], [57506], [84991], [2209], [9636], [4283], [2215], [51311], [29108], [26986], [728], [10371], [5733], [406934], [7332], [2875]]
High body temperature:[[1401], [6331], [4318], [5743], [3479], [3757], [2335], [7442], [952], [7226], [8864], [5368], [51596]]
Pyrexia NOS:[[]]
Fevers:[[5594], [114548], [7132], [331], [7128], [3350], [51095], [4598], [9948]]
Fever NOS:[[4843], [7422], [5243], [5743], [3458], [6774], [3479], [355], [3791], [857], [796], [3757]]
Pyrexia:[[1991], [866]]
Pyrexial:[[]]
Febrile:[[6323], [3569], [6326], [3553], [3586], [7124], [348], [4210], [3576], [1401], [7040], [7099], [947], [4318], [1636], [5743], [9370], [5243], [627], [3557], [4179], [100049160], [619398], [2234], [2233], [4879], [3952], [3458], [3146], [619397], [120325367], [100653381], [100271923], [100190787], [100188849], [100188796], [5054], [1460], [4153], [796], [7450], [2950], [3565], [7515], [3934], [3383], [3135], [6324], [3552], [5133], [824], [1906], [929], [4282], [114548], [406938], [4982], [3757], [2068], [3558], [7076], [4353], [4988], [3627], [718], [5329], [5806], [57817], [959], [3559], [3303], [2566], [1788], [133], [5624], [5058], [10631], [84059], [2244], [59067], [7172], [2243], [551], [5428], [54210], [6288], [4852], [3297], [2266], [3439], [284], [1437], [1378], [3554], [6335], [348980], [4317], [112476], [7448], [3965], [3785], [2209], [57094], [477], [63982], [3959], [112755], [2550], [2220], [3929], [4598], [7403], [1141], [101929680], [57526], [10964], [2561], [6529], [8021], [57468], [7918], [610], [2258], [3613], [57162], [51594], [85413], [2563], [6538], [1455], [51693], [10947], [124925], [375061], [100884130], [192343]]
Fever unspecified:[[7157], [7124], [7132], [4088], [7422], [7040], [3350], [6774], [4790], [5743], [3559], [836], [1432], [2033], [5594], [7421], [3791], [114548], [5595], [7852], [5970], [355], [64127], [983], [6772], [3688], [581], [2321], [2335], [1268], [331], [8651], [834], [5610], [811], [285], [4599], [3297], [7010], [5320], [7332], [1965], [6773], [22861], [10521], [51386]]
Hyperthermia:[[7157], [6261], [7124], [7422], [3569], [3091], [7040], [3553], [5243], [4264], [4790], [7015], [7099], [3576], [4265], [675], [779], [4266], [7977], [4780], [6387], [142], [6648], [9429], [3320], [1490], [3303], [100507436], [23405], [7442], [3297], [875], [7295], [7508], [10013], [9531], [572], [3326], [406903], [406931], [2720], [5366], [200315], [1376], [623], [3736], [3908], [406949], [3489], [51592], [1375], [844], [51501], [246329], [55466]]
Pyrexias:[[]]
Has a temperature:[[5654], [27429], [7317], [7157], [94031], [348], [7896], [1080], [6774], [6622], [4318], [661], [203100], [3091], [351], [4846], [7852], [1401], [5743], [4137], [3479], [3356], [7015], [1813], [6387], [169], [4313], [6647], [3458], [8023], [7963], [920], [213], [7442], [2950], [2147], [7450], [3815], [3320], [10891], [1432], [142], [3757], [796], [5621], [2308], [23435], [7276], [3064], [79054], [4288], [1958], [4843], [6331], [282617], [2335], [1471], [6513], [3627], [567], [3303], [3315], [11093], [1457], [3308], [4323], [4914], [2876], [354], [811], [4804], [7226], [6285], [3014], [302], [1544], [285], [59341], [2521], [7128], [11315], [6010], [6786], [5340], [3297], [6382], [1139], [409], [7351], [2243], [8792], [3312], [947], [2006], [26291], [952], [7273], [55107], [1410], [24], [2158], [5617], [4771], [252995], [134], [3351], [4286], [407021], [8989], [3684], [590], [284], [4254], [8841], [3060], [7350], [4923], [3838], [89], [54210], [4194], [4287], [468], [1978], [6329], [624], [9531], [1137], [6404], [3785], [5079], [6439], [1719], [28234], [7374], [1742], [80036], [7051], [8864], [189], [885], [11197], [1421], [477], [2720], [4069], [2770], [6121], [1759], [5368], [3741], [6326], [34], [51393], [58157], [37], [57521], [6281], [226], [30001], [9572], [1454], [50801], [3357], [4605], [623], [1453], [1907], [4543], [1476], [1141], [4151], [8671], [10049], [4598], [1610], [11337], [79661], [440], [80198], [4350], [162514], [51022], [6529], [114757], [778], [6324], [229], [9962], [9381], [1104], [2047], [5641], [6013], [84329], [5803], [38], [1153], [3906], [10874]]
Increased body temperature:[[4318], [1401], [5743], [3479], [6331], [3757], [2335], [7442], [952], [7226], [8864], [5368]]
