Fibrocystic disease of breast:[[]]
fibrocystic mastopathy:[[]]
Fibrocystic Disease of Breast:[[]]
Schimmelbusch's disease:[[1493], [5979], [64127], [11315], [351], [8792], [348], [5071], [1910], [3064], [3586], [6774], [3123], [1029], [6622], [4137], [540], [5310], [3717], [6347], [24], [1201], [6387], [3119], [120892], [335], [7450], [5621], [7422], [3569], [338], [5311], [3949], [3107], [4287], [19], [4023], [5664], [57623], [1071], [3558], [4314], [255738], [4088], [356], [3117], [26191], [1191], [653361], [1586], [958], [26503], [1401], [2629], [4018], [3593], [116519], [6927], [4688], [729230], [3106], [864], [3570], [80339], [7415], [6597], [2244], [59067], [345], [8651], [3115], [10577], [149233], [5314], [6261], [3592], [7957], [1030], [28], [10320], [1234], [3659], [246778], [3990], [4041], [1378], [100048912], [3077], [3383], [6775], [5376], [9173], [2161], [55600], [26058], [7439], [1138], [4361], [4582], [7369], [1956], [1282], [3122], [6653], [4747], [51752], [7124], [4359], [538], [55054], [1136], [6311], [5663], [3931], [3992], [2646], [6584], [337], [9966], [4321], [56606], [217], [1235], [274], [5734], [2524], [7040], [341], [7292], [3953], [4524], [1232], [6272], [5966], [5771], [2308], [54901], [4068], [7332], [8878], [3562], [100507436], [9388], [3084], [2099], [10452], [3559], [6583], [5328], [8301], [1636], [3635], [4693], [1230], [2212], [945], [4318], [29881], [9370], [5243], [367], [4790], [7128], [7421], [64241], [54332], [6403], [1373], [7077], [4846], [94103], [51085], [2243], [10019], [345611], [7015], [4311], [2581], [10221], [56731], [7840], [2876], [940], [6606], [60468], [3595], [2266], [50941], [100359403], [3458], [221692], [10347], [3658], [3133], [2904], [64478], [1394], [64170], [64399], [5594]]
Diffuse cystic mastopathy:[[]]
Mammary Dysplasia:[[]]
Dysplasia Breast:[[4000], [2263], [2099], [7015], [1311], [8626], [595], [2697], [1029], [4582], [9429], [7157], [6790], [2316], [10804], [2272], [2200], [7040], [59341], [2261], [5818], [374], [2475], [1636], [7031], [3845], [999], [4609], [6137], [3479], [860], [5290], [4233], [6662], [4318], [7422], [1277], [1956], [5743], [2335], [7421], [185], [2260], [387], [2064], [7124], [3569], [4524], [3586], [7227], [1499], [4792], [4882], [7048], [183], [3091], [7099], [673], [5268], [4790], [9314], [6774], [9201], [3553], [3576], [4322], [8517], [627], [4288], [4313], [5728], [6720], [596], [1028], [5925], [7852], [2944], [7249], [5594], [23411], [3458], [960], [3930], [4193], [5054], [3717], [4292], [3146], [1026], [79977], [1000], [4851], [6696], [5566], [332], [2952], [50964], [3162], [2950], [324], [10381], [6387], [406932], [3815], [89846], [2908], [6657], [3383], [3934], [6885], [355], [2022], [10413], [1027], [3688], [836], [1543], [6532], [5879], [3791], [54790], [2706], [2247], [581], [7248], [2625], [4282], [4255], [861], [54658], [4982], [1072], [7097], [3082], [5587], [6772], [5567], [2778], [8838], [4763], [7153], [8842], [4089], [5241], [8200], [7043], [10], [54106], [9131], [6262], [7076], [4314], [1490], [6513], [598], [8600], [10855], [4879], [983], [4088], [5460], [7161], [10135], [5329], [4843], [4869], [7298], [378938], [9451], [5265], [9863], [7052], [3565], [217], [8091], [658], [1728], [1116], [941], [6469], [7431], [5318], [5745], [898], [4921], [10643], [6280], [81607], [302], [22943], [5315], [1050], [1994], [3552], [10631], [1111], [4072], [3014], [1019], [5058]]
Fibrocystic mastopathy:[[]]
Gross cystic disease of breast:[[]]
Breast Fibrocystic Change:[[367], [2944], [1588], [1586]]
Fibrocystic Breast Disease:[[1586], [3292], [1583]]
Breast Fibrocystic Changes:[[367], [2944], [2950], [1588], [1586]]
Fibrocystic Changes of Breast:[[367], [2944], [2950], [1588], [1586]]
Mastopathy Fibrocystic:[[]]
Fibrocystic change of breast:[[367], [2944], [1588], [1586]]
Fibrocystic breast disease:[[1586], [3292], [1583]]
Fibrocystic breast changes:[[367], [2944], [2950], [1588], [1586]]
