Syndromes Fibromyalgia-Fibromyositis:[[7124], [3569], [1401], [3586], [4524], [3479], [3952], [6532], [3553], [3106], [7421], [4846], [114548], [3605], [6347], [3077], [2332], [5265], [56729], [4128], [3486], [3627], [6794], [6335], [4803], [2876], [2624], [4306], [6616], [375790]]
Myofascial pain syndrome:[[]]
Myofascial Pain Syndrome Diffuse:[[]]
Syndrome Fibromyositis-Fibromyalgia:[[114548], [348], [2332], [1401], [1906], [1312], [7124], [3569], [627], [4128], [4524], [6794], [3479], [3586], [3952], [1636], [3553], [3576], [7421], [6532], [4846], [3106], [2624], [3105], [5444], [6347], [3605], [154], [2908], [3077], [51738], [3356], [56729], [3627], [4210], [6616], [3565], [5806], [6648], [4988], [3486], [155], [4803], [3240], [5265], [375790], [3350], [2876], [4684], [27178], [6335], [4306], [2919], [3684], [6869], [5742], [6356], [6402], [11168], [148], [4129], [6367], [406901], [1359], [192343]]
Muscular rheumatism:[[]]
Fibromyositis:[[]]
Fibromyalgia:[[1312], [7124], [348], [3569], [627], [4524], [3479], [3952], [3586], [1636], [3576], [3553], [1401], [7421], [6532], [3106], [4846], [3105], [5444], [6347], [3605], [154], [3077], [2908], [3565], [51738], [4988], [1906], [6648], [3356], [114548], [2332], [5265], [56729], [4128], [3486], [3627], [4210], [5806], [6794], [3240], [3350], [4684], [155], [4803], [2876], [3684], [4306], [5742], [6335], [2624], [706], [2919], [27178], [11168], [6869], [6402], [6616], [4129], [6351], [6356], [148], [6367], [406901], [2206], [1831], [375790], [3696], [4519], [1359], [5119], [323], [192343]]
MPS - myofascial pain syndrome:[[]]
Syndrome Fibromyalgia-Fibromyositis:[[114548], [348], [2332], [1401], [1906], [1312], [7124], [3569], [627], [4128], [4524], [6794], [3479], [3586], [3952], [1636], [3553], [3576], [7421], [6532], [4846], [3106], [2624], [3105], [5444], [6347], [3605], [154], [2908], [3077], [51738], [3356], [56729], [3627], [4210], [6616], [3565], [5806], [6648], [4988], [3486], [155], [4803], [3240], [5265], [375790], [3350], [2876], [4684], [27178], [6335], [4306], [2919], [3684], [6869], [5742], [6356], [6402], [11168], [148], [4129], [6367], [406901], [1359], [192343]]
Fibrositides:[[]]
Rheumatism Muscular:[[]]
Fibromyalgias:[[]]
Fibromyositis Fibromyalgia Syndrome:[[]]
Fibrositis:[[]]
Myofascial pain dysfunction syndrome:[[4210]]
Syndromes Fibromyositis-Fibromyalgia:[[7124], [3569], [1401], [3586], [4524], [3479], [3952], [6532], [3553], [3106], [7421], [4846], [114548], [3605], [6347], [3077], [2332], [5265], [56729], [4128], [3486], [3627], [6794], [6335], [4803], [2876], [2624], [4306], [6616], [375790]]
Myofascial trigger point syndrome:[[]]
