Hypoplasia Focal Dermal:[[64840], [857], [3479], [1950], [89780], [5154]]
Hypoplasias Focal Dermal:[[2475], [7157], [7040], [207], [7422], [64840], [1499], [3569], [5594], [7124], [5728], [857], [1029], [3688], [3586], [596], [3576], [117581], [5595], [3553], [3383], [5743], [4312], [7099], [367], [1277], [29126], [960], [2099], [3458], [6774], [5243], [627], [999], [4790], [4609], [3479], [6622], [4193], [4088], [6347], [5290], [6093], [2022], [4035], [1432], [3958], [3689], [6696], [2247], [4233], [7070], [2335], [3146], [2697], [5599], [2932], [50507], [3480], [5781], [3815], [4314], [50943], [5133], [836], [5925], [7431], [183], [3082], [185], [581], [7057], [1803], [9429], [1950], [7052], [3552], [3611], [238], [406938], [1490], [2200], [4843], [4311], [3371], [5159], [2263], [3627], [6868], [5580], [162514], [3312], [6615], [1000], [6401], [1268], [5170], [10631], [3691], [4316], [340665], [7412], [6850], [285], [7442], [358], [2149], [947], [2113], [4162], [4322], [558], [1462], [3684], [634], [4478], [1673], [2776], [283], [360], [94], [89780], [3672], [10000], [7041], [6520], [967], [5154], [54361], [24145], [1009], [8440], [192343]]
DHOF:[[64840]]
Syndrome Goltz's:[[3757], [1280], [114548], [3753], [2074], [7157], [348], [1281], [51085], [546], [80184], [7466], [3845], [673], [8481], [5728], [8195], [7486], [641], [2706], [2317], [4292], [91147], [8626], [1540], [4000], [54658], [1161], [7490], [2033], [6331], [4023], [1071], [5781], [4436], [2263], [3643], [7291], [3784], [2261], [2260], [582], [10806], [8085], [10083], [367], [4683], [207], [84062], [3123], [7468], [4647], [4952], [2200], [1029], [7399], [4810], [201163], [2969], [10804], [6949], [7227], [2492], [775], [7840], [2316], [5428], [3730], [5080], [585], [1278], [54487], [5604], [55612], [2121], [811], [5290], [132884], [4281], [116442], [84100], [2812], [5077], [64127], [79068], [6663], [783], [338], [57167], [1130], [9968], [2332], [1277], [3990], [10743], [7456], [19], [2122], [3265], [6737], [84059], [6741], [3481], [6513], [4089], [23111], [2646], [356], [1285], [1387], [26585], [8976], [7504], [1827], [331], [23405], [9401], [65217], [4893], [672], [4692], [9569], [5894], [4277], [6774], [3117], [1401], [1788], [7401], [7128], [3570], [545], [10163], [583], [10682], [124590], [129880], [54808], [27241], [2138], [79738], [4137], [2475], [60], [3897], [5159], [1364], [8091], [5885], [79803], [2811], [2956], [9993], [5460], [4286], [675], [3717], [8220], [80144], [80025], [999], [3973], [79621], [4193], [64135], [1145], [55212], [2645], [27031], [4851], [1493], [10535], [2131], [1910], [7122], [9031], [4853], [1134], [2146], [100188856], [355], [50943], [105259599], [2153], [9652], [10908], [3664], [7020], [8214], [5308], [10062], [8517], [5076], [27019], [5189], [5395], [1287], [1906], [25825], [3759]]
FODH - Focal dermal hypoplasia:[[64840]]
Goltz-Gorlin syndrome:[[64840]]
FODH:[[64840]]
GOLTZ-GORLIN SYNDROME:[[64840]]
Syndrome Goltz Gorlin:[[64840], [794]]
Focal dermal hypoplasia:[[64840], [89780]]
FDH:[[10840], [128], [213], [64840], [160428], [60496]]
Goltz syndrome:[[794], [64840]]
FOCAL DERMAL HYPOPLASIA:[[64840], [89780]]
GOLTZ SYNDROME:[[794], [64840]]
Syndrome Goltz:[[64840], [794]]
Syndrome Goltz-Gorlin:[[64840]]
FDH - Focal dermal hypoplasia:[[64840]]
Goltzs Syndrome:[[]]
