Spinal Scleroses Hereditary:[[5376], [7157], [672], [675], [59341], [3845], [1080], [4763], [7124], [7421], [324], [4524], [3557], [367], [2521], [1471], [351], [3569], [7040], [7422], [7048], [5080], [4318], [2617], [348], [4137], [1814], [1436], [2099], [207], [4914], [23299], [2475], [5979], [673], [6720], [1401], [6622], [7276], [6347], [23435], [1639], [3479], [1499], [7099], [3576], [3717], [65125], [1778], [538], [26580], [3815], [7428], [4233], [10280], [1813], [650], [203228], [142], [581], [3508], [5133], [7132], [57679], [4312], [2697], [1277], [4282], [1588], [114548], [4982], [3082], [2668], [8842], [796], [3481], [2896], [2670], [283120], [4976], [4747], [1536], [5654], [1244], [1634], [2741], [9131], [406992], [80208], [4359], [655], [23503], [6885], [6311], [5921], [9353], [2303], [2026], [3300], [1316], [720], [4646], [91137], [7436], [6310], [5582], [4744], [8988], [55553], [7443], [23064], [5521], [6314], [9821], [10243], [79628], [1821]]
Friedreich Ataxias:[[]]
FA:[[2175], [2395], [2177], [2176], [57697], [2189], [55120], [55215], [2178], [2188], [7157], [6785], [2187], [672], [54898], [60481], [4524], [675], [348], [7124], [79071], [3091], [91442], [199990], [3586], [1499], [80233], [351], [64834], [1312], [5243], [367], [7421], [1029], [5468], [6622], [7015], [5594], [50943], [1026], [83401], [79993], [948], [472], [5879], [4851], [5925], [3688], [5888], [3958], [335], [142], [857], [836], [4582], [8626], [4000], [5747], [217], [4288], [5265], [25], [1869], [2152], [7161], [5315], [11200], [5111], [5465], [2035], [7431], [7412], [2625], [5058], [22943], [9415], [7517], [55294], [4852], [2547], [6319], [775], [2194], [2316], [613], [26291], [100421207], [23136], [5467], [10062], [7158], [4602], [6683], [23410], [79728], [1806], [5829], [10524], [51129], [406928], [3280], [1137], [3992], [3938], [8473], [2072], [9968], [2030], [90167], [7352], [83990], [91752], [3030], [2168], [3861], [267012], [5932], [7094], [885], [2277], [2037], [5889], [7516], [2036], [56852], [442908], [3026], [25855], [1056], [288], [8405], [4882], [2171], [406909], [80198], [440275], [7041], [4881], [5775], [79152], [638], [84464], [9997], [10459], [4077], [6047], [4883], [57669], [54566], [28964], [1892], [10160], [29089], [23396], [9855], [7319], [7398], [257019], [22909], [27151], [63924], [4809], [8560], [84978], [55247], [55665], [9023], [10293], [6343], [27121], [79966], [392636], [64097], [84196], [79960], [348654], [5408], [378708], [26257], [59286], [56154], [30010], [79038], [123099], [10826], [654502], [65989], [8781], [283985], [729085], [192343], [54045]]
Friedreich's Ataxia:[[627], [5468], [3458], [2395], [6714], [10891], [442897], [8395], [51111], [6775079]]
Hereditary Ataxia Friedreich's:[[2395]]
Friedreich's Disease:[[]]
Hereditary Ataxia Friedreich:[[2395], [7274]]
Friedreich's Familial Ataxia:[[]]
Familial ataxia:[[472], [545], [2395], [6311], [338], [672], [9414], [773], [7157], [675], [3736], [4287], [348], [7274], [7139], [7137], [5468], [6334], [207], [5663], [3708], [2332], [11200], [3077], [6323], [7515], [351], [8878], [6326], [1029], [1786], [4137], [4361], [7015], [4524], [3569], [112476], [627], [1181], [3091], [5327], [3586], [5582], [4790], [4193], [203228], [3458], [2475], [5173], [56652], [23064], [4292], [478], [5428], [355], [3480], [185], [3064], [10891], [2629], [7415], [10528], [648], [1994], [4613], [3014], [6785], [7341], [775], [6597], [29110], [801], [7080], [219285], [578], [4747], [7012], [10111], [10155], [7337], [80781], [2122], [5168], [5395], [2072], [2175], [7227], [4598], [29978], [4867], [54715], [1272], [114907], [63895], [221927]]
Hereditary Spinal Ataxia Friedreich:[[]]
Friedreich's ataxia:[[627], [5468], [3458], [2395], [6714], [10891], [442897], [8395], [51111], [6775079]]
Friedreich's disease:[[]]
FRIEDREICH ATAXIA:[[2395], [9414], [108510657], [2420], [4780], [3077], [9413], [185], [10891], [7139], [7137], [122942], [4200], [94033], [4285]]
Friedreich Familial Ataxia:[[]]
Spinocerebellar Ataxia Friedreich:[[7274]]
Friedreich Disease:[[]]
FA - Friedreich ataxia:[[2395]]
Spinal Sclerosis Hereditary:[[57679], [7132], [203228], [80208], [7157], [23064], [348], [2521], [672], [23435], [7124], [7421], [59341], [3569], [1639], [7040], [7422], [4524], [4318], [4233], [10280], [4137], [5133], [3557], [1471], [2475], [351], [6347], [367], [207], [7048], [7099], [1401], [2099], [1814], [1436], [3479], [3576], [6622], [6720], [7276], [1499], [4282], [4744], [6885], [2896], [3717], [114548], [4312], [142], [1277], [23503], [581], [3082], [4747], [6310], [4982], [6311], [3481], [2670], [4976], [1536], [2741], [9131], [4359], [720], [2026], [4646]]
Friedreichs Familial Ataxia:[[]]
Friedreich Ataxia:[[2395], [9414], [108510657], [2420], [4780], [3077], [9413], [185], [10891], [7139], [7137], [122942], [4200], [94033], [4285]]
Friedreichs Hereditary Ataxia:[[]]
Hereditary Spinal Ataxia Friedreich's:[[]]
FRDA:[[2395], [3458], [57817], [10664], [30061], [55658]]
Friedreich ataxia:[[2395], [9414], [108510657], [2420], [4780], [3077], [9413], [185], [10891], [7139], [7137], [122942], [4200], [94033], [4285]]
Hereditary Ataxias Friedreich's:[[]]
