Gangliosidosis GM1:[[]]
BETA-GALACTOSIDASE-1 DEFICIENCY:[[]]
Beta-galactosidase-1 deficiency:[[]]
Beta Galactosidase 1 Deficiency Disease:[[]]
Beta Galactosidosis:[[3043], [7040], [1499], [351], [3123], [3569], [2932], [7048], [7046], [109580095], [4035], [154], [3553], [1029], [3576], [23621], [6622], [3688], [7049], [3119], [2100], [7042], [7043], [5159], [3690], [841], [2629], [3689], [2706], [9518], [1950], [6352], [3456], [875], [4049], [8837], [1584], [3075], [834], [2244], [153], [1051], [5730], [3593], [155], [3290], [3115], [1585], [3551], [3240], [3956], [567], [8945], [1410], [6885], [208], [2784], [5579], [409], [5467], [3284], [6285], [5155], [3767], [3293], [1789], [1673], [350], [6928], [3073], [4803], [3624], [540], [1536], [8644], [3028], [60], [7045], [3292], [3326], [125], [1524], [4625], [1236], [1672], [3691], [2581], [1621], [5443], [6348], [3611], [3291], [3694], [10381], [10399], [3837], [10155], [156], [7068], [57506], [5423], [3074], [7133], [2185], [3579], [5915], [7529], [3125], [2705], [4086], [1460], [3572], [3295], [6364], [2246], [865], [2720], [1082], [7184], [5162], [5291], [64581], [3105], [4052], [56998], [408], [10804], [3127], [203068], [5476], [2161], [8473], [6462], [5696], [55894], [3126], [5592], [3454], [2683], [3283], [7018], [6351], [405], [7114], [2488], [8398], [5564], [3693], [8767], [283131], [6957], [3836], [81631], [5698], [3455], [7252], [7041], [6480], [5693], [3625], [51733], [3170], [348], [6338], [7376], [4477], [5034], [23236], [506], [1141], [7850], [3753], [23118], [4929], [6710], [701], [1409], [55054], [135228], [148022], [3842], [444], [4055], [5644], [3560], [3914], [3972], [8874], [7177], [7280], [322], [639], [3109], [7157], [4126], [8425], [133522], [3351], [2990], [10382]]
GM1 gangliosidosis:[[2720], [1118], [4758]]
Beta-Galactosidase-1 Deficiency Disease:[[]]
Gangliosidosis G(M1):[[2720]]
GLB1 DEFICIENCY:[[2720], [10413], [5663], [3958], [3064], [387], [5476], [5347], [1017], [7415], [3014], [7780], [4758], [1894], [83696]]
Beta-Galactosidosis:[[3043], [7040], [1499], [351], [3123], [3569], [2932], [7048], [7046], [109580095], [4035], [154], [3553], [1029], [3576], [23621], [6622], [3688], [7049], [3119], [2100], [7042], [7043], [5159], [3690], [841], [2629], [3689], [2706], [9518], [1950], [6352], [3456], [875], [4049], [8837], [1584], [3075], [834], [2244], [153], [1051], [5730], [3593], [155], [3290], [3115], [1585], [3551], [3240], [3956], [567], [8945], [1410], [6885], [208], [2784], [5579], [409], [5467], [3284], [6285], [5155], [3767], [3293], [1789], [1673], [350], [6928], [3073], [4803], [3624], [540], [1536], [8644], [3028], [60], [7045], [3292], [3326], [125], [1524], [4625], [1236], [1672], [3691], [2581], [1621], [5443], [6348], [3611], [3291], [3694], [10381], [10399], [3837], [10155], [156], [7068], [57506], [5423], [3074], [7133], [2185], [3579], [5915], [7529], [3125], [2705], [4086], [1460], [3572], [3295], [6364], [2246], [865], [2720], [1082], [7184], [5162], [5291], [64581], [3105], [4052], [56998], [408], [10804], [3127], [203068], [5476], [2161], [8473], [6462], [5696], [55894], [3126], [5592], [3454], [2683], [3283], [7018], [6351], [405], [7114], [2488], [8398], [5564], [3693], [8767], [283131], [6957], [3836], [81631], [5698], [3455], [7252], [7041], [6480], [5693], [3625], [51733], [3170], [348], [6338], [7376], [4477], [5034], [23236], [506], [1141], [7850], [3753], [23118], [4929], [6710], [701], [1409], [55054], [135228], [148022], [3842], [444], [4055], [5644], [3560], [3914], [3972], [8874], [7177], [7280], [322], [639], [3109], [7157], [4126], [8425], [133522], [3351], [2990], [10382]]
