Reflux Disease Gastro-Esophageal:[[1401], [1557], [2784], [3491], [4212], [18], [10681]]
GERD - Gastro-esophageal reflux disease:[[1557], [2784]]
GOR - Gastro-oesophageal reflux:[[]]
Gastric Acid Reflux Disease:[[3553], [7099], [1557], [51738], [885], [2520]]
GORD - Gastro-esophageal reflux disease:[[]]
GER:[[59330], [2995]]
Gastro Esophageal Reflux:[[1557], [2784], [3491], [4212], [10681], [18]]
Reflux Gastro-oesophageal:[[1956], [7422], [328], [1045], [3728], [1829], [8840], [1828], [10344], [6339]]
Esophageal reflux:[[1080], [3576], [1557], [2784], [7442], [3491], [4212], [10681], [18]]
Gastroesophageal Reflux Disease:[[1956], [7124], [9370], [7157], [3565], [5832], [3845], [673], [3553], [5743], [3576], [4193], [1557], [50943], [3728], [51738], [1950], [2150], [1281], [246], [885], [1829], [10344], [1521], [2520], [5225]]
Gastro oesophageal Reflux:[[1956], [7422], [1557], [2784], [328], [1045], [3491], [3728], [1829], [8840], [1828], [10344], [6339]]
Gastrooesophageal reflux disease:[[5979], [1910], [1029], [6347], [7422], [3569], [3107], [1401], [7040], [4582], [1956], [7124], [1636], [4524], [4318], [9370], [4790], [3458], [5594], [7157], [3565], [3576], [5743], [5832], [3845], [673], [29949], [3553], [7099], [3579], [1557], [1080], [283463], [999], [2944], [2950], [4193], [332], [2952], [1909], [3606], [3577], [7515], [3728], [6696], [50943], [51738], [5076], [1906], [3934], [185], [4255], [2247], [2068], [1950], [6352], [4968], [328], [2784], [796], [7076], [3308], [1728], [8840], [22943], [2150], [7442], [4295], [6657], [50604], [5460], [1045], [3566], [94025], [8856], [4586], [3491], [1281], [64321], [7148], [26762], [6092], [246], [6863], [727897], [3459], [2303], [2168], [4162], [885], [4583], [4585], [3816], [1829], [27086], [10344], [1828], [5336], [3855], [79400], [1521], [2520], [26525], [5225], [56998], [2294], [4588], [2984], [4589], [4212], [6339], [18], [56667], [10681], [7380], [200958], [5016], [130497], [6775079]]
GERD:[[7422], [9370], [3123], [3576], [3553], [3952], [1557], [4780], [5594], [5595], [324], [3557], [56729], [2150], [3240], [2784], [7442], [4803], [5604], [885], [5697], [5605], [10533], [2953]]
Esophageal reflux NOS:[[]]
GOR - Gastro-esophageal reflux:[[]]
Gastro-oesophageal reflux disease:[[7422], [1956], [3728], [328], [8840], [1045], [1829], [1828], [10344], [6339]]
Gastroesophageal reflux disease:[[1956], [7124], [9370], [7157], [3565], [5832], [3845], [673], [3553], [5743], [3576], [4193], [1557], [50943], [3728], [51738], [1950], [2150], [1281], [246], [885], [1829], [10344], [1521], [2520], [5225]]
Gastro-esophageal reflux:[[1557], [2784], [3491], [4212], [10681], [18]]
Gastro Esophageal Reflux Disease:[[1557], [2784], [3491], [4212], [18], [10681]]
Reflux Gastro-Esophageal:[[1401], [1557], [2784], [3491], [4212], [10681], [18]]
Esophageal Reflux:[[1080], [3576], [1557], [2784], [7442], [3491], [4212], [10681], [18]]
Gastro-oesophageal reflux:[[1956], [7422], [328], [1045], [3728], [1829], [8840], [1828], [10344], [6339]]
Gastroesophageal reflux:[[5832], [7157], [1956], [7124], [9370], [3845], [673], [3553], [5743], [3576], [59330], [4193], [1557], [50943], [3565], [51738], [1950], [2150], [1281], [246], [2520], [3728], [885], [1829], [5225], [10344], [5222], [643834], [1521]]
Reflux Gastric Acid:[[3553], [1557], [7099], [51738], [2520], [885]]
GASTROESOPHAGEAL REFLUX:[[5832], [7157], [1956], [7124], [9370], [3845], [673], [3553], [5743], [3576], [59330], [4193], [1557], [50943], [3565], [51738], [1950], [2150], [1281], [246], [2520], [3728], [885], [1829], [5225], [10344], [5222], [643834], [1521]]
Reflux Gastroesophageal:[[5832], [59330], [7157], [1956], [3576], [7422], [7124], [3569], [5743], [9370], [3845], [673], [3553], [1557], [999], [4193], [50943], [3565], [51738], [3107], [1950], [2247], [2150], [22943], [1045], [1281], [2520], [246], [4583], [3728], [1829], [885], [3855], [10344], [5225], [2294], [5222], [2984], [643834], [1521]]
Gastric reflux:[[4586], [3845], [3553], [999], [4588], [7157], [7040], [4582], [1956], [51738], [7124], [7422], [3569], [3576], [4524], [5743], [1636], [4318], [673], [4790], [1029], [7099], [9370], [2944], [2950], [4193], [6347], [1401], [5594], [3458], [332], [2952], [7515], [1557], [6696], [50943], [3606], [4255], [2068], [1950], [4968], [328], [6657], [5460], [7076], [3565], [1728], [5979], [2247], [6352], [2150], [185], [1045], [1906], [3934], [22943], [3579], [64321], [3308], [2784], [94025], [7148], [4583], [6092], [7442], [2520], [3491], [4585], [3566], [5225], [885], [8856], [3577], [4162], [26762], [1910], [246], [2303], [1909], [27086], [643834], [6863], [727897], [3459], [3728], [8840], [5222], [3855], [56998], [5336], [2294], [4295], [140453], [4584], [130497], [143662], [6775079]]
Gastro-Esophageal Reflux Diseases:[[1557], [3491]]
GASTROESOPHAGEAL REFLUX DISEASE:[[1956], [7124], [9370], [7157], [3565], [5832], [3845], [673], [3553], [5743], [3576], [4193], [1557], [50943], [3728], [51738], [1950], [2150], [1281], [246], [885], [1829], [10344], [1521], [2520], [5225]]
GORD - Gastro-oesophageal reflux disease:[[1045]]
Gastro-esophageal reflux disease:[[1557], [2784], [3491], [4212], [18], [10681]]
