Lambliases:[[]]
Giardiases:[[]]
Infection by Giardia lamblia:[[5970], [4843]]
Lambliasis:[[]]
Giardiasis:[[7040]]
Giardiosis:[[3569], [3458], [3567], [3497]]
Infection Giardia:[[5970], [4843], [1673], [7033]]
Giardial enteritis:[[4318], [4313], [50943], [64127], [57817], [7077], [4057], [4311], [10013], [6777], [5321], [406881], [29851], [136], [1395], [407036]]
Infection caused by Giardia lamblia:[[5970], [4843]]
Giardial colitis:[[3586], [3123], [3717], [3458], [2212], [149233], [3117], [3133], [9966], [3122], [56244], [3912], [7157], [64170], [4485], [999], [7124], [55801], [3119], [3558], [3569], [7422], [50616], [4318], [6774], [5243], [3127], [7421], [3553], [7040], [7099], [3593], [5468], [59067], [3172], [1401], [29949], [348], [94103], [8927], [1956], [1811], [4524], [3605], [4790], [3576], [3091], [1499], [11315], [1029], [2876], [5728], [1493], [3845], [1738], [207], [30814], [64127], [6532], [2099], [5743], [3575], [23252], [1636], [3663], [114548], [2952], [5788], [3579], [55876], [54546], [9370], [673], [2944], [6925], [3106], [2859], [406991], [55765], [4609], [595], [3479], [3565], [3958], [4261], [596], [4312], [920], [5970], [3952], [7097], [2950], [3383], [7852], [6556], [2213], [6347], [5734], [6280], [4313], [332], [159296], [929], [7515], [780], [23411], [4486], [50943], [3606], [5966], [8771], [4282], [3146], [5444], [4780], [5290], [3577], [177], [629], [6647], [4314], [6696], [2147], [960], [4233], [90865], [4855], [3135], [2153], [6648], [2908], [26191], [8743], [3162], [1565], [3557], [2146], [355], [2100], [4292], [5925], [4582], [100507436], [4153], [335], [10413], [23314], [324], [3934], [4843], [3604], [3688], [406947], [9734], [4210], [1543], [8764], [10911], [5781], [5879], [3394], [3107], [7076], [6772], [2152], [7850], [57154], [3953], [581], [3305], [10], [4824], [1116], [406938], [864], [4982], [3596], [6934], [10211], [4023], [23046], [196], [3627], [54106], [4088], [6790], [4353], [1577], [3481], [3486], [4170], [9021], [4089], [407040], [7132], [328], [7098], [796], [1728], [5295]]
Infections Giardia:[[4843], [1673]]
Giardiasis [lambliasis]:[[7040]]
