Constitutional hepatic dysfunction:[[3952], [3569], [3479], [3586], [5468], [5728], [3717], [183], [3845], [472], [4233], [5925], [7490], [10631], [4852], [7249], [2626], [546]]
Hyperbilirubinemia I:[[54658], [2539], [28234], [5243], [3162], [2944], [10599], [54600], [54578], [19], [213], [54577], [8277], [54657], [54575], [1244], [54576], [54659], [3704], [9970], [54579], [151306]]
Meulengracht syndrome:[[3757], [1280], [114548], [3753], [2074], [7157], [348], [1281], [51085], [546], [80184], [7466], [3845], [673], [8481], [5728], [8195], [7486], [641], [2706], [2317], [4292], [91147], [8626], [1540], [4000], [54658], [1161], [7490], [2033], [6331], [4023], [1071], [5781], [4436], [2263], [3643], [7291], [3784], [2261], [2260], [582], [10806], [8085], [10083], [367], [4683], [207], [84062], [3123], [7468], [4647], [4952], [2200], [1029], [7399], [4810], [201163], [2969], [10804], [6949], [7227], [2492], [775], [7840], [2316], [5428], [3730], [5080], [585], [1278], [54487], [5604], [55612], [2121], [811], [5290], [132884], [4281], [116442], [84100], [2812], [5077], [64127], [79068], [6663], [783], [338], [57167], [1130], [9968], [2332], [1277], [3990], [10743], [7456], [19], [2122], [3265], [6737], [84059], [6741], [3481], [6513], [4089], [23111], [2646], [356], [1285], [1387], [26585], [8976], [7504], [1827], [331], [23405], [9401], [65217], [4893], [672], [4692], [9569], [5894], [4277], [6774], [3117], [1401], [1788], [7401], [7128], [3570], [545], [10163], [583], [10682], [124590], [129880], [54808], [27241], [2138], [79738], [4137], [2475], [60], [3897], [5159], [1364], [8091], [5885], [79803], [2811], [2956], [9993], [5460], [4286], [675], [3717], [8220], [80144], [80025], [999], [3973], [79621], [4193], [64135], [1145], [55212], [2645], [27031], [4851], [1493], [10535], [2131], [1910], [7122], [9031], [4853], [1134], [2146], [100188856], [355], [50943], [105259599], [2153], [9652], [10908], [3664], [7020], [8214], [5308], [10062], [8517], [5076], [27019], [5189], [5395], [1287], [1906], [25825], [3759]]
Gilbert-Lereboullet syndrome:[[54658], [6708], [7361]]
Constitutional Liver Dysfunction:[[3569], [3479]]
Hereditary nonhemolytic jaundice:[[54658]]
Cholemia familiaris simplex:[[]]
Hereditary nonhaemolytic jaundice:[[3553], [7124], [3569], [6708], [54658], [2944], [2539], [10599], [1244], [6710], [6709], [5313]]
Gilbert's disease:[[]]
Congenital familial cholaemia:[[1589], [6331], [338], [5290], [2324], [7157], [4000], [5979], [2243], [857], [7253], [2099], [284119], [3845], [7139], [7137], [4625], [4352], [999], [1080], [5468], [3717], [207], [861], [59], [7422], [6329], [5054], [59341], [7428], [7040], [3784], [4524], [3119], [11200], [1545], [7124], [1956], [1636], [4893], [6261], [2147], [2200], [7273], [2057], [5888], [351], [213], [3265], [2626], [6833], [1991], [3043], [2034], [4137], [2056], [4763], [6335], [773], [51422], [1482], [5243], [6927], [3569], [3172], [367], [673], [8929], [2706], [7048], [3117], [7369], [4878], [3553], [5155], [2627], [3091], [7099], [9370], [7168], [2690], [3106], [2064], [88], [1499], [182], [627], [1441], [4624], [4790], [3479], [7421], [1584], [5741], [4851], [1401], [6121], [5743], [2950], [11093], [2776], [3952], [2944], [3762], [5080], [7043], [5376], [1294], [3458], [3757], [70], [183], [2301], [1630], [7097], [4018], [3767], [2153], [2318], [2290], [1406], [5350], [4053], [1136], [23405], [238], [406991], [285489], [5781], [2908], [6469], [1103], [8626], [185], [51738], [4935], [1280], [4653], [4312], [23600], [2688], [22861], [6598], [7169], [659], [2261], [7490], [1277], [2702], [5172], [3481], [811], [1410], [6813], [1588], [10019], [2131], [652], [2033], [2778], [2752], [4314], [3486], [1586], [4089], [7038], [10], [2316], [6928], [1349], [2155], [24], [3627], [796], [2625], [7076], [2006], [2645], [554], [4627], [775], [1585], [5624], [5295], [4087], [3614], [55636], [3593], [7287], [140628], [7827], [867], [7080], [7133], [11280], [5428], [5308], [3033], [4157], [6403]]
Syndrome Gilbert:[[54658], [6708], [7361]]
Gilbert's Disease:[[]]
Meulengracht Syndrome:[[3757], [1280], [114548], [3753], [2074], [7157], [348], [1281], [51085], [546], [80184], [7466], [3845], [673], [8481], [5728], [8195], [7486], [641], [2706], [2317], [4292], [91147], [8626], [1540], [4000], [54658], [1161], [7490], [2033], [6331], [4023], [1071], [5781], [4436], [2263], [3643], [7291], [3784], [2261], [2260], [582], [10806], [8085], [10083], [367], [4683], [207], [84062], [3123], [7468], [4647], [4952], [2200], [1029], [7399], [4810], [201163], [2969], [10804], [6949], [7227], [2492], [775], [7840], [2316], [5428], [3730], [5080], [585], [1278], [54487], [5604], [55612], [2121], [811], [5290], [132884], [4281], [116442], [84100], [2812], [5077], [64127], [79068], [6663], [783], [338], [57167], [1130], [9968], [2332], [1277], [3990], [10743], [7456], [19], [2122], [3265], [6737], [84059], [6741], [3481], [6513], [4089], [23111], [2646], [356], [1285], [1387], [26585], [8976], [7504], [1827], [331], [23405], [9401], [65217], [4893], [672], [4692], [9569], [5894], [4277], [6774], [3117], [1401], [1788], [7401], [7128], [3570], [545], [10163], [583], [10682], [124590], [129880], [54808], [27241], [2138], [79738], [4137], [2475], [60], [3897], [5159], [1364], [8091], [5885], [79803], [2811], [2956], [9993], [5460], [4286], [675], [3717], [8220], [80144], [80025], [999], [3973], [79621], [4193], [64135], [1145], [55212], [2645], [27031], [4851], [1493], [10535], [2131], [1910], [7122], [9031], [4853], [1134], [2146], [100188856], [355], [50943], [105259599], [2153], [9652], [10908], [3664], [7020], [8214], [5308], [10062], [8517], [5076], [27019], [5189], [5395], [1287], [1906], [25825], [3759]]
Congenital familial cholemia:[[1589], [6331], [338], [5290], [2324], [7157], [4000], [5979], [2243], [857], [7253], [2099], [284119], [3845], [7139], [7137], [4625], [4352], [999], [1080], [5468], [3717], [207], [861], [59], [7422], [6329], [5054], [59341], [7428], [7040], [3784], [4524], [3119], [11200], [1545], [7124], [1956], [1636], [4893], [6261], [2147], [2200], [7273], [2057], [5888], [351], [213], [3265], [2626], [6833], [1991], [3043], [2034], [4137], [2056], [4763], [6335], [773], [51422], [1482], [5243], [6927], [3569], [3172], [367], [673], [8929], [2706], [7048], [3117], [7369], [4878], [3553], [5155], [2627], [3091], [7099], [9370], [7168], [2690], [3106], [2064], [88], [1499], [182], [627], [1441], [4624], [4790], [3479], [7421], [1584], [5741], [4851], [1401], [6121], [5743], [2950], [11093], [2776], [3952], [2944], [3762], [5080], [7043], [5376], [1294], [3458], [3757], [70], [183], [2301], [1630], [7097], [4018], [3767], [2153], [2318], [2290], [1406], [5350], [4053], [1136], [23405], [238], [406991], [285489], [5781], [2908], [6469], [1103], [8626], [185], [51738], [4935], [1280], [4653], [4312], [23600], [2688], [22861], [6598], [7169], [659], [2261], [7490], [1277], [2702], [5172], [3481], [811], [1410], [6813], [1588], [10019], [2131], [652], [2033], [2778], [2752], [4314], [3486], [1586], [4089], [7038], [10], [2316], [6928], [1349], [2155], [24], [3627], [796], [2625], [7076], [2006], [2645], [554], [4627], [775], [1585], [5624], [5295], [4087], [3614], [55636], [3593], [7287], [140628], [7827], [867], [7080], [7133], [11280], [5428], [5308], [3033], [4157], [6403]]
Hyperbilirubinemia Arias Type:[[54658], [151306], [5243], [2539], [3162], [28234], [2944], [19], [10599], [213], [1244], [54600], [54578], [54657], [9970], [3704], [54579]]
GILBERT SYNDROME:[[54658], [6708], [7361]]
Syndrome Gilbert's:[[54658], [3123], [3117], [959], [2875], [54577], [54578], [7361]]
Jaundice congenital nonhemolytic:[[]]
HBLRG:[[]]
HYPERBILIRUBINEMIA GILBERT TYPE:[[54658]]
HYPERBILIRUBINEMIA ARIAS TYPE:[[54658], [151306], [5243], [2539], [3162], [28234], [2944], [19], [10599], [213], [1244], [54600], [54578], [54657], [9970], [3704], [54579]]
Familial Nonhemolytic Jaundice:[[]]
Familial nonhaemolytic jaundice:[[7124], [3569], [3553], [3586], [2944], [2688], [7076], [1244], [5618]]
Gilbert syndrome:[[54658], [6708], [7361]]
Gilberts Syndrome:[[3757], [1280], [114548], [3753], [2074], [7157], [348], [1281], [51085], [546], [80184], [7466], [3845], [673], [8481], [5728], [8195], [7486], [641], [2706], [2317], [4292], [91147], [8626], [1540], [4000], [54658], [1161], [7490], [2033], [6331], [4023], [1071], [5781], [4436], [2263], [3643], [7291], [3784], [2261], [2260], [582], [10806], [8085], [10083], [367], [4683], [207], [84062], [3123], [7468], [4647], [4952], [2200], [1029], [7399], [4810], [201163], [2969], [10804], [6949], [7227], [2492], [775], [7840], [2316], [5428], [3730], [5080], [585], [1278], [54487], [5604], [55612], [2121], [811], [5290], [132884], [4281], [116442], [84100], [2812], [5077], [64127], [79068], [6663], [783], [338], [57167], [1130], [9968], [2332], [1277], [3990], [10743], [7456], [19], [2122], [3265], [6737], [84059], [6741], [3481], [6513], [4089], [23111], [2646], [356], [1285], [1387], [26585], [8976], [7504], [1827], [331], [23405], [9401], [65217], [4893], [672], [4692], [9569], [5894], [4277], [6774], [3117], [1401], [1788], [7401], [7128], [3570], [545], [10163], [583], [10682], [124590], [129880], [54808], [27241], [2138], [79738], [4137], [2475], [60], [3897], [5159], [1364], [8091], [5885], [79803], [2811], [2956], [9993], [5460], [4286], [675], [3717], [8220], [80144], [80025], [999], [3973], [79621], [4193], [64135], [1145], [55212], [2645], [27031], [4851], [1493], [10535], [2131], [1910], [7122], [9031], [4853], [1134], [2146], [100188856], [355], [50943], [105259599], [2153], [9652], [10908], [3664], [7020], [8214], [5308], [10062], [8517], [5076], [27019], [5189], [5395], [1287], [1906], [25825], [3759]]
Low-grade chronic hyperbilirubinaemia syndrome:[[]]
Familial nonhemolytic bilirubinemia:[[]]
Chronic intermittent juvenile jaundice:[[3569], [7124], [3586], [3553], [7076]]
Familial nonhaemolytic bilirubinaemia:[[338], [6331], [4254], [8792], [672], [8647], [675], [7157], [5205], [5621], [324], [348], [3949], [114548], [79577], [255738], [4210], [7139], [2099], [7137], [5468], [999], [116519], [3717], [3845], [1540], [5551], [5979], [207], [335], [5728], [4000], [5663], [19], [7428], [4023], [861], [8074], [59], [472], [5649], [3119], [11200], [846], [5290], [3077], [6323], [841], [3784], [351], [1956], [3123], [7273], [2200], [213], [3043], [1029], [5888], [4625], [7124], [4638], [2056], [6622], [773], [4088], [7040], [7422], [7046], [5243], [6927], [4137], [3039], [3643], [2034], [4763], [1636], [7253], [9414], [2057], [79728], [7015], [6334], [3117], [4524], [7369], [4878], [3569], [3172], [7048], [4629], [6647], [4771], [4607], [1312], [5155], [7128], [6262], [7517], [3815], [7168], [9365], [2690], [567], [9370], [4352], [367], [673], [9971], [3785], [120892], [153], [5244], [545], [3553], [2064], [2243], [8517], [112476], [1499], [7099], [4624], [627], [7421], [1285], [5741], [6532], [5327], [477], [3091], [100329167], [79179], [8105], [3586], [6833], [3106], [1536], [5972], [4193], [4790], [5444], [3040], [5071], [1000], [5743], [23435], [4318], [3973], [23385], [1401], [7276], [5054], [100188842], [50968], [580], [3576], [3762], [4693], [3875], [3759], [59341], [554188], [4015], [2776], [1080], [5573], [5376], [117084], [4851], [3458], [595], [1813], [7043], [619536], [619478], [619468], [619411], [619399], [541461], [406216], [338030], [337892], [252843], [252842], [84434], [81865], [56797], [50947], [8249], [8144], [2475], [8438], [5245], [3479], [8989], [1138], [2896], [3952], [6329], [2950], [100499532]]
Cholaemia familiaris simplex:[[]]
Benign unconjugated bilirubinaemia syndrome:[[54658], [5728], [11093], [28234], [10599], [1950], [328], [8277]]
Gilberts Disease:[[]]
Benign unconjugated bilirubinemia syndrome:[[]]
Gilbert Disease:[[]]
Hyperbilirubinemia 1:[[54658], [3162], [2944], [19], [5243], [10599], [54600], [54578], [8277], [54577], [9970], [54657], [54575], [54576], [54659], [151306], [2539], [54579], [28234], [1244], [213], [3704]]
Gilbert's syndrome:[[54658], [3123], [3117], [959], [2875], [54577], [54578], [7361]]
Low-grade chronic hyperbilirubinemia syndrome:[[2944]]
Hyperbilirubinemias Arias Type:[[54658]]
Gilbert-Lereboullet Syndrome:[[54658], [6708], [7361]]
Gilberts syndrome:[[3757], [1280], [114548], [3753], [2074], [7157], [348], [1281], [51085], [546], [80184], [7466], [3845], [673], [8481], [5728], [8195], [7486], [641], [2706], [2317], [4292], [91147], [8626], [1540], [4000], [54658], [1161], [7490], [2033], [6331], [4023], [1071], [5781], [4436], [2263], [3643], [7291], [3784], [2261], [2260], [582], [10806], [8085], [10083], [367], [4683], [207], [84062], [3123], [7468], [4647], [4952], [2200], [1029], [7399], [4810], [201163], [2969], [10804], [6949], [7227], [2492], [775], [7840], [2316], [5428], [3730], [5080], [585], [1278], [54487], [5604], [55612], [2121], [811], [5290], [132884], [4281], [116442], [84100], [2812], [5077], [64127], [79068], [6663], [783], [338], [57167], [1130], [9968], [2332], [1277], [3990], [10743], [7456], [19], [2122], [3265], [6737], [84059], [6741], [3481], [6513], [4089], [23111], [2646], [356], [1285], [1387], [26585], [8976], [7504], [1827], [331], [23405], [9401], [65217], [4893], [672], [4692], [9569], [5894], [4277], [6774], [3117], [1401], [1788], [7401], [7128], [3570], [545], [10163], [583], [10682], [124590], [129880], [54808], [27241], [2138], [79738], [4137], [2475], [60], [3897], [5159], [1364], [8091], [5885], [79803], [2811], [2956], [9993], [5460], [4286], [675], [3717], [8220], [80144], [80025], [999], [3973], [79621], [4193], [64135], [1145], [55212], [2645], [27031], [4851], [1493], [10535], [2131], [1910], [7122], [9031], [4853], [1134], [2146], [100188856], [355], [50943], [105259599], [2153], [9652], [10908], [3664], [7020], [8214], [5308], [10062], [8517], [5076], [27019], [5189], [5395], [1287], [1906], [25825], [3759]]
Unconjugated Benign Bilirubinemia:[[]]
Hyperbilirubinemia 1s:[[]]
HYPERBILIRUBINEMIA I:[[54658], [2539], [28234], [5243], [3162], [2944], [10599], [54600], [54578], [19], [213], [54577], [8277], [54657], [54575], [1244], [54576], [54659], [3704], [9970], [54579], [151306]]
Familial nonhemolytic jaundice:[[]]
