ACG - Angle closure glaucoma:[[7439], [646960]]
Glaucoma Angle-Closure:[[4653], [857], [100048912], [4016], [10133], [1301], [7157], [348], [4318], [4524], [54499], [4846], [7040], [10057], [144100], [10587], [80781], [5743], [4312], [3082], [55486], [134430], [6648], [7439], [170572], [847], [7057], [6678], [4586], [200909], [27178], [1103], [90], [654], [10203], [220202], [83552], [169792], [84639], [9705], [84133], [338917], [115294], [84705], [29911], [8818], [646960], [221178], [399665]]
Narrow-Angle Glaucoma:[[]]
Uncompensated Glaucoma:[[]]
Uncompensative Glaucoma:[[]]
Glaucomas Angle-Closure:[[4653], [4016]]
Glaucoma Narrow Angle:[[19], [7157], [7124], [7421], [8626], [652], [7439], [90], [9705], [115294], [8818], [399665]]
Glaucomas Closed-Angle:[[]]
Narrow cleft glaucoma:[[8626], [7157], [652]]
Glaucoma Angle Closure:[[4653], [857], [100048912], [1545], [54499], [10133], [4016], [1301], [7157], [4524], [348], [4318], [80781], [4846], [10057], [144100], [4976], [10587], [134430], [7040], [55486], [1956], [170572], [4312], [5743], [3082], [200909], [1906], [7076], [7042], [6648], [387], [2335], [3309], [652], [847], [7057], [6678], [7439], [4586], [27178], [1103], [90], [654], [10203], [220202], [83552], [169792], [84639], [9705], [115294], [338917], [84133], [84705], [29911], [8818], [221178], [646960], [399665]]
Uncompensated Glaucomas:[[]]
Narrow-Angle Glaucomas:[[]]
Glaucoma Closed Angle:[[7157], [80781], [4524], [4846], [2944], [5243], [2099], [7515], [154], [2697], [3949], [2068], [3308], [4843], [2006], [7439], [387712]]
Narrow angle glaucoma:[[]]
Glaucomas Angle Closure:[[4653], [1545], [4016]]
Glaucoma Closed-Angle:[[80781], [4524], [4846], [2944], [7515], [2068], [3308]]
Angle-closure glaucoma:[[7157], [4318], [348], [4524], [7040], [1301], [5743], [857], [3082], [6648], [4312], [4653], [7057], [10057], [7439], [847], [6678], [4586], [10587], [144100], [100048912], [10133], [55486], [27178], [1103], [170572], [10203], [134430], [169792], [200909], [83552], [84639], [220202], [84133], [338917], [9705], [84705], [115294], [29911], [646960], [221178], [8818], [399665]]
Narrow-angle glaucoma:[[]]
Uncompensative Glaucomas:[[]]
