Sclerosing Glomerulonephritides Focal:[[]]
Segmental Glomerulosclerosis Focal:[[81], [7225], [8542], [4627], [64423], [5076], [23607], [54443], [7422], [7040], [5329], [7124], [1636], [1499], [4643], [3569], [348], [3688], [3690], [286204], [7827], [3586], [7099], [7490], [6347], [10413], [4233], [5328], [4088], [335], [183], [3934], [4868], [185], [3611], [567], [3486], [2200], [959], [6615], [1585], [1285], [4087], [1287], [6275], [51196], [3484], [941], [407029], [1462], [5420], [8573], [950], [1286], [2671], [407019], [23286], [494327], [4567], [406968], [10537], [406962], [9935], [4010], [442891], [814], [406925], [6557], [3913], [83478], [11346], [10788], [81603], [693200], [57107], [10076], [23529], [406926], [255743], [79934], [51004], [55998], [192343], [105374325], [105375913]]
Focal and segmental glomerulosclerosis:[[81], [7225], [8542], [4627], [64423], [5076], [23607], [54443], [7422], [7040], [5329], [7124], [1636], [1499], [4643], [3569], [348], [3688], [3690], [286204], [7827], [3586], [7099], [7490], [6347], [10413], [4233], [5328], [4088], [335], [183], [3934], [4868], [185], [3611], [567], [3486], [2200], [959], [6615], [1585], [1285], [4087], [1287], [6275], [51196], [3484], [941], [407029], [1462], [5420], [8573], [950], [1286], [2671], [407019], [23286], [494327], [4567], [406968], [10537], [406962], [9935], [4010], [442891], [814], [406925], [6557], [3913], [83478], [11346], [10788], [81603], [693200], [57107], [10076], [23529], [406926], [255743], [79934], [51004], [55998], [192343], [105374325], [105375913]]
FGS - Focal glomerulosclerosis:[[]]
Sclerosing Glomerulonephritis Focal:[[7225], [3123], [7422], [7157], [3569], [7124], [7040], [4318], [1636], [29126], [3383], [5133], [8771]]
Glomerulosclerosis Focal:[[81], [7225], [8542], [4627], [7422], [64423], [5076], [6714], [7040], [1499], [3569], [5329], [7124], [23607], [1636], [348], [3688], [3690], [3586], [7099], [54443], [7490], [6347], [7827], [10413], [4643], [4233], [4088], [2335], [335], [183], [5328], [3934], [286204], [185], [3611], [567], [4868], [3486], [2200], [1490], [6615], [959], [6469], [1268], [1585], [4087], [6275], [3675], [1287], [1285], [3484], [51196], [9076], [26585], [941], [407029], [1462], [950], [5420], [8573], [1286], [2671], [407019], [2768], [23286], [494327], [4567], [406968], [10537], [2138], [406962], [9935], [4010], [442891], [814], [406925], [6557], [3913], [83478], [11346], [10788], [81603], [693200], [57107], [10076], [23529], [406926], [255743], [79934], [51004], [55998], [105374325], [105375913], [192343]]
FSGS - Focal segmental glomerulosclerosis:[[81], [7225], [8542], [4627], [64423], [5076], [23607], [54443], [5329], [7827], [7490], [4868], [2200], [1287], [1285], [6275], [51196], [1462], [1286], [407029], [83478]]
Focal glomerulosclerosis:[[3688], [3675], [81], [2138]]
Focal segmental glomerulosclerosis (FSGS):[[81], [7225], [8542], [4627], [64423], [5076], [23607], [54443], [5329], [7827], [7490], [4868], [2200], [1287], [1285], [6275], [51196], [1462], [1286], [407029], [83478]]
Focal segmental glomerulosclerosis:[[81], [7225], [8542], [4627], [64423], [5076], [23607], [54443], [7422], [7040], [5329], [7124], [1636], [1499], [4643], [3569], [348], [3688], [3690], [286204], [7827], [3586], [7099], [7490], [6347], [10413], [4233], [5328], [4088], [335], [183], [3934], [4868], [185], [3611], [567], [3486], [2200], [959], [6615], [1585], [1285], [4087], [1287], [6275], [51196], [3484], [941], [407029], [1462], [5420], [8573], [950], [1286], [2671], [407019], [23286], [494327], [4567], [406968], [10537], [406962], [9935], [4010], [442891], [814], [406925], [6557], [3913], [83478], [11346], [10788], [81603], [693200], [57107], [10076], [23529], [406926], [255743], [79934], [51004], [55998], [192343], [105374325], [105375913]]
Focal and segmental glomerular sclerosis:[[348], [7422], [7040], [7124], [3569], [3586], [4233], [7490], [1636], [1499], [50943], [6347], [3688], [947], [183], [3934], [959], [5290], [10413], [185], [4088], [3627], [4843], [567], [3486], [51196], [2625], [3484], [941], [8573], [3913]]
Focal glomerular sclerosis:[[3123], [6774], [348], [2475], [7422], [7040], [4790], [5594], [3569], [7124], [7852], [4318], [4233], [3586], [7490], [3553], [1499], [1636], [387], [857], [6347], [5879], [3383], [3688], [7412], [4846], [3479], [3605], [947], [5243], [6696], [3684], [1471], [50943], [3146], [4851], [3791], [183], [5159], [3934], [5595], [10673], [6093], [10891], [3958], [959], [100133941], [2321], [7097], [2247], [1490], [4088], [5290], [10413], [185], [836], [3627], [4843], [718], [567], [8826], [3075], [1950], [87], [4314], [4162], [50507], [3486], [285], [2149], [4684], [3240], [23114], [6927], [7018], [2625], [2244], [3675], [51196], [3339], [3484], [634], [5154], [941], [8573], [3913], [10911], [1894], [7301]]
