DANON DISEASE:[[3920], [7942], [8450], [30849]]
Vacuolar Cardiomyopathy and Myopathy X linked:[[3920]]
Glycogen Storage Cardiomyopathy:[[51422], [5663], [7124], [3569], [4607], [1401], [9370], [4790], [7040], [7450], [7852], [3077], [3920], [57817], [4323], [5236]]
GLYCOGEN STORAGE DISEASE IIb:[[7450]]
X Linked Vacuolar Cardiomyopathy and Myopathy:[[3920]]
LYSOSOMAL GLYCOGEN STORAGE DISEASE WITHOUT ACID MALTASE DEFICIENCY FORMERLY:[[]]
Pseudoglycogenosis 2s:[[10915], [1813], [5594], [836], [213], [6531], [5595], [1577], [3508], [5478], [1051], [7508], [7534], [5788], [7498], [5590], [2395], [23327], [835], [23643], [55847], [4919], [3984], [10539], [60684], [47], [5786], [5789], [4729], [4633], [2936], [57019], [4719], [5792], [316], [23479], [51022], [6493], [493856], [2230], [5797], [5802], [51218], [9054], [22], [27247], [7386], [5791], [552900], [6341], [10063], [150274], [85464], [200205], [81689], [122961], [55217], [4528], [53942], [112812], [4682], [654483], [284106], [317671]]
Glycogen Storage Cardiomyopathies:[[3576], [4607]]
Glycogen Storage Disease IIb:[[7450]]
X-Linked Vacuolar Cardiomyopathy and Myopathy:[[3920]]
PSEUDOGLYCOGENOSIS II:[[972], [6948], [7433], [3123], [3119], [129685], [2651], [3117], [3122], [351], [7157], [1376], [1636], [1280], [5743], [5430], [4313], [5080], [185], [3557], [2959], [7153], [2147], [3118], [3127], [6872], [183], [79577], [6390], [2494], [3115], [7048], [56244], [7046], [7421], [1565], [4627], [659], [4843], [5970], [3091], [9968], [1660], [1457], [6513], [367], [1459], [1557], [4261], [2212], [2547], [302], [2099], [7133], [5468], [6389], [186], [3125], [6774], [546], [4790], [3109], [5434], [5431], [3482], [551], [3113], [3126], [760], [5432], [4904], [2346], [3053], [10643], [6921], [5439], [2213], [657], [3725], [2908], [5433], [6879], [3852], [3108], [2150], [7052], [5436], [5438], [2149], [90], [1460], [3856], [7026], [5993], [4780], [3111], [274], [5437], [4628], [3291], [7520], [1634], [8554], [9475], [3099], [8106], [7099], [7155], [5435], [5311], [1785], [7422], [468], [6716], [5441], [301], [6923], [815], [5335], [10483], [4609], [94], [1024], [3112], [5440], [10911], [818], [1734], [6878], [1020], [10915], [3855], [590], [10923], [3848], [6880], [54623], [308], [7124], [4502], [7850], [2033], [4552], [6500], [164656], [11063], [283131], [9188], [5576], [269], [8178], [6667], [7040], [4089], [8148], [4481], [6326], [9150], [5716], [6874], [5989], [9255], [6281], [79784], [817], [2208], [11073], [3615], [5465], [1385], [5577], [6917], [1051], [5426], [91], [6506], [3120], [824], [6391], [9646], [10644], [3284], [5589], [3096], [5225], [4513], [6883], [6877], [384], [1382], [6418], [10642], [3821], [6882], [4088], [81857], [1958], [8644], [2309], [9314]]
Vacuolar Cardiomyopathy and Myopathy X-linked:[[3920]]
Glycogen Storage Disease Type 2B:[[7450], [3576], [3939]]
Pseudoglycogenosis II:[[972], [6948], [7433], [3123], [3119], [129685], [2651], [3117], [3122], [351], [7157], [1376], [1636], [1280], [5743], [5430], [4313], [5080], [185], [3557], [2959], [7153], [2147], [3118], [3127], [6872], [183], [79577], [6390], [2494], [3115], [7048], [56244], [7046], [7421], [1565], [4627], [659], [4843], [5970], [3091], [9968], [1660], [1457], [6513], [367], [1459], [1557], [4261], [2212], [2547], [302], [2099], [7133], [5468], [6389], [186], [3125], [6774], [546], [4790], [3109], [5434], [5431], [3482], [551], [3113], [3126], [760], [5432], [4904], [2346], [3053], [10643], [6921], [5439], [2213], [657], [3725], [2908], [5433], [6879], [3852], [3108], [2150], [7052], [5436], [5438], [2149], [90], [1460], [3856], [7026], [5993], [4780], [3111], [274], [5437], [4628], [3291], [7520], [1634], [8554], [9475], [3099], [8106], [7099], [7155], [5435], [5311], [1785], [7422], [468], [6716], [5441], [301], [6923], [815], [5335], [10483], [4609], [94], [1024], [3112], [5440], [10911], [818], [1734], [6878], [1020], [10915], [3855], [590], [10923], [3848], [6880], [54623], [308], [7124], [4502], [7850], [2033], [4552], [6500], [164656], [11063], [283131], [9188], [5576], [269], [8178], [6667], [7040], [4089], [8148], [4481], [6326], [9150], [5716], [6874], [5989], [9255], [6281], [79784], [817], [2208], [11073], [3615], [5465], [1385], [5577], [6917], [1051], [5426], [91], [6506], [3120], [824], [6391], [9646], [10644], [3284], [5589], [3096], [5225], [4513], [6883], [6877], [384], [1382], [6418], [10642], [3821], [6882], [4088], [81857], [1958], [8644], [2309], [9314]]
GSD2B FORMERLY:[[5335], [1386], [3915], [5531], [7157], [28227], [9370], [367], [55012], [3479], [596], [3952], [2952], [2950], [6531], [6927], [7018], [282553], [1548], [5915], [57379], [9856], [4361], [1409], [4085], [10111], [6311], [3918], [406921], [189], [80025], [3911], [6567], [3702], [3912], [8241], [27316], [5935], [51142], [5534], [3913], [3910], [10252], [9646], [54821], [9587], [5523], [10319], [9562], [25802], [84270], [84918], [255919], [54682], [100287284]]
VACUOLAR CARDIOMYOPATHY AND MYOPATHY X-LINKED:[[3920]]
GSD IIb FORMERLY:[[]]
Pseudoglycogenosis 2:[[2]]
Pseudoglycogenosis IIs:[[404552], [6917], [29785], [7040], [1636], [3479], [4627], [6591], [57223], [5876], [55671], [6919], [6920], [139420]]
ANTOPOL DISEASE:[[1493], [5979], [64127], [11315], [351], [8792], [348], [5071], [1910], [3064], [3586], [6774], [3123], [1029], [6622], [4137], [540], [5310], [3717], [6347], [24], [1201], [6387], [3119], [120892], [335], [7450], [5621], [7422], [3569], [338], [5311], [3949], [3107], [4287], [19], [4023], [5664], [57623], [1071], [3558], [4314], [255738], [4088], [356], [3117], [26191], [1191], [653361], [1586], [958], [26503], [1401], [2629], [4018], [3593], [116519], [6927], [4688], [729230], [3106], [864], [3570], [80339], [7415], [6597], [2244], [59067], [345], [8651], [3115], [10577], [149233], [5314], [6261], [3592], [7957], [1030], [28], [10320], [1234], [3659], [246778], [3990], [4041], [1378], [100048912], [3077], [3383], [6775], [5376], [9173], [2161], [55600], [26058], [7439], [1138], [4361], [4582], [7369], [1956], [1282], [3122], [6653], [4747], [51752], [7124], [4359], [538], [55054], [1136], [6311], [5663], [3931], [3992], [2646], [6584], [337], [9966], [4321], [56606], [217], [1235], [274], [5734], [2524], [7040], [341], [7292], [3953], [4524], [1232], [6272], [5966], [5771], [2308], [54901], [4068], [7332], [8878], [3562], [100507436], [9388], [3084], [2099], [10452], [3559], [6583], [5328], [8301], [1636], [3635], [4693], [1230], [2212], [945], [4318], [29881], [9370], [5243], [367], [4790], [7128], [7421], [64241], [54332], [6403], [1373], [7077], [4846], [94103], [51085], [2243], [10019], [345611], [7015], [4311], [2581], [10221], [56731], [7840], [2876], [940], [6606], [60468], [3595], [2266], [50941], [100359403], [3458], [221692], [10347], [3658], [3133], [2904], [64478], [1394], [64170], [64399], [5594]]
Glycogen Storage Disease Limited to the Heart:[[1401], [3576], [3939]]
Glycogen Storage Disease Type IIb:[[7450]]
Danon Disease:[[3920], [7942], [8450], [30849]]
Disease Antopol:[[1493], [5979], [64127], [11315], [351], [8792], [348], [5071], [1910], [3064], [3586], [6774], [3123], [1029], [6622], [4137], [540], [5310], [3717], [6347], [24], [1201], [6387], [3119], [120892], [335], [7450], [5621], [7422], [3569], [338], [5311], [3949], [3107], [4287], [19], [4023], [5664], [57623], [1071], [3558], [4314], [255738], [4088], [356], [3117], [26191], [1191], [653361], [1586], [958], [26503], [1401], [2629], [4018], [3593], [116519], [6927], [4688], [729230], [3106], [864], [3570], [80339], [7415], [6597], [2244], [59067], [345], [8651], [3115], [10577], [149233], [5314], [6261], [3592], [7957], [1030], [28], [10320], [1234], [3659], [246778], [3990], [4041], [1378], [100048912], [3077], [3383], [6775], [5376], [9173], [2161], [55600], [26058], [7439], [1138], [4361], [4582], [7369], [1956], [1282], [3122], [6653], [4747], [51752], [7124], [4359], [538], [55054], [1136], [6311], [5663], [3931], [3992], [2646], [6584], [337], [9966], [4321], [56606], [217], [1235], [274], [5734], [2524], [7040], [341], [7292], [3953], [4524], [1232], [6272], [5966], [5771], [2308], [54901], [4068], [7332], [8878], [3562], [100507436], [9388], [3084], [2099], [10452], [3559], [6583], [5328], [8301], [1636], [3635], [4693], [1230], [2212], [945], [4318], [29881], [9370], [5243], [367], [4790], [7128], [7421], [64241], [54332], [6403], [1373], [7077], [4846], [94103], [51085], [2243], [10019], [345611], [7015], [4311], [2581], [10221], [56731], [7840], [2876], [940], [6606], [60468], [3595], [2266], [50941], [100359403], [3458], [221692], [10347], [3658], [3133], [2904], [64478], [1394], [64170], [64399], [5594]]
Danon disease:[[3920], [7942], [8450], [30849]]
Lysosomal Glycogen Storage Disease with Normal Acid Maltase:[[]]
Lysosomal Glycogen Storage Disease without Acid Maltase Deficiency:[[2548]]
