Deficiency of acid maltase:[[2548], [6517], [859]]
Generalised glycogenosis:[[]]
Deficiency Acid Alpha-Glucosidase:[[2548], [2629], [6476], [6609], [7124], [6786], [4851], [5747], [2717], [2581], [3425]]
Alpha-Glucosidase Deficiencies:[[8972], [6609], [2581]]
GSD2:[[]]
Alpha-Glucosidase Deficiency:[[2548], [6476], [1588], [7124], [6786], [4851], [5747], [2629], [2581], [2717], [6609], [3425]]
Deficiency of glucoamylase:[[2548], [6476], [5256], [5257], [5255]]
Lysosomal alpha 1 4 Glucosidase Deficiency Disease:[[]]
Deficiency of Alpha Glucosidase:[[2548], [6476], [7124], [2629], [2717], [348], [7157], [5660], [3425], [1588], [6786], [4851], [9365], [5747], [2581], [6609]]
Pompe Disease:[[1636], [3479], [2548], [2660], [7030], [8972]]
AMD:[[262], [263], [348], [7422], [1401], [7040], [7099], [4313], [2099], [9370], [3075], [1636], [6347], [3576], [672], [3553], [4790], [2944], [5444], [718], [7852], [3479], [2950], [6647], [3791], [1071], [4780], [2952], [7097], [23411], [6387], [3077], [7098], [114548], [3565], [4312], [2706], [836], [3630], [3949], [2321], [3107], [10891], [5654], [3934], [4843], [4000], [4023], [4968], [5176], [2152], [19], [1471], [4314], [4988], [3486], [196], [387715], [1191], [24], [2212], [8878], [4316], [3667], [948], [1524], [6615], [11315], [6285], [7057], [729230], [5371], [629], [3240], [1111], [6401], [6403], [5228], [4595], [7018], [3990], [51284], [4852], [842], [103], [710], [2006], [7078], [5155], [3426], [717], [10399], [2623], [208], [8797], [4016], [2074], [3811], [6402], [2621], [5978], [4040], [3184], [2202], [6095], [9423], [27122], [664], [10461], [7374], [10452], [6091], [4502], [1630], [6623], [3078], [3916], [10516], [4891], [8639], [7436], [5880], [5336], [5199], [84432], [5890], [10878], [735], [8794], [6499], [2954], [6785], [6369], [10512], [23583], [1295], [81494], [2972], [83872], [9313], [7936], [392255], [64094], [56670], [10877], [59338], [1730], [1504], [26254], [2949], [246330], [80724], [92196]]
ACID ALPHA-GLUCOSIDASE DEFICIENCY:[[2548], [2629], [6476], [6609], [7124], [6786], [4851], [5747], [2717], [2581], [3425]]
Glycogen Storage Disease II:[[2548], [3576], [1401], [7450], [7942], [5213], [949], [406920], [30849]]
Glycogen Storage Disease Type 2:[[57818], [7450], [949], [5213], [5256], [51422], [83552], [5224], [2548], [2538], [5261], [2542], [226], [178], [2920], [2998], [1401], [3576], [5837], [2632], [5236], [3939], [5836], [2997], [92579], [5257], [7942], [5255], [406920], [30849]]
GLYCOGEN STORAGE DISEASE II:[[2548], [3576], [1401], [7450], [7942], [5213], [949], [406920], [30849]]
Pompe's Disease:[[4879], [2548]]
Pompes Disease:[[]]
Glycogenoses Generalized:[[284119], [6323], [2908], [7068], [3105], [7299], [3778], [5290], [6513], [960], [857], [7124], [26191], [348], [3117], [4089], [1956], [3586], [846], [56244], [1312], [3559], [5167], [7422], [627], [3569], [3091], [7040], [1636], [4157], [4318], [1957], [3553], [2099], [3342], [1401], [351], [3605], [6532], [3002], [3123], [7421], [3576], [26580], [1294], [9839], [5743], [7099], [3106], [64135], [7015], [2944], [3458], [7038], [432400], [4313], [368], [3952], [1131], [5321], [26525], [6347], [3122], [353124], [120325367], [100653381], [100302716], [100190787], [100188861], [100188821], [100188796], [780913], [2952], [7097], [6311], [50943], [941], [5444], [1234], [6506], [3557], [1493], [840], [472], [1813], [2175], [6326], [3119], [3565], [1565], [4000], [5925], [183], [177], [657], [4153], [6531], [185], [3552], [3075], [4948], [1576], [5747], [387], [5663], [6324], [4128], [6352], [4204], [406947], [10555], [4353], [56729], [10019], [148022], [718], [1803], [10951], [1191], [60468], [7412], [6285], [7057], [2212], [5205], [4893], [203228], [5156], [3240], [8924], [820], [57468], [2214], [4026], [5159], [729230], [7077], [3350], [4779], [1861], [847], [84868], [50616], [5327], [3575], [4041], [2353], [85480], [5610], [619539], [4852], [24], [3574], [2566], [348980], [4322], [1048], [773], [80279], [7494], [4317], [546], [7054], [2643], [112744], [3852], [6530], [785], [6348], [7439], [2324], [6890], [53347], [406942], [2903], [4599], [84062], [6616], [10563], [1137], [55163], [84991], [3965], [2512], [2215], [27086], [6096], [5020], [8912], [12], [23327], [64094], [6503], [7364], [1832], [8631], [4321], [6361], [1180], [1308]]
Glycogen Storage Disease Type II:[[2548], [7942], [30849]]
Type IIs Glycogenosis:[[]]
GAA Deficiency:[[2548], [7157], [7124], [1636], [4292], [3845], [1493], [2395], [6476], [2629], [3945], [2309], [2581], [2717], [653361], [2244], [4914], [6609], [120227], [4522], [7386], [3425], [83667], [2683], [2805]]
Acid Alpha Glucosidase Deficiency:[[2548], [2629], [6476], [7124], [348], [2717], [6609], [7157], [3425], [5660], [6786], [4851], [5747], [9365], [2581]]
Deficiency of gamma-amylase:[[]]
Deficiency of glucoinvertase:[[]]
Type II Glycogenosis:[[]]
Glycogenosis 2:[[]]
Deficiency Disease Acid Maltase:[[]]
Deficiency of maltase:[[2548], [6476], [6517], [859]]
Glycogenosis Generalized:[[178]]
Generalized glycogenosis:[[178]]
GSD II:[[6774], [348], [5728], [2548]]
ALPHA-1 4-GLUCOSIDASE DEFICIENCY:[[6476], [2548]]
Lysosomal alpha-1 4-Glucosidase Deficiency Disease:[[]]
POMPE DISEASE:[[1636], [3479], [2548], [2660], [7030], [8972]]
ACID MALTASE DEFICIENCY:[[2548], [6517], [859]]
Deficiency of alpha-glucosidase:[[2548], [6476], [1588], [7124], [6786], [4851], [5747], [2629], [2581], [2717], [6609], [3425]]
Deficiency of glucan 1 4-alpha-glucosidase:[[]]
Pompe disease:[[1636], [3479], [2548], [2660], [7030], [8972]]
GAA Deficiencies:[[7157], [2244], [6609], [8972], [2581]]
Deficiency of Alpha-Glucosidase:[[2548], [6476], [1588], [7124], [6786], [4851], [5747], [2629], [2581], [2717], [6609], [3425]]
Deficiency of exo-1 4-alpha-glucosidase:[[]]
GAA DEFICIENCY:[[2548], [7157], [7124], [1636], [4292], [3845], [1493], [2395], [6476], [2629], [3945], [2309], [2581], [2717], [653361], [2244], [4914], [6609], [120227], [4522], [7386], [3425], [83667], [2683], [2805]]
GSD2s:[[]]
Deficiencies Acid Alpha-Glucosidase:[[6609], [8972], [2581]]
Deficiency of amyloglucosidase:[[]]
Deficiency of glucosidosucrase:[[]]
