Thyromegaly:[[]]
Thyroid goitre:[[7173], [50506], [7038], [673], [595], [23405], [11186], [1591]]
Goiter:[[7422], [23405], [3569], [4318], [1401], [5728], [94337], [59081], [3479], [596], [4780], [355], [1493], [2252], [5970], [50943], [1906], [5979], [1543], [3791], [4282], [2321], [4094], [7253], [6352], [2260], [7038], [10673], [7080], [832], [7173], [7010], [7068], [6528], [4192], [1734], [3959], [2304], [23236], [50506], [115650], [54487], [1733], [30818], [2863], [284403], [389434], [100144748], [196951], [405753], [171559]]
Goiter NOS:[[7422], [3479], [355], [3791]]
Goiters:[[3479], [406991], [3480], [3107], [896], [574447], [25824]]
Thyroid goiter:[[7068], [7173], [2304], [7080], [5979], [7422], [7253], [50506], [2252], [4094], [832], [7038], [23405], [1733], [3569], [4318], [6528], [5728], [3479], [596], [355], [1493], [50943], [5970], [4780], [1401], [196951], [3791], [1734], [2321], [1906], [1543], [4282], [2260], [6352], [10673], [7010], [4192], [389434], [3959], [23236], [54487], [115650], [30818], [2863], [405753], [284403], [100144748], [171559]]
Enlargement of thyroid:[[7422], [3084], [6095], [3091], [4318], [1029], [5743], [367], [351], [6347], [1312], [4089], [5172], [2146], [3146], [4684], [1471], [4312], [2200], [2155], [5228], [2581], [4323], [3658], [6401], [567], [283131], [64399], [5685], [6720], [5617], [24], [358], [10144], [4015], [5868], [5649], [3547], [5921], [2010], [5601], [8291], [6495], [25942], [5337], [79648], [79890], [2701], [3977], [4218], [2488], [3821], [7021], [5626], [11251], [8773], [10163], [200576], [8867], [55269], [5910], [3422], [55137]]
Struma of thyroid:[[3845], [673]]
Goiter unspecified:[[7422], [596], [2260], [3791], [355], [5970], [2321], [4094], [7253], [7068], [7010]]
Thyroid enlargement:[[7422], [3084], [6095], [3091], [4318], [1029], [5743], [367], [351], [6347], [1312], [4089], [5172], [2146], [3146], [4684], [1471], [4312], [2200], [2155], [5228], [2581], [4323], [3658], [6401], [567], [283131], [64399], [5685], [6720], [5617], [24], [358], [10144], [4015], [5868], [5649], [3547], [5921], [2010], [5601], [8291], [6495], [25942], [5337], [79648], [79890], [2701], [3977], [4218], [2488], [3821], [7021], [5626], [11251], [8773], [10163], [200576], [8867], [55269], [5910], [3422], [55137]]
Struma - goiter:[[]]
Enlarged thyroid gland:[[5172], [1956], [5594], [356], [7010], [50506]]
Goitre:[[673], [595], [23405], [11186], [7038], [1591], [7173], [50506]]
Struma - goitre:[[673]]
Swelling of thyroid gland:[[]]
