XXGD:[[]]
GONADAL DYSGENESIS XX TYPE:[[6736], [2516], [7490], [6662]]
OVARIAN DYSGENESIS 1:[[7490], [5080], [1499], [183], [2492], [1636], [2516], [1545], [5308], [7080], [5295], [1282], [2100], [4214], [5727], [27086], [29893], [7837], [5087], [254394], [25937], [402381], [6736], [9289], [3198], [9210], [30008], [7253], [2261], [2296], [26284], [2752], [57122], [6662], [7849], [9636], [7049], [56945], [6462], [6469], [7045], [3640], [4060], [2304], [2254], [9342], [60529], [84733], [23438], [23514]]
ODG1:[[2492]]
OVARIAN DYSGENESIS HYPERGONADOTROPIC AUTOSOMAL RECESSIVE:[[2492], [254394]]
OVARIAN DYSGENESIS HYPERGONADOTROPIC WITH NORMAL KARYOTYPE:[[]]
OVARIAN FAILURE HYPERGONADOTROPIC:[[672], [2492], [4000], [9210], [3623], [3814], [3625]]
Gonadal Dysgenesis 46 XX:[[6736], [2516], [7490], [6662]]
Gonadal Dysgenesis XX Type:[[6736], [2516], [7490], [6662]]
XX GONADAL DYSGENESIS:[[6736], [2516], [7490], [6662], [29893]]
