Gonococcal infection unspecified:[[467]]
GC - Gonococcus infection:[[]]
Neisseria gonorrhoeae Infection:[[1956], [4790], [5743], [581], [3075], [387], [820], [3630], [10018], [4179], [634], [718], [7153], [578], [721], [6278], [4680], [3916], [597], [1084]]
Gonorrhoea:[[3605]]
Clap:[[8915]]
Gonococcal infections:[[3569], [7099], [4318], [3075], [3958], [4179], [6590], [23643]]
Gonorrhea:[[]]
Infection due to Neisseria gonorrhoeae:[[1956], [4790], [5743], [581], [3075], [387], [820], [3630], [10018], [4179], [634], [718], [7153], [578], [721], [6278], [4680], [3916], [597], [1084]]
Gonococcal infection:[[3569], [4318], [7099], [4313], [3958], [857], [3075], [634], [4179], [1048], [6590], [467], [23643]]
GCI - Gonococcal infection:[[]]
