Graft-Versus-Host Diseases:[[]]
Graft-vs-Host Diseases:[[]]
Runt Disease:[[]]
Graft-vs-Host Disease:[[7422], [7040], [7421], [1234], [50943], [3606], [64127], [355], [3135], [7490], [3627], [7132], [1116], [2212], [10673], [285], [5175], [3574], [3002], [5551], [30009], [4283], [29851], [6373], [3809], [10803], [10871]]
Graft-Versus-Host Disease:[[3586], [7124], [3569], [4524], [7040], [7422], [50943], [4790], [7421], [3553], [7099], [3458], [1401], [1234], [4318], [3605], [920], [7015], [2944], [1493], [3106], [3135], [3558], [355], [6347], [3565], [2952], [64127], [5054], [3146], [3559], [6772], [3162], [3606], [5265], [10673], [3934], [3620], [3075], [5133], [4282], [114548], [356], [3107], [406947], [1116], [5027], [2152], [3552], [3627], [6280], [213], [4088], [10135], [3596], [196], [100507436], [796], [285], [3308], [5806], [22914], [50616], [3600], [4049], [567], [7133], [7189], [10855], [3593], [6279], [4363], [3303], [4684], [3133], [3115], [3574], [7295], [3575], [7056], [1244], [952], [407021], [3592], [51561], [4283], [284], [1236], [2833], [943], [9173], [834], [942], [7100], [919], [6402], [3567], [8741], [3122], [7033], [5266], [7096], [29851], [720], [930], [406995], [9020], [3305], [406892], [6097], [64581], [6957], [10666], [3113], [3813], [925], [10333], [6761], [574447], [9255], [6955], [3806], [597], [7367], [81793], [3563], [1670], [3821], [10312], [3695], [1063], [10803], [837], [3824], [3808], [5068], [119391], [201633], [6355], [3310], [2151], [1043], [471], [55024], [113263], [8284], [10538], [53637], [9933], [64844]]
Homologous Wasting Disease:[[]]
GVHD - Graft-versus-host disease:[[3586], [7124], [7040], [4524], [50943], [1234], [7421], [7099], [3458], [3553], [3605], [64127], [3135], [3558], [1493], [3106], [355], [3559], [3620], [5133], [5265], [10673], [4282], [3107], [6280], [1116], [213], [285], [100507436], [7056], [3575], [7133], [10855], [3115], [6279], [3574], [1236], [9173], [29851], [5266], [6957], [10666], [6761], [3806], [597], [3695], [10803], [5068], [837], [9933]]
Graft-versus-host disease:[[3586], [7124], [3569], [4524], [7040], [7422], [50943], [4790], [7421], [3553], [7099], [3458], [1401], [1234], [4318], [3605], [920], [7015], [2944], [1493], [3106], [3135], [3558], [355], [6347], [3565], [2952], [64127], [5054], [3146], [3559], [6772], [3162], [3606], [5265], [10673], [3934], [3620], [3075], [5133], [4282], [114548], [356], [3107], [406947], [1116], [5027], [2152], [3552], [3627], [6280], [213], [4088], [10135], [3596], [196], [100507436], [796], [285], [3308], [5806], [22914], [50616], [3600], [4049], [567], [7133], [7189], [10855], [3593], [6279], [4363], [3303], [4684], [3133], [3115], [3574], [7295], [3575], [7056], [1244], [952], [407021], [3592], [51561], [4283], [284], [1236], [2833], [943], [9173], [834], [942], [7100], [919], [6402], [3567], [8741], [3122], [7033], [5266], [7096], [29851], [720], [930], [406995], [9020], [3305], [406892], [6097], [64581], [6957], [10666], [3113], [3813], [925], [10333], [6761], [574447], [9255], [6955], [3806], [597], [7367], [81793], [3563], [1670], [3821], [10312], [3695], [1063], [10803], [837], [3824], [3808], [5068], [119391], [201633], [6355], [3310], [2151], [1043], [471], [55024], [113263], [8284], [10538], [53637], [9933], [64844]]
Graft versus host disease:[[3586], [7124], [3569], [4524], [7040], [7422], [50943], [4790], [7421], [3553], [7099], [3458], [1401], [1234], [4318], [3605], [920], [7015], [2944], [1493], [3106], [3135], [3558], [355], [6347], [3565], [2952], [64127], [5054], [3146], [3559], [6772], [3162], [3606], [5265], [10673], [3934], [3620], [3075], [5133], [4282], [114548], [356], [3107], [406947], [1116], [5027], [2152], [3552], [3627], [6280], [213], [4088], [10135], [3596], [196], [100507436], [796], [285], [3308], [5806], [22914], [50616], [3600], [4049], [567], [7133], [7189], [10855], [3593], [6279], [4363], [3303], [4684], [3133], [3115], [3574], [7295], [3575], [7056], [1244], [952], [407021], [3592], [51561], [4283], [284], [1236], [2833], [943], [9173], [834], [942], [7100], [919], [6402], [3567], [8741], [3122], [7033], [5266], [7096], [29851], [720], [930], [406995], [9020], [3305], [406892], [6097], [64581], [6957], [10666], [3113], [3813], [925], [10333], [6761], [574447], [9255], [6955], [3806], [597], [7367], [81793], [3563], [1670], [3821], [10312], [3695], [1063], [10803], [837], [3824], [3808], [5068], [119391], [201633], [6355], [3310], [2151], [1043], [471], [55024], [113263], [8284], [10538], [53637], [9933], [64844]]
Graft-versus-host disease unspecified:[[7422], [7040], [7124], [4790], [7421], [3558], [7015], [4088], [355], [6772], [64127], [3559], [7189], [114548], [285], [834], [7133], [7295], [9020], [8741]]
Graft vs Host Disease:[[7422], [7040], [7421], [1234], [50943], [3606], [64127], [355], [3135], [7490], [3627], [7132], [1116], [2212], [10673], [285], [5175], [3574], [3002], [5551], [30009], [4283], [29851], [6373], [3809], [10803], [10871]]
Graft Versus Host Disease:[[3586], [7124], [3569], [4524], [7040], [7422], [50943], [4790], [7421], [3553], [7099], [3458], [1401], [1234], [4318], [3605], [920], [7015], [2944], [1493], [3106], [3135], [3558], [355], [6347], [3565], [2952], [64127], [5054], [3146], [3559], [6772], [3162], [3606], [5265], [10673], [3934], [3620], [3075], [5133], [4282], [114548], [356], [3107], [406947], [1116], [5027], [2152], [3552], [3627], [6280], [213], [4088], [10135], [3596], [196], [100507436], [796], [285], [3308], [5806], [22914], [50616], [3600], [4049], [567], [7133], [7189], [10855], [3593], [6279], [4363], [3303], [4684], [3133], [3115], [3574], [7295], [3575], [7056], [1244], [952], [407021], [3592], [51561], [4283], [284], [1236], [2833], [943], [9173], [834], [942], [7100], [919], [6402], [3567], [8741], [3122], [7033], [5266], [7096], [29851], [720], [930], [406995], [9020], [3305], [406892], [6097], [64581], [6957], [10666], [3113], [3813], [925], [10333], [6761], [574447], [9255], [6955], [3806], [597], [7367], [81793], [3563], [1670], [3821], [10312], [3695], [1063], [10803], [837], [3824], [3808], [5068], [119391], [201633], [6355], [3310], [2151], [1043], [471], [55024], [113263], [8284], [10538], [53637], [9933], [64844]]
