Necrotising respiratory granulomatosis:[[]]
with Polyangiitides Granulomatosis:[[5657], [7157], [7124], [3115], [3586], [7099], [474168], [4193], [920], [1234], [7097], [50943], [1493], [3146], [3606], [5265], [177], [5133], [4282], [4353], [54106], [26191], [7132], [3559], [10673], [1302], [2150], [6257], [947], [6015], [2113], [3111], [3575], [952], [1673], [3663], [2215], [3567], [57556], [406934], [1235], [1118], [2205], [10666], [7293], [1233], [939], [79080], [57126], [7923], [23242], [3601], [1635], [6375], [8784], [51816], [10068], [3116], [7102], [23302], [56674]]
Wegener's granulomatosis:[[7124], [3586], [920], [1493], [3606], [5265], [4353], [7132], [3559], [3575], [1673], [5657], [3663], [2215], [1235], [1118], [2205], [10666], [7293], [57126], [1233], [3601], [6375], [8784], [10068], [7102], [56674]]
Necrotizing respiratory granulomatosis:[[7099], [7124], [7157], [50943], [4282], [1673]]
GPA:[[2993], [7157], [7124], [2064], [3690], [6521], [1815], [7037], [5657], [6886], [2994], [206358], [2996], [374569]]
Wegener's granulomatosis NOS:[[]]
Wegener's Granulomatosis:[[7124], [3586], [920], [1493], [3606], [5265], [4353], [7132], [3559], [3575], [1673], [5657], [3663], [2215], [1235], [1118], [2205], [10666], [7293], [57126], [1233], [3601], [6375], [8784], [10068], [7102], [56674]]
WG FORMERLY:[[]]
Wegener Granulomatosis:[[5657], [474168], [50943], [5133], [26191], [2150], [1233]]
Granulomatosis with polyangiitis:[[5657], [3115], [1302], [7099], [6257], [6015], [3111], [7097], [50943], [5265], [3146], [57556], [177], [4353], [4282], [54106], [26191], [79080], [7923], [3559], [23242], [1635], [947], [2113], [952], [2215], [3567], [3116], [406934], [1235], [1233], [939], [23302], [51816]]
with Polyangiitis Granulomatosis:[[5657], [3115], [1302], [7099], [6257], [6015], [3111], [7097], [50943], [5265], [3146], [57556], [177], [4353], [4282], [54106], [26191], [79080], [7923], [3559], [23242], [1635], [947], [2113], [952], [2215], [3567], [3116], [406934], [1235], [1233], [939], [23302], [51816]]
WEGENER GRANULOMATOSIS FORMERLY:[[]]
GRANULOMATOSIS WITH POLYANGIITIS:[[5657], [3115], [1302], [7099], [6257], [6015], [3111], [7097], [50943], [5265], [3146], [57556], [177], [4353], [4282], [54106], [26191], [79080], [7923], [3559], [23242], [1635], [947], [2113], [952], [2215], [3567], [3116], [406934], [1235], [1233], [939], [23302], [51816]]
