Endocrine ophthalmopathy:[[3569], [7422], [7040], [1493], [5743], [5468], [3480], [2908], [10135], [3600], [4803], [2516], [6752], [6755], [6751], [6753], [6754]]
Graves ophthalmopathy:[[1493], [7253], [7124], [3553], [7040], [3569], [3586], [7038], [7422], [5468], [25802], [3605], [5743], [406938], [26191], [958], [2908], [3383], [3480], [3565], [3557], [3552], [10135], [406947], [3596], [3593], [959], [59067], [3600], [3491], [7173], [149233], [3574], [7070], [3663], [6752], [3603], [3554], [4853], [941], [942], [972], [7538], [1213], [6319], [5154], [3037], [6755], [845], [6751], [6753], [6754], [55075]]
Dysthyroid orbitopathy:[[7040], [4318], [9370], [3123], [5468], [3479], [5054], [1493], [3119], [406938], [10135], [10673], [407018], [3491], [8742], [563], [4069], [407019], [51330], [90070], [140733]]
Orbitopathy Graves:[[1493], [7040], [3123], [3479], [5468], [4318], [9370], [3119], [5054], [406938], [10135], [10673], [3491], [407018], [8742], [563], [4069], [407019], [51330], [90070], [140733]]
Orbitopathies Graves:[[1493], [3106], [28], [7124], [7253], [7157], [3553], [7040], [3123], [3569], [3586], [7422], [7421], [7038], [4524], [3115], [8034], [940], [4318], [50976], [4790], [3479], [5468], [6774], [9370], [5243], [3605], [3133], [29126], [3576], [596], [5728], [5743], [7099], [6885], [3119], [3458], [117189], [958], [26191], [3383], [7852], [355], [50943], [3105], [5054], [115352], [100312954], [406938], [3627], [1234], [3565], [3480], [4879], [2908], [154], [6387], [7515], [3557], [6696], [3552], [2100], [3606], [142], [5133], [1906], [4153], [10135], [8840], [3791], [581], [406947], [5880], [356], [3107], [3596], [3593], [10673], [841], [3117], [3065], [3559], [6352], [3481], [3486], [959], [3710], [4968], [328], [1490], [2778], [1786], [59067], [90865], [60468], [5465], [7412], [7128], [2212], [6280], [2056], [3600], [6401], [5172], [7133], [7189], [51561], [3491], [8635], [3066], [64135], [2638], [847], [149233], [22914], [6462], [5788], [3566], [23], [7173], [3592], [659], [3574], [51284], [399], [5155], [407018], [6778], [27161], [3659], [3484], [406992], [2833], [3663], [7035], [3485], [326], [578], [5423], [7070], [114836], [4791], [112744], [3603], [6528], [3554], [4853], [55584], [7849], [6890], [6752], [7100], [8742], [1594], [4599], [6402], [2213], [941], [30009], [1909], [942], [4283], [3965], [11116], [972], [7538], [51311], [6503], [1734], [3759], [1213], [6361], [6319], [563], [6891], [7096], [114904], [368], [720], [5154], [29851], [4069], [8863], [55908], [10665], [9452], [3604], [6097], [7293], [407019], [51330], [10333], [84636], [394263], [23118], [7832], [643], [6761], [6373], [909]]
Endocrine orbitopathy:[[7040], [3479], [9370], [5468], [5054], [1493], [10135]]
Dysthyroid eye disease:[[3091], [3586], [3576], [3458], [3479], [100653365], [3605], [3075], [7428], [3107], [1950], [3481], [3486], [3627], [4657], [3315], [1545], [7057], [7253], [10855], [5080], [6382], [50616], [24], [3931], [3484], [1236], [51129], [3485], [387715], [2026], [2512], [406987], [6737], [2202], [100132285], [2703], [778], [2171], [5729], [7003], [3078], [4867], [5179], [90070], [4942], [10878], [1420], [6094], [6699]]
Graves' eye disease:[[7253], [3586], [3479], [3576], [3458], [3605], [3627], [3107], [3481], [3486], [3484], [3485], [90070]]
Thyroid eye disease:[[7253], [3091], [3586], [3576], [3479], [3458], [3605], [7428], [3627], [1950], [3107], [3486], [3315], [7057], [3481], [10855], [6382], [5080], [50616], [24], [3931], [51129], [3484], [1236], [3485], [387715], [2026], [2512], [406987], [6737], [2202], [5729], [4867], [7003], [4942], [90070], [6094]]
Thyroid Associated Ophthalmopathies:[[]]
Thyroid ophthalmopathy:[[7173], [7253], [7422], [25802], [26191], [7040], [3569], [7038], [5743], [7124], [3586], [5468], [1493], [3553], [406991], [3480], [406938], [2908], [3605], [3383], [3565], [958], [3557], [406947], [1277], [3552], [10135], [3596], [3600], [3593], [959], [59067], [84868], [4803], [6752], [3491], [149233], [3554], [7070], [3663], [3574], [5154], [942], [2516], [941], [4853], [6422], [3603], [1213], [972], [7538], [6319], [1230], [6755], [5782], [845], [6489], [1305], [6751], [55075]]
Thyroid orbitopathy:[[7040], [4318], [5468], [3479], [9370], [1493], [3123], [406938], [3119], [5054], [10135], [10673], [3491], [407018], [8742], [51330], [563], [407019], [90070], [140733]]
Graves' ophthalmopathy:[[1493], [7253], [7124], [7040], [3553], [3569], [7422], [3586], [7038], [5468], [25802], [5743], [3605], [406938], [3383], [958], [3480], [26191], [3557], [3552], [3565], [406947], [3596], [10135], [3593], [959], [59067], [149233], [7173], [3491], [3574], [3663], [6752], [3603], [3554], [941], [942], [6755], [845], [6751], [6753], [6754], [55075]]
Ophthalmopathy Dysthyroid:[[7040], [7124], [3569], [7422], [3553], [25802], [3586], [5743], [1493], [5468], [3605], [2908], [406991], [3480], [3383], [7253], [406938], [3565], [3557], [1277], [3552], [406947], [54106], [26191], [10135], [3596], [959], [958], [3593], [3600], [59067], [84868], [149233], [4803], [3491], [3574], [7070], [3663], [7038], [2516], [7173], [3554], [4853], [6422], [6752], [942], [7538], [3603], [941], [1213], [6319], [972], [5154], [1230], [3037], [6755], [5782], [845], [6489], [6751], [1305], [6753], [6754], [55075]]
Ophthalmopathy Graves:[[1493], [7253], [7124], [3553], [7040], [3569], [3586], [7038], [7422], [5468], [25802], [3605], [5743], [406938], [26191], [958], [2908], [3383], [3480], [3565], [3557], [3552], [10135], [406947], [3596], [3593], [959], [59067], [3600], [3491], [7173], [149233], [3574], [7070], [3663], [6752], [3603], [3554], [4853], [941], [942], [972], [7538], [1213], [6319], [5154], [3037], [6755], [845], [6751], [6753], [6754], [55075]]
Thyroid-Associated Ophthalmopathies:[[]]
Ophthalmic Graves disease:[[29126], [1906]]
Thyroid-associated ophthalmopathy:[[7124], [7040], [25802], [3553], [5743], [5468], [3605], [3480], [406991], [1493], [2908], [3557], [1277], [7253], [4803], [2516], [7038], [7070], [1230], [6489], [1305], [55075]]
Graves eye disease:[[7253], [3586], [3479], [3605], [3576], [3458], [3627], [3107], [3481], [3486], [3484], [3485], [90070]]
Thyroid Associated Ophthalmopathy:[[7124], [7040], [25802], [3553], [5743], [5468], [3605], [3480], [406991], [1493], [2908], [3557], [1277], [7253], [4803], [2516], [7038], [7070], [1230], [6489], [1305], [55075]]
Thyroid-Associated Ophthalmopathy:[[7124], [7040], [25802], [3553], [5743], [5468], [3605], [3480], [406991], [1493], [2908], [3557], [1277], [7253], [4803], [2516], [7038], [7070], [1230], [6489], [1305], [55075]]
Ophthalmopathies Dysthyroid:[[]]
