Syndromes Guillain-Barré:[[7124], [7099], [7040], [1471], [3123], [4318], [3605], [3553], [3119], [4282], [3146], [355], [5133], [406938], [929], [406947], [54106], [56729], [2212], [2214], [3592], [773], [3811]]
Syndrome Guillain-Barré:[[348], [5376], [3123], [64127], [7124], [355], [7276], [7099], [7040], [4318], [3553], [3605], [3119], [7097], [4313], [2908], [3383], [3146], [4153], [4282], [5133], [406938], [406947], [54106], [929], [1471], [56729], [1959], [2212], [2214], [50616], [3592], [246778], [27178], [773], [3684], [2670], [10392], [10971], [2215], [909], [4758], [3811], [115352], [342035], [913], [23114], [27090], [100616241], [100500845]]
Landry Guillain Barre Syndrome:[[]]
Guillain Barre Syndrome:[[7124], [5376], [7099], [348], [7040], [3123], [4318], [3605], [3553], [3119], [7097], [4313], [2908], [3383], [3146], [4153], [355], [4282], [7276], [64127], [5133], [406938], [929], [406947], [54106], [1471], [56729], [2212], [2214], [50616], [3592], [246778], [3684], [2670], [773], [27178], [10971], [10392], [2215], [3811], [909], [4758], [115352], [1959], [913], [23114], [342035], [27090], [100616241], [100500845]]
Landry-Guillain-Barre syndrome:[[]]
Landry-Guillain-Barré syndrome:[[]]
Guillain Barre syndrome:[[7124], [5376], [7099], [348], [7040], [3123], [4318], [3605], [3553], [3119], [7097], [4313], [2908], [3383], [3146], [4153], [355], [4282], [7276], [64127], [5133], [406938], [929], [406947], [54106], [1471], [56729], [2212], [2214], [50616], [3592], [246778], [3684], [2670], [773], [27178], [10971], [10392], [2215], [3811], [909], [4758], [115352], [1959], [913], [23114], [342035], [27090], [100616241], [100500845]]
Guillaine Barre Syndrome:[[]]
Guillain-Barre syndrome:[[7124], [5376], [7099], [348], [7040], [3123], [4318], [3605], [3553], [3119], [7097], [4313], [2908], [3383], [3146], [4153], [355], [4282], [7276], [64127], [5133], [406938], [929], [406947], [54106], [1471], [56729], [2212], [2214], [50616], [3592], [246778], [3684], [2670], [773], [27178], [10971], [10392], [2215], [3811], [909], [4758], [115352], [1959], [913], [23114], [342035], [27090], [100616241], [100500845]]
Guillain Barré Syndrome:[[7124], [5376], [7099], [348], [7040], [3123], [4318], [3605], [3553], [3119], [7097], [4313], [2908], [3383], [3146], [4153], [355], [4282], [7276], [64127], [5133], [406938], [929], [406947], [54106], [1471], [56729], [2212], [2214], [50616], [3592], [246778], [3684], [2670], [773], [27178], [10971], [10392], [2215], [3811], [909], [4758], [115352], [1959], [913], [23114], [342035], [27090], [100616241], [100500845]]
Guillain-Barré syndrome:[[7124], [5376], [7099], [348], [7040], [3123], [4318], [3605], [3553], [3119], [7097], [4313], [2908], [3383], [3146], [4153], [355], [4282], [7276], [64127], [5133], [406938], [929], [406947], [54106], [1471], [56729], [2212], [2214], [50616], [3592], [246778], [3684], [2670], [773], [27178], [10971], [10392], [2215], [3811], [909], [4758], [115352], [1959], [913], [23114], [342035], [27090], [100616241], [100500845]]
Syndrome Landry-Guillain-Barre:[[348], [3123], [5376], [64127], [7124], [355], [7099], [7276], [7040], [4318], [3553], [3605], [3119], [7097], [3383], [4313], [2908], [3146], [4153], [4282], [5133], [406938], [406947], [54106], [929], [1471], [56729], [1959], [2212], [2214], [50616], [3592], [246778], [27178], [773], [3684], [2670], [10392], [10971], [2215], [909], [4758], [3811], [115352], [342035], [913], [23114], [27090], [100616241], [100500845]]
Syndrome Guillaine-Barre:[[348], [3123], [64127], [5376], [355], [7124], [7276], [7099], [7040], [4318], [3553], [3605], [4313], [3119], [7097], [3383], [2908], [3146], [4153], [5133], [4282], [406938], [406947], [54106], [929], [1471], [56729], [1959], [2212], [50616], [2214], [3592], [246778], [27178], [773], [3684], [2670], [10392], [10971], [2215], [4758], [3811], [909], [115352], [342035], [913], [23114], [27090], [100616241], [100500845]]
Syndrome Guillain-Barre:[[348], [5376], [3123], [64127], [7124], [355], [7276], [7099], [7040], [4318], [3553], [3605], [3119], [7097], [4313], [2908], [3383], [3146], [4153], [4282], [5133], [406938], [406947], [54106], [929], [1471], [56729], [1959], [2212], [2214], [50616], [3592], [246778], [27178], [773], [3684], [2670], [10392], [10971], [2215], [909], [4758], [3811], [115352], [342035], [913], [23114], [27090], [100616241], [100500845]]
