Bad breath - halitosis:[[]]
Fetor oris:[[7157], [652]]
Breath smells offensive:[[]]
Halitosis:[[8991]]
Stomatodysodia:[[]]
Bad breath:[[7124], [3569], [332], [3565], [1950]]
Fetor ex ore:[[]]
Halitoses:[[]]
Breath smells unpleasant:[[]]
Foul breath:[[7124], [3569], [7422], [4318], [3586], [1636], [3576], [5743], [4846], [3952], [3605], [332], [4879], [23411], [1565], [3565], [1559], [217], [2247], [3558], [1950], [4988], [6285], [6280], [10631], [125], [4852], [308], [653509], [3938], [6356], [117159]]
Smelly breath:[[7124], [3569], [7422], [4318], [3586], [1636], [3576], [5743], [4846], [3952], [3605], [332], [4879], [23411], [1565], [3565], [1559], [217], [2247], [3558], [1950], [4988], [6285], [6280], [10631], [125], [4852], [308], [653509], [3938], [6356], [117159]]
