Hartnup Disease:[[]]
Hartnup disease:[[]]
HND:[[340024]]
Neutral 1 amino acid transport defect:[[6510], [340024], [2475], [351], [4153], [3757], [4137], [7157], [5562], [3630], [3586], [7040], [3146], [1234], [6622], [1636], [7124], [545], [4292], [7454], [6584], [1487], [4846], [7450], [4313], [627], [2158], [567], [8074]]
Hartnup's disease:[[1493], [5979], [64127], [11315], [351], [8792], [348], [5071], [1910], [3064], [3586], [6774], [3123], [1029], [6622], [4137], [540], [5310], [3717], [6347], [24], [1201], [6387], [3119], [120892], [335], [7450], [5621], [7422], [3569], [338], [5311], [3949], [3107], [4287], [19], [4023], [5664], [57623], [1071], [3558], [4314], [255738], [4088], [356], [3117], [26191], [1191], [653361], [1586], [958], [26503], [1401], [2629], [4018], [3593], [116519], [6927], [4688], [729230], [3106], [864], [3570], [80339], [7415], [6597], [2244], [59067], [345], [8651], [3115], [10577], [149233], [5314], [6261], [3592], [7957], [1030], [28], [10320], [1234], [3659], [246778], [3990], [4041], [1378], [100048912], [3077], [3383], [6775], [5376], [9173], [2161], [55600], [26058], [7439], [1138], [4361], [4582], [7369], [1956], [1282], [3122], [6653], [4747], [51752], [7124], [4359], [538], [55054], [1136], [6311], [5663], [3931], [3992], [2646], [6584], [337], [9966], [4321], [56606], [217], [1235], [274], [5734], [2524], [7040], [341], [7292], [3953], [4524], [1232], [6272], [5966], [5771], [2308], [54901], [4068], [7332], [8878], [3562], [100507436], [9388], [3084], [2099], [10452], [3559], [6583], [5328], [8301], [1636], [3635], [4693], [1230], [2212], [945], [4318], [29881], [9370], [5243], [367], [4790], [7128], [7421], [64241], [54332], [6403], [1373], [7077], [4846], [94103], [51085], [2243], [10019], [345611], [7015], [4311], [2581], [10221], [56731], [7840], [2876], [940], [6606], [60468], [3595], [2266], [50941], [100359403], [3458], [221692], [10347], [3658], [3133], [2904], [64478], [1394], [64170], [64399], [5594]]
HARTNUP DISEASE:[[]]
Hartnup Disorder:[[340024]]
Transport Disorder Neutral Amino Acids:[[6532], [8140], [23428], [340024], [55117]]
Hartnup disorder:[[340024]]
HARTNUP DISORDER:[[340024]]
Deficiency of tryptophan oxygenase:[[]]
Deficiency of tryptophan pyrrolase:[[]]
Neutral amino acid transport defect:[[]]
Transport Disorder Neutral Amino Acid:[[8140], [6520], [340024], [6509], [55117], [23428], [6527], [348], [5243], [6532], [2475], [7124], [4137], [7157], [351], [6513], [6622], [3630], [1636], [338], [3123], [6584], [7450], [7040], [3553], [4846], [627], [7852], [361], [154], [6507], [4313], [3586], [255738], [4128], [4843], [7276], [760], [3146], [811], [4988], [1803], [8074], [4153], [4292], [2158], [820], [10399]]
Neutral Amino Acid Transport Defect:[[]]
Deficiency of tryptophan 2 3-dioxygenase:[[3620], [7124], [5743], [3458], [468], [920], [3091], [196]]
