Autoimmune lymphocytic chronic thyroiditis:[[]]
Thyroiditides Chronic Lymphocytic:[[10018], [3662], [578], [355], [574028], [3431], [596], [4609], [8626], [59], [11262], [10206], [7422], [3115], [3394], [55213], [83852], [4311], [100270644], [100270643], [100270642], [100188791], [3119], [57476], [57213], [55289], [966], [7157], [7124], [2099], [3123], [841], [51176], [6504], [5728], [4988], [6176], [574016], [602], [3569], [55800], [51744], [3162], [5970], [4318], [6774], [4790], [4524], [1030], [3586], [114548], [332], [7852], [27185], [7040], [58], [4734], [4851], [3576], [472], [5027], [5243], [673], [207], [9855], [29126], [7099], [627], [3091], [5743], [8847], [3458], [10077], [701], [4193], [10301], [3553], [1029], [7015], [25913], [7421], [22943], [3717], [1535], [4023], [2944], [406947], [8832], [5366], [6387], [5133], [3605], [3135], [64864], [2952], [920], [406991], [50943], [1493], [2475], [5444], [3565], [1234], [2064], [4313], [7097], [3105], [6347], [4780], [1026], [843], [2950], [5594], [5729], [81037], [3146], [4170], [7515], [958], [595], [3606], [1063], [2247], [6863], [2932], [407040], [959], [54106], [960], [6352], [7071], [6850], [7535], [7450], [3958], [929], [952], [3791], [4843], [817], [285], [4282], [406938], [100507436], [2321], [3082], [2146], [6772], [3688], [4297], [10919], [1803], [5265], [6280], [25865], [3627], [8600], [5290], [57379], [3558], [10673], [3676], [4233], [56729], [7128], [23451], [857], [23683], [2100], [581], [3559], [4615], [142], [5465], [8743], [90427], [3315], [25797], [1027], [2056], [356], [6279], [2309], [695], [4292], [598], [3320], [5925], [59067], [5879], [5595], [2034], [5529], [7490], [3600], [6790], [3725], [3309], [2833], [2214]]
Struma lymphomatosis:[[3845], [673]]
Thyroiditis Hashimoto:[[1493], [140805], [7040], [3569], [7124], [3586], [673], [7421], [3553], [3123], [3845], [4790], [4846], [3952], [3106], [50943], [3605], [5979], [3383], [3606], [3565], [26191], [4982], [3082], [3107], [7038], [3265], [4968], [8600], [7253], [4893], [5172], [7173], [51561], [7080], [3880], [5727], [27178], [5581], [3654], [7332], [639], [29851], [100132285], [55829], [11251], [8031], [55254]]
Hashimoto Syndrome:[[673], [3845], [1493], [3123], [3265], [4893], [50943], [3569], [7124], [3107], [7040], [3586], [5172], [4790], [7421], [3553], [4846], [5727], [3106], [3952], [3605], [3383], [3606], [5979], [4982], [26191], [3565], [3082], [8600], [51561], [7080], [4968], [27178], [7038], [5581], [7173], [3654], [29851], [55829], [57623]]
Hashimotos Syndrome:[[3757], [1280], [114548], [3753], [2074], [7157], [348], [1281], [51085], [546], [80184], [7466], [3845], [673], [8481], [5728], [8195], [7486], [641], [2706], [2317], [4292], [91147], [8626], [1540], [4000], [54658], [1161], [7490], [2033], [6331], [4023], [1071], [5781], [4436], [2263], [3643], [7291], [3784], [2261], [2260], [582], [10806], [8085], [10083], [367], [4683], [207], [84062], [3123], [7468], [4647], [4952], [2200], [1029], [7399], [4810], [201163], [2969], [10804], [6949], [7227], [2492], [775], [7840], [2316], [5428], [3730], [5080], [585], [1278], [54487], [5604], [55612], [2121], [811], [5290], [132884], [4281], [116442], [84100], [2812], [5077], [64127], [79068], [6663], [783], [338], [57167], [1130], [9968], [2332], [1277], [3990], [10743], [7456], [19], [2122], [3265], [6737], [84059], [6741], [3481], [6513], [4089], [23111], [2646], [356], [1285], [1387], [26585], [8976], [7504], [1827], [331], [23405], [9401], [65217], [4893], [672], [4692], [9569], [5894], [4277], [6774], [3117], [1401], [1788], [7401], [7128], [3570], [545], [10163], [583], [10682], [124590], [129880], [54808], [27241], [2138], [79738], [4137], [2475], [60], [3897], [5159], [1364], [8091], [5885], [79803], [2811], [2956], [9993], [5460], [4286], [675], [3717], [8220], [80144], [80025], [999], [3973], [79621], [4193], [64135], [1145], [55212], [2645], [27031], [4851], [1493], [10535], [2131], [1910], [7122], [9031], [4853], [1134], [2146], [100188856], [355], [50943], [105259599], [2153], [9652], [10908], [3664], [7020], [8214], [5308], [10062], [8517], [5076], [27019], [5189], [5395], [1287], [1906], [25825], [3759]]
Thyroiditis Chronic Lymphocytic:[[355], [596], [7422], [3119], [1493], [7124], [3123], [7157], [841], [3569], [7040], [6774], [3586], [4790], [673], [7421], [3553], [29126], [7099], [3458], [5743], [406947], [50943], [3605], [3627], [6347], [5133], [3105], [3565], [1234], [7097], [3606], [6352], [4780], [958], [3082], [1803], [6280], [8600], [10673], [4233], [7128], [356], [857], [50616], [2833], [4684], [51561], [4283], [27178], [30009], [406910], [5727], [5788], [9076], [1901], [639], [5196], [6373], [115352], [115650], [911]]
Hashimoto's Disease:[[7124], [7422], [3586], [857], [3791], [3593], [3600], [7038], [7173], [942], [941], [81793], [8784], [3656], [406887]]
Hashimoto Struma:[[673], [3845]]
Hashimoto's disease:[[7124], [7422], [3586], [857], [3791], [3593], [3600], [7038], [7173], [942], [941], [81793], [8784], [3656], [406887]]
HASHIMOTO THYROIDITIS:[[1493], [140805], [7040], [3569], [7124], [3586], [673], [7421], [3553], [3123], [3845], [4790], [4846], [3952], [3106], [50943], [3605], [5979], [3383], [3606], [3565], [26191], [4982], [3082], [3107], [7038], [3265], [4968], [8600], [7253], [4893], [5172], [7173], [51561], [7080], [3880], [5727], [27178], [5581], [3654], [7332], [639], [29851], [100132285], [55829], [11251], [8031], [55254]]
Hashimoto thyroiditis:[[1493], [140805], [7040], [3569], [7124], [3586], [673], [7421], [3553], [3123], [3845], [4790], [4846], [3952], [3106], [50943], [3605], [5979], [3383], [3606], [3565], [26191], [4982], [3082], [3107], [7038], [3265], [4968], [8600], [7253], [4893], [5172], [7173], [51561], [7080], [3880], [5727], [27178], [5581], [3654], [7332], [639], [29851], [100132285], [55829], [11251], [8031], [55254]]
Lymphocytic thyroiditis:[[673], [5743], [29126], [3119], [3606], [5133], [27178]]
HT:[[140805], [3356], [3358], [3357], [3363], [3352], [6532], [3361], [7124], [7157], [1956], [10538], [2099], [8872], [3569], [4318], [7422], [627], [5743], [3091], [7040], [7421], [3576], [5594], [5243], [1401], [4846], [6774], [7099], [3586], [207], [3354], [5728], [1499], [1493], [4790], [1312], [5468], [4137], [2475], [4313], [1080], [5595], [6622], [3952], [4609], [999], [7852], [3458], [675], [3717], [4780], [7097], [200909], [50943], [595], [1813], [6387], [3146], [3605], [1026], [5290], [3162], [3350], [3606], [1432], [3565], [7450], [1027], [6714], [857], [5621], [3630], [6648], [387], [10413], [185], [3082], [4843], [19], [4128], [406947], [7132], [2335], [5241], [54106], [2260], [1950], [4314], [3481], [4988], [3351], [650], [7098], [5806], [1490], [1803], [796], [1268], [648], [268], [4323], [121278], [4316], [9518], [811], [2784], [5159], [3593], [6615], [6280], [867], [6927], [3570], [6850], [285], [3303], [1788], [7166], [7128], [1814], [10018], [3359], [9314], [6462], [864], [604], [3066], [7474], [6778], [4627], [768], [801], [4684], [51561], [3456], [8651], [149233], [1585], [100133941], [4842], [1555], [3002], [5777], [1536], [842], [5294], [4915], [684], [6198], [2597], [1508], [1000], [240], [3439], [8877], [1020], [659], [3360], [409], [3397], [8841], [3663], [943], [7173], [7100], [2660], [6530], [2668], [408], [79728], [7251], [468], [9235], [169026], [1514], [706], [6869], [2081], [3291], [2177], [7043], [5321], [1654], [5168], [10987], [4192], [2213], [1965], [10392], [231], [6609], [360], [6566], [7332], [4129], [406987], [3920], [4086], [3362]]
Struma lymphomatosa:[[3845], [673]]
Chronic lymphocytic thyroiditis:[[3119], [673], [5743], [29126], [3606], [5133], [27178]]
Hashimoto Disease:[[7124], [3569], [3586], [3106], [1493], [3565], [7253], [11251], [57623]]
HASHIMOTO STRUMA:[[673], [3845]]
Syndrome Hashimoto's:[[7157], [673], [1277], [356], [6774], [1493], [4893], [7128], [3570], [355], [64135], [50943], [7040], [1906], [857], [7124], [7422], [3586], [3569], [7132], [958], [268], [7421], [3553], [5172], [841], [7099], [149233], [3458], [3952], [3605], [7097], [5979], [3105], [6696], [3606], [9076], [6595], [177], [4153], [4780], [4982], [406947], [3627], [26191], [1803], [3565], [796], [3082], [10673], [3791], [4233], [90865], [6352], [8863], [50616], [6280], [51561], [2638], [3600], [3593], [4684], [9863], [8742], [406910], [27178], [1909], [1594], [7038], [941], [4283], [943], [169026], [4599], [7173], [3554], [30009], [1734], [407004], [7292], [3126], [406934], [7252], [368], [909], [282618], [10019], [55829], [115650], [1733]]
Hashimoto's thyroiditis:[[1493], [7040], [7157], [3569], [3586], [7124], [7421], [7422], [6774], [3553], [673], [355], [7099], [3458], [3627], [3952], [5979], [50943], [3605], [6696], [3606], [3105], [4780], [7097], [6352], [4233], [1906], [857], [3565], [356], [177], [26191], [4153], [4982], [3082], [1277], [406947], [282617], [958], [7038], [841], [50616], [7132], [149233], [1803], [7253], [90865], [3593], [4893], [796], [10673], [6280], [268], [5172], [2638], [7173], [7128], [3570], [4684], [4283], [51561], [3880], [5788], [1594], [406910], [27178], [6010], [8742], [2213], [943], [64135], [9076], [7252], [3554], [494324], [4599], [30009], [169026], [1909], [2217], [941], [1734], [407004], [1081], [406934], [574411], [6595], [368], [3126], [7292], [8863], [6761], [282618], [55829], [909], [10019], [115650], [11251], [84159], [85320], [1733], [8809], [911], [26574], [9863], [8995], [8622], [8807], [944], [27163]]
Hashimotos Disease:[[]]
Thyroiditides Hashimoto:[[1493], [3569], [7124], [7040], [3586], [673], [3845], [3123], [4790], [7421], [3553], [4846], [3106], [3952], [140805], [3605], [3383], [50943], [3606], [3565], [5979], [4982], [3082], [3107], [3265], [26191], [4968], [8600], [7253], [4893], [5172], [7038], [7080], [5727], [51561], [3880], [5581], [7173], [27178], [3654], [2023], [7332], [639], [29851], [100132285], [11251], [55829], [8031], [83417], [57623], [79368], [115350], [55254]]
Hashimoto's Struma:[[673]]
Syndromes Hashimoto's:[[7157], [7040], [7124], [3569], [7422], [3586], [6774], [1493], [7099], [7421], [3553], [673], [5979], [3458], [3952], [355], [3605], [4893], [1277], [406947], [7132], [958], [6280], [26191], [3627], [268], [64135], [3126]]
