Pains Head:[[3688]]
HA - Headache:[[7124], [627], [1636], [1312], [6532], [3553], [3576], [3383], [4843], [796], [92140], [6401], [6863]]
Cephalgias:[[]]
Cephalodynias:[[]]
Cephalalgias:[[]]
Cephalgia:[[]]
Head pain:[[4988], [773]]
Pain Head:[[7124], [3569], [3586], [4914], [7422], [4137], [5243], [4318], [7040], [5743], [348], [627], [3553], [1280], [1401], [2475], [4790], [7852], [3479], [6532], [6387], [6347], [29126], [999], [50943], [4988], [3576], [5290], [59341], [4846], [1636], [7099], [5594], [3952], [1565], [9370], [5133], [3123], [5468], [1394], [6696], [3146], [5979], [3717], [1432], [6280], [3815], [3162], [23411], [3552], [650], [7132], [6285], [4312], [4204], [51738], [4314], [3606], [4803], [114548], [3119], [4982], [3082], [2260], [857], [1576], [6648], [6863], [6869], [7490], [3934], [56729], [90865], [8600], [5578], [2321], [3593], [5806], [10855], [5599], [6279], [2896], [4157], [1020], [2149], [1191], [959], [4311], [1116], [3570], [7137], [2784], [55107], [773], [2852], [8856], [3303], [135], [5024], [842], [4804], [5742], [301], [6678], [2353], [9332], [1548], [2904], [8792], [1991], [4322], [1909], [3554], [5025], [2833], [1437], [64805], [9536], [5582], [406907], [624], [7100], [156], [51083], [406989], [7113], [1311], [1386], [89780], [10919], [972], [953], [4916], [23657], [7850], [6750], [1644], [407037], [909], [116844], [713], [28982], [4692], [26952], [192343], [6775079]]
Cephalalgia:[[]]
Pain Cranial:[[627], [7852], [6387], [3479], [5468], [2263], [6285], [3725], [650], [5578], [116], [7432], [2675], [192343]]
Pains Cranial:[[]]
Pain in head:[[7124], [3569], [3586], [4914], [7422], [4137], [5243], [4318], [7040], [5743], [348], [627], [3553], [1280], [1401], [2475], [4790], [7852], [3479], [6532], [6387], [6347], [29126], [999], [50943], [4988], [3576], [5290], [59341], [4846], [1636], [7099], [5594], [3952], [1565], [9370], [5133], [3123], [5468], [1394], [6696], [3146], [5979], [3717], [1432], [6280], [3815], [3162], [23411], [3552], [650], [7132], [6285], [4312], [4204], [51738], [4314], [3606], [4803], [114548], [3119], [4982], [3082], [2260], [857], [1576], [6648], [6863], [6869], [7490], [3934], [56729], [90865], [8600], [5578], [2321], [3593], [5806], [10855], [5599], [6279], [2896], [4157], [1020], [2149], [1191], [959], [4311], [1116], [3570], [7137], [2784], [55107], [773], [2852], [8856], [3303], [135], [5024], [842], [4804], [5742], [301], [6678], [2353], [9332], [1548], [2904], [8792], [1991], [4322], [1909], [3554], [5025], [2833], [1437], [64805], [9536], [5582], [406907], [624], [7100], [156], [51083], [406989], [7113], [1311], [1386], [89780], [10919], [972], [953], [4916], [23657], [7850], [6750], [1644], [407037], [909], [116844], [713], [28982], [4692], [26952], [192343], [6775079]]
Headache unspecified:[[348], [7124], [1813], [3558], [5329], [1268], [773], [3351]]
Headache:[[7124], [348], [4524], [1636], [6532], [627], [1312], [9370], [3553], [4846], [3576], [1813], [3383], [3557], [4843], [3552], [3356], [796], [3558], [4128], [5329], [4763], [5465], [1268], [2784], [7412], [2034], [4854], [133], [6323], [729230], [6401], [4842], [9575], [92140], [773], [116], [6869], [7466], [3351], [6863], [1909], [4129], [3062], [3060], [8863], [6750], [127], [4488], [63976], [10267], [9369], [79703]]
Cephalodynia:[[]]
Headaches:[[351], [5743], [5663], [2332], [10135], [5329], [1268], [2784], [92140], [121278], [116], [9457]]
