HI - Hearing impairment:[[2706], [3479], [117531], [4574], [5357]]
Hearing impairment:[[1687], [10413], [4524], [2706], [9370], [1636], [3479], [596], [100233147], [100302721], [2952], [5172], [267012], [1906], [26047], [3082], [10], [5781], [7466], [2261], [4627], [2625], [91], [10804], [2065], [2151], [9681], [5796], [4548], [10788], [4976], [5376], [7068], [578], [2169], [71], [6663], [56478], [5445], [4647], [4549], [1121], [147372], [1736], [7399], [2070], [83988], [6495], [7007], [4646], [91584], [1690], [9241], [3199], [3735], [2917], [3730], [9132], [23761], [5631], [160622], [9949], [9381], [9414], [79977], [64699], [9899], [9814], [2707], [64409], [10255], [1302], [9745], [79784], [284654], [1836], [117531], [1154], [491], [2103], [375611], [5456], [22953], [346288], [1299], [8022], [5459], [57465], [253143], [9687], [8556], [153562], [8763], [23562], [127534], [161497], [51651], [11078], [4574], [56479], [23558], [23676], [5357], [494513], [374462], [53405], [55505], [286676], [166378], [125336], [349149], [23438], [55005], [126326], [222662], [259236], [146183], [124842], [220074], [51475], [389207], [23723], [494148], [449483], [6775087]]
Hearing deficit:[[348], [1312], [4524], [7124], [3569], [2944], [2952], [9370], [4842], [4137], [2950], [6647], [3123], [3479], [7099], [27086], [23411], [5428], [361], [4041], [1392], [6473], [2917], [525], [10560]]
Hypoacusis:[[2706], [10804]]
Hypoacuses:[[]]
HL - Hearing loss:[[7124], [4524], [2706], [348], [3569], [1312], [4790], [7421], [2950], [3123], [7099], [2153], [4780], [2147], [836], [3383], [5172], [3690], [407040], [54106], [331], [7466], [10804], [4286], [1535], [6548], [4254], [1690], [51168], [4171], [55699], [6495], [50617], [5357]]
Hard of hearing:[[2944], [3075], [2597], [4041], [4762]]
Loss Hearing:[[1749], [100381207], [2261], [4627], [1687], [2153], [2147], [4524], [348], [335], [10413], [7124], [5631], [1956], [3569], [2944], [5456], [9370], [1636], [3553], [2706], [4790], [7421], [2952], [4846], [2671], [6647], [5087], [7099], [79784], [2950], [4137], [1312], [3479], [596], [4780], [3458], [478], [114548], [3082], [4851], [3123], [4233], [3690], [6347], [1786], [5172], [23411], [26090], [836], [4282], [6648], [324], [64802], [23676], [3784], [2697], [6657], [7097], [3383], [407040], [1906], [2260], [7466], [1277], [3119], [11190], [54106], [5781], [2625], [2312], [4976], [23404], [71], [7515], [5611], [10804], [3075], [4647], [4153], [4771], [166378], [331], [55033], [267012], [1788], [4549], [4646], [328], [5578], [4843], [3673], [26047], [5111], [10], [4286], [7172], [847], [84131], [55699], [3303], [2065], [65217], [1690], [9132], [9197], [3308], [361], [9381], [64072], [1028], [79977], [64699], [100507436], [1729], [2056], [5428], [2707], [2070], [2244], [1280], [3371], [2876], [51168], [6521], [9681], [100124700], [1548], [5167], [117531], [4607], [7007], [3753], [182], [5579], [6548], [4842], [7068], [1535], [578], [5376], [4548], [5077], [2597], [7399], [59341], [4914], [1278], [2169], [1048], [4625], [4041], [6663], [51112], [5459], [4254], [3304], [27086], [23562], [23387], [525], [11168], [1392], [4171], [5144], [5962], [161497], [4155], [5445], [1121], [11082], [3305], [6473], [3766], [727897], [29128], [477], [407053], [2296], [7350], [57167], [1302], [1285], [406959], [55636], [5426], [4535], [147372], [4574], [55687], [6583], [6247], [1736], [9241], [4538], [6495], [2917], [7155], [9294], [9414]]
Hearing Impairment:[[1687], [10413], [4524], [2706], [9370], [1636], [3479], [596], [100233147], [100302721], [2952], [5172], [267012], [1906], [26047], [3082], [10], [5781], [7466], [2261], [4627], [2625], [91], [10804], [2065], [2151], [9681], [5796], [4548], [10788], [4976], [5376], [7068], [578], [2169], [71], [6663], [56478], [5445], [4647], [4549], [1121], [147372], [1736], [7399], [2070], [83988], [6495], [7007], [4646], [91584], [1690], [9241], [3199], [3735], [2917], [3730], [9132], [23761], [5631], [160622], [9949], [9381], [9414], [79977], [64699], [9899], [9814], [2707], [64409], [10255], [1302], [9745], [79784], [284654], [1836], [117531], [1154], [491], [2103], [375611], [5456], [22953], [346288], [1299], [8022], [5459], [57465], [253143], [9687], [8556], [153562], [8763], [23562], [127534], [161497], [51651], [11078], [4574], [56479], [23558], [23676], [5357], [494513], [374462], [53405], [55505], [286676], [166378], [125336], [349149], [23438], [55005], [126326], [222662], [259236], [146183], [124842], [220074], [51475], [389207], [23723], [494148], [449483], [6775087]]
Unspecified hearing loss:[[1956], [348], [7124], [4790], [836], [7421], [4233], [114548], [2147], [5111], [331], [4286], [4647], [4771], [5579], [4155], [7068], [4914], [5144], [5077], [2917], [491]]
Hearing loss:[[1749], [4627], [4524], [7124], [348], [3569], [1956], [2944], [1312], [2706], [3553], [4790], [1636], [2952], [2950], [4846], [3123], [7421], [6647], [7099], [4137], [2153], [4780], [3458], [6347], [100381207], [2147], [6648], [114548], [7097], [23411], [4851], [4233], [3119], [5631], [3082], [7515], [1786], [3383], [5172], [3690], [4282], [836], [1906], [4153], [2261], [2671], [1277], [5456], [3075], [478], [5087], [2697], [4843], [328], [6657], [54106], [3784], [7466], [407040], [3303], [7172], [5111], [100507436], [3308], [331], [79784], [71], [847], [2056], [100124700], [10804], [64802], [1788], [4647], [2625], [5428], [4286], [3673], [1548], [2244], [1280], [4976], [4549], [4646], [4771], [4842], [361], [4914], [1535], [2876], [1278], [182], [5579], [2597], [3371], [26090], [1048], [65217], [4041], [7068], [5167], [4607], [3753], [11190], [1690], [6548], [9132], [4254], [11168], [1392], [23676], [1028], [5077], [5144], [9381], [3304], [64072], [5611], [64699], [727897], [29128], [27086], [55033], [2707], [4155], [1729], [57167], [5445], [2070], [11082], [51168], [4171], [7399], [1687], [2296], [79977], [117531], [7007], [1285], [166378], [407053], [406959], [55636], [3305], [477], [55699], [84131], [4535], [6495], [9197], [5962], [6583], [6247], [8714], [4693], [5961], [9241], [525], [3766], [115352], [5459], [7155], [4567], [6558], [1302], [4760], [9294], [9414], [2104], [8573], [22900], [4935], [4512], [1286], [161497], [98], [2917], [10560], [6742], [375611], [23562], [4538], [10083], [5205], [4574], [4513], [79718], [4641], [22953], [1032], [440823], [55687], [7024], [2103], [6909], [474], [29899], [491], [617]]
Hearing deficits:[[348], [1312], [4524], [7124], [4137], [2952], [6647], [2706], [3553], [4846], [3479], [114548], [26047], [4153], [3075], [5578], [2244], [5376], [7399], [1392], [27086], [2070], [6247], [2847], [107]]
HOH - Hard of hearing:[[]]
Decreased hearing:[[1749], [4524], [335], [348], [10413], [7124], [1956], [3569], [9370], [1636], [1312], [3553], [4790], [2950], [2261], [7421], [4846], [7099], [2944], [6647], [2952], [4137], [3479], [596], [4780], [3458], [3123], [2706], [6347], [6648], [7097], [23411], [4851], [4233], [7515], [3383], [2153], [1786], [1906], [836], [3082], [1277], [3075], [2147], [114548], [10], [54106], [6657], [3690], [4282], [407040], [4153], [324], [2697], [4843], [3119], [328], [2625], [331], [847], [3784], [2260], [5631], [5172], [5111], [100507436], [5781], [2065], [2671], [1788], [5578], [2056], [100124700], [1548], [2876], [478], [5087], [3303], [4286], [7466], [4976], [3308], [3673], [1278], [2312], [2244], [1535], [71], [5428], [10804], [361], [1280], [2597], [4842], [7068], [4771], [4549], [1048], [4646], [182], [6521], [5579], [1028], [4548], [5445], [5167], [3371], [5796], [6548], [4625], [11082], [10788], [1392], [5376], [4254], [4041], [727897], [3753], [5144], [27086], [3304], [9132], [4535], [57167], [10565], [2169], [9381], [6663], [79977], [5611], [29128], [4171], [406959], [4155], [9241], [2296], [3305], [1285], [6473], [6495], [477], [8714], [6558], [2104], [4508], [22900], [10560], [56172], [98], [153562], [5205], [4513], [79718], [491], [6909], [50617], [617], [987], [1288], [163702], [57369], [726], [56479], [10518], [55283], [79955], [53405], [50508], [51004], [54084]]
Hearing impaired:[[348], [335], [7124], [4524], [3569], [1956], [9370], [2706], [4846], [7421], [3553], [10413], [7099], [6647], [4137], [4790], [1312], [4780], [3458], [1636], [2944], [3479], [2950], [2153], [2952], [64802], [7097], [2147], [114548], [3082], [1906], [596], [23411], [3690], [5172], [6347], [3784], [3383], [836], [4851], [4233], [6648], [2697], [3075], [1786], [54106], [7515], [324], [10], [478], [4153], [5087], [1277], [4843], [5781], [79784], [100507436], [6657], [2056], [3303], [407040], [5111], [2625], [2260], [2244], [2065], [2312], [3308], [331], [10804], [4976], [847], [6521], [5428], [4771], [4646], [4548], [4842], [7068], [1535], [2876], [26090], [4625], [1690], [4041], [5167], [3753], [578], [7399], [9132], [1392], [3304], [64072], [7350], [5445], [27086], [55033], [1729], [1736], [51168], [2296], [117531], [6473], [406959], [5426], [477], [9241], [4919], [6247], [525], [5459], [2104], [4760], [23562], [10560], [3936], [6742], [56172], [4641], [491], [64078], [5189], [987], [8763], [5190], [526], [57369], [55898], [55505], [55670], [23312], [124997]]
Impaired hearing:[[348], [335], [7124], [4524], [3569], [1956], [9370], [2706], [4846], [7421], [3553], [10413], [7099], [6647], [4137], [4790], [1312], [4780], [3458], [1636], [2944], [3479], [2950], [2153], [2952], [64802], [7097], [2147], [114548], [3082], [1906], [596], [23411], [3690], [5172], [6347], [3784], [3383], [836], [4851], [4233], [6648], [2697], [3075], [1786], [54106], [7515], [324], [10], [478], [4153], [5087], [1277], [4843], [5781], [79784], [100507436], [6657], [2056], [3303], [407040], [5111], [2625], [2260], [2244], [2065], [2312], [3308], [331], [10804], [4976], [847], [6521], [5428], [4771], [4646], [4548], [4842], [7068], [1535], [2876], [26090], [4625], [1690], [4041], [5167], [3753], [578], [7399], [9132], [1392], [3304], [64072], [7350], [5445], [27086], [55033], [1729], [1736], [51168], [2296], [117531], [6473], [406959], [5426], [477], [9241], [4919], [6247], [525], [5459], [2104], [4760], [23562], [10560], [3936], [6742], [56172], [4641], [491], [64078], [5189], [987], [8763], [5190], [526], [57369], [55898], [55505], [55670], [23312], [124997]]
Difficulty hearing:[[348], [1312], [55636]]
