ASD:[[414], [6532], [4524], [5728], [627], [1636], [1312], [7421], [1499], [3135], [2475], [2944], [4233], [3605], [5021], [2950], [5444], [2952], [2908], [6647], [3690], [6648], [4204], [1815], [2332], [4128], [1571], [4763], [1545], [5080], [84868], [2243], [551], [7514], [2289], [2626], [1482], [121278], [7534], [952], [4803], [5617], [4548], [3358], [4306], [5649], [7337], [7042], [4552], [6573], [5308], [3351], [8660], [6335], [85358], [4192], [6616], [6649], [26047], [2296], [6326], [4129], [3759], [5618], [574411], [57142], [1742], [112476], [8085], [9378], [815], [64581], [70], [6948], [552], [407041], [8912], [1816], [921], [2915], [2562], [288], [4628], [10728], [120227], [5625], [57680], [3766], [1622], [2020], [79813], [54715], [3239], [2917], [1600], [783], [22803], [6853], [8604], [22807], [23191], [22941], [406895], [1809], [10999], [6570], [30008], [22871], [2743], [2556], [438], [54413], [6854], [321], [11141], [8605], [9037], [5013], [54862], [26999], [4723], [2861], [23126], [10787], [54751], [2557], [2055], [50944], [144165], [406896], [26610], [91624], [10590], [2563], [51412], [83943], [11000], [26470], [3237], [342618], [95681], [3238], [27151], [55879], [347735], [205428], [64409], [129684], [79742], [83538]]
Atrial septal defects:[[4524], [2147], [7341], [3491], [2626], [1482], [5308], [70], [4624], [4621], [57057]]
Interauricular septal defect:[[2626], [1482], [2627], [431], [7446], [2697], [4524], [10370], [2147], [70], [4624], [4487], [2050], [7422], [4318], [57057], [4552], [4879], [7099], [6331], [78987], [4313], [4851], [7092], [23411], [3480], [1906], [9429], [10413], [3791], [5781], [5663], [3481], [5265], [7291], [2321], [4772], [4089], [53407], [7298], [7048], [652], [246778], [551], [4625], [659], [4548], [668], [4878], [2395], [5308], [6910], [57167], [8312], [4838], [57142], [55636], [406931], [7026], [6899], [3670], [100507266], [6909], [4621], [4212], [27063], [169792], [8701], [2121], [54768], [199699], [137814], [50805], [85474], [192343]]
Interatrial septal defect:[[4524]]
Atria septal defect (ASD):[[]]
Septal Defects Atrial:[[4878], [2626], [1482], [4524], [6331], [2627], [5308], [2697], [4879], [10370], [70], [7422], [4624], [4318], [4548], [57057], [5243], [23411], [2147], [1906], [5781], [4088], [6910], [5265], [7137], [659], [4212], [3491], [4625], [551], [7341], [246778], [668], [57167], [4607], [8312], [406904], [4621], [199699], [192343]]
ASD - Atrial septal defect:[[2626], [1482], [4524], [70]]
Septal Defect Atrial:[[2626], [431], [1482], [4878], [2627], [4524], [2697], [10370], [6331], [5308], [4624], [70], [4487], [2050], [57057], [2147], [4879], [4318], [7092], [7422], [7099], [53407], [23411], [4313], [1906], [6910], [5781], [4772], [5265], [659], [246778], [551], [4625], [668], [4548], [100507266], [57167], [8312], [3670], [406931], [4621], [4212], [169792], [137814], [199699], [54768], [85474], [192343]]
Atrial septal defect:[[2626], [1482], [4524], [431], [4879], [70], [4487], [2627], [2050], [2697], [5781], [4624], [10370], [57057], [246778], [4878], [659], [668], [7092], [4772], [8312], [406931], [53407], [4621], [169792], [54768], [100507266], [85474]]
Congenital atrial septal defect:[[2626], [1482], [2627], [4524], [4487], [2697], [4879], [70], [5781], [53407], [4624], [10370], [57057], [169792], [4878], [4772], [659], [7092], [8312], [100507266], [4621]]
Heart Septal Defects Atrial:[[]]
Atrial septal defect (ASD):[[2626], [1482], [4524], [70]]
