Heart murmurs:[[]]
Murmur:[[57167]]
Cardiac murmur:[[]]
Cardiac murmur unspecified:[[]]
Murmur Heart:[[57167]]
Murmurs Heart:[[2697], [348], [1012], [3949], [1482], [1071], [1401], [116519], [7052], [6331], [338], [19], [4624], [3091], [4023], [9464], [2170], [6934], [3762], [3992], [4851], [9421], [3084], [9415], [341], [1215], [7941], [3570], [80279], [7040], [7099], [3784], [182], [857], [10699], [291], [3757], [947], [3945], [427], [3135], [335], [6262], [1026], [7422], [4625], [4000], [7157], [2627], [11030], [7048], [1813], [153], [3990], [1471], [10989], [590], [7124], [3569], [3778], [4208], [1636], [3953], [4524], [2237], [2626], [3105], [948], [5208], [2153], [23118], [2646], [3586], [5468], [1277], [2200], [2205], [345], [5894], [2099], [650], [54658], [4318], [4255], [2155], [2066], [9370], [121227], [4314], [25], [1952], [4846], [2064], [1906], [22943], [2475], [10082], [6662], [3753], [1956], [3356], [1396], [627], [4288], [4790], [3479], [652], [5243], [2898], [3596], [6513], [57493], [3553], [5099], [6910], [3952], [3995], [4313], [9201], [4988], [81606], [1346], [207], [133], [5728], [949], [4879], [781], [5444], [6597], [6927], [1347], [3458], [1499], [2944], [3383], [3717], [6868], [3146], [2272], [64478], [7097], [3162], [1557], [154], [5350], [7450], [183], [3606], [9531], [472], [694], [6774], [4609], [3566], [7421], [367], [3106], [3576], [10413], [7474], [351], [149233], [6532], [406991], [6647], [672], [5594], [1278], [51738], [115701], [3958], [7486], [2950], [2159], [3845], [3605], [7137], [622], [7042], [10021], [10664], [5069], [6347], [6778], [6456], [1312], [2160], [4179], [84722], [775], [5781], [596], [3077], [3934], [7035], [5465], [185], [28], [6899]]
Observation of heart murmur:[[]]
Murmur Cardiac:[[57167]]
Heart murmur:[[57167]]
Finding of heart murmur:[[]]
Heart murmur NOS:[[]]
Murmurs Cardiac:[[6331], [3784], [1482], [6262], [7139], [3753], [488], [7137], [3759], [4851], [4607], [4625], [3762], [4624], [3757], [3741], [9992], [11186], [70], [5350], [1026], [9722], [7134], [7124], [845], [10008], [650], [4633], [51086], [23630], [6336], [2697], [7157], [59], [287], [8048], [2099], [775], [596], [30819], [7422], [3777], [498], [23704], [7040], [10614], [444], [487], [27063], [3084], [3360], [23493], [406991], [406904], [859], [2702], [4634], [3091], [2475], [2316], [348], [5728], [3479], [3569], [3508], [406976], [652], [6548], [6508], [5290], [6910], [22943], [857], [2064], [5208], [3739], [1636], [5594], [2626], [2022], [6774], [9370], [1401], [7273], [10021], [183], [4318], [4846], [1906], [1956], [6546], [817], [207], [3486], [3952], [1499], [7852], [477], [4790], [4313], [91807], [5566], [5318], [4524], [801], [846], [476], [7128], [4879], [4089], [6324], [90523], [4000], [7099], [3586], [1756], [10413], [406937], [59272], [57644], [3815], [4049], [947], [3162], [2078], [154], [7421], [8091], [1278], [5243], [4780], [1000], [1432], [1312], [4878], [3553], [406922], [1113], [3958], [6532], [1557], [3934], [185], [3717], [6387], [6332], [657], [5465], [2146], [6622], [7276], [627], [3123], [5595], [7035], [3077], [442721], [3752], [1029], [51741], [5468], [2627], [861], [23411], [1471], [182], [5743], [2944], [4609], [3606], [8074], [3106], [1634], [3146], [142], [93649], [1080], [3576], [2247], [55800], [4208], [6696], [57817], [4179], [43], [595], [23281], [4282], [999], [776], [5444], [1129], [332], [406971], [27302], [2263], [3480], [29126], [137902], [10891]]
