Sensorineural hearing loss unspecified:[[348], [7124], [4790], [7421], [2147], [114548], [4286], [5144], [4647]]
SNHL - Sensorineural hearing loss:[[2706], [5172], [10804], [4646], [11190], [160335]]
Deafness Neurosensory:[[2706], [83715], [182], [55687], [9381], [51168], [5962], [375611]]
Hearing loss sensorineural:[[1749], [4627], [23676], [2706], [4524], [7124], [3569], [348], [478], [2944], [5172], [4549], [3553], [4846], [4790], [2153], [64802], [2952], [3123], [7421], [6647], [7466], [114548], [2147], [6347], [5631], [3690], [4282], [3119], [3082], [3383], [1786], [1906], [10804], [4153], [2261], [3075], [6657], [55699], [71], [3784], [1690], [10560], [2625], [3303], [4512], [4574], [4647], [5428], [9132], [4286], [3673], [1280], [4976], [4646], [182], [11190], [7007], [6548], [64072], [2707], [117531], [64699], [1028], [5144], [51168], [3304], [9381], [2070], [79977], [27086], [7399], [1729], [11082], [525], [166378], [55636], [3305], [477], [5459], [84131], [6247], [4693], [1302], [3766], [115352], [4760], [161497], [4935], [23562], [10083], [4641], [375611], [22953], [617], [6909], [474], [29899], [494513], [8022], [55315], [374462], [125336], [163702], [5269], [6907], [4640], [9496], [23438], [152137], [4550], [83715], [259236], [4762], [222662], [126326], [51004], [220074], [340990], [283310], [4542], [357], [124997], [160335], [388939], [10205], [3167], [92935], [340784], [643226], [379003]]
Hearing impairment sensorineural:[[2706], [4627], [4524], [23676], [5172], [7466], [4549], [2952], [1906], [10804], [2625], [3082], [2261], [1690], [4976], [71], [5376], [4574], [4647], [7007], [9132], [7399], [2070], [4646], [5631], [79977], [3735], [3730], [2707], [64699], [9381], [117531], [1302], [5459], [375611], [8022], [22953], [1299], [9687], [23562], [161497], [51651], [374462], [23438], [494513], [166378], [125336], [126326], [222662], [259236], [220074], [51475], [23723]]
PD - Perceptive deafness:[[]]
SND - Sensorineural deafness:[[]]
Sensorineural hearing impairment:[[2706], [4627], [4524], [23676], [5172], [7466], [4549], [2952], [1906], [10804], [2625], [3082], [2261], [1690], [4976], [71], [5376], [4574], [4647], [7007], [9132], [7399], [2070], [4646], [5631], [79977], [3735], [3730], [2707], [64699], [9381], [117531], [1302], [5459], [375611], [8022], [22953], [1299], [9687], [23562], [161497], [51651], [374462], [23438], [494513], [166378], [125336], [126326], [222662], [259236], [220074], [51475], [23723]]
Neurosensory deafness:[[2706], [83715], [182], [55687], [9381], [51168], [5962], [375611]]
Sensory-neural hearing loss:[[]]
Unspecified sensorineural hearing loss:[[348], [7124], [4790], [7421], [2147], [114548], [4286], [5144], [4647]]
Sensorineural deafness NOS:[[]]
Deafness sensorineural:[[114548], [23676], [7809], [2706], [5631], [4941], [10804], [1680], [5459], [4627], [2707], [3735], [494513], [83715], [5172], [1690], [4647], [4549], [100422517], [2625], [4574], [4646], [3082], [7466], [117531], [1786], [7007], [10560], [1302], [4976], [4512], [4286], [1280], [9132], [23723], [182], [5376], [71], [379003], [161497], [64699], [9381], [51168], [374462], [64072], [3766], [79977], [1729], [525], [3784], [2070], [10083], [2248], [5428], [375611], [7295], [23562], [22953], [5189], [617], [6548], [4009], [84947], [5269], [55636], [125336], [152137], [222662], [126326], [259236], [220074], [340990], [1188], [10205], [283310], [51475], [163702], [29899], [169792], [5190], [4640], [204], [51651], [643226], [6907], [23438], [1187], [51081], [51004], [84131], [91869], [10742], [93233]]
Perceptive hearing loss:[[5631], [2706]]
Sensory-neural deafness:[[]]
Sensorineural hearing loss:[[1749], [4524], [7124], [348], [3569], [4627], [2706], [4846], [3123], [4790], [7421], [3553], [2944], [2153], [2147], [6347], [2952], [6647], [3119], [3383], [5172], [3690], [4282], [114548], [1906], [4153], [3075], [6657], [2261], [1786], [7466], [3303], [64802], [2625], [5428], [1280], [3673], [4286], [4976], [182], [6548], [10804], [1028], [5144], [27086], [71], [11082], [1690], [3304], [4647], [7399], [4549], [477], [55699], [9132], [4646], [6247], [4693], [478], [115352], [4760], [3305], [4935], [2707], [64072], [117531], [79977], [10560], [9381], [525], [64699], [51168], [4641], [2070], [7007], [6909], [474], [10083], [617], [22953], [55315], [29899], [8022], [5459], [163702], [23562], [11190], [9496], [161497], [4640], [4574], [374462], [5269], [6907], [4550], [23438], [125336], [4762], [84131], [126326], [222662], [51004], [357], [259236], [124997], [160335], [4542], [388939], [340990], [220074], [10205], [283310], [3167], [92935], [340784], [379003]]
Hearing loss perceptive:[[5631], [2706]]
Perceptive deafness:[[5631], [2706], [83959]]
Sensorineural Hearing Loss:[[1749], [4524], [7124], [348], [3569], [4627], [2706], [4846], [3123], [4790], [7421], [3553], [2944], [2153], [2147], [6347], [2952], [6647], [3119], [3383], [5172], [3690], [4282], [114548], [1906], [4153], [3075], [6657], [2261], [1786], [7466], [3303], [64802], [2625], [5428], [1280], [3673], [4286], [4976], [182], [6548], [10804], [1028], [5144], [27086], [71], [11082], [1690], [3304], [4647], [7399], [4549], [477], [55699], [9132], [4646], [6247], [4693], [478], [115352], [4760], [3305], [4935], [2707], [64072], [117531], [79977], [10560], [9381], [525], [64699], [51168], [4641], [2070], [7007], [6909], [474], [10083], [617], [22953], [55315], [29899], [8022], [5459], [163702], [23562], [11190], [9496], [161497], [4640], [4574], [374462], [5269], [6907], [4550], [23438], [125336], [4762], [84131], [126326], [222662], [51004], [357], [259236], [124997], [160335], [4542], [388939], [340990], [220074], [10205], [283310], [3167], [92935], [340784], [379003]]
Perceptive hearing loss NOS:[[]]
Sensorineural deafness:[[114548], [23676], [7809], [2706], [5631], [4941], [10804], [1680], [5459], [4627], [2707], [3735], [494513], [83715], [5172], [1690], [4647], [4549], [100422517], [2625], [4574], [4646], [3082], [7466], [117531], [1786], [7007], [10560], [1302], [4976], [4512], [4286], [1280], [9132], [23723], [182], [5376], [71], [379003], [161497], [64699], [9381], [51168], [374462], [64072], [3766], [79977], [1729], [525], [3784], [2070], [10083], [2248], [5428], [375611], [7295], [23562], [22953], [5189], [617], [6548], [4009], [84947], [5269], [55636], [125336], [152137], [222662], [126326], [259236], [220074], [340990], [1188], [10205], [283310], [51475], [163702], [29899], [169792], [5190], [4640], [204], [51651], [643226], [6907], [23438], [1187], [51081], [51004], [84131], [91869], [10742], [93233]]
