Blood dyscrasia:[[595], [4988]]
Haemopoietic disorder:[[7015]]
Haematologic disease:[[11093], [4869], [5345]]
Blood disorder:[[348], [2524], [1636], [960], [2993], [338], [4023], [133], [3077], [775], [1378], [43], [1312], [2272], [255738], [720], [3133], [3949], [5624], [335], [2212], [2214], [5189], [2147], [4524], [217], [3815], [3106], [966], [2523], [3356], [7227], [23345], [7422], [1813], [4846], [7124], [9415], [8482], [7040], [6532], [5581], [7450], [894], [7157], [22978], [2624], [3845], [3569], [288], [4204], [5243], [2539], [3690], [4160], [948], [5999], [861], [182], [2157], [5027], [5328], [9588], [207], [53335], [6926], [64478], [1815], [2099], [301], [1557], [3383], [3992], [9370], [3952], [1401], [627], [183], [1565], [875], [3717], [3553], [6934], [249], [3586], [3310], [7421], [7068], [6622], [1956], [2590], [79796], [1012], [5578], [10370], [4137], [93986], [6095], [655], [54106], [7504], [4842], [4318], [196], [2161], [3486], [351], [3091], [51738], [5743], [6647], [4035], [2153], [8850], [3146], [1890], [3479], [3674], [1191], [7099], [2944], [1756], [9021], [4790], [3458], [4313], [367], [3592], [5054], [673], [4780], [2908], [1906], [6311], [5444], [406991], [3162], [6347], [6774], [4363], [1463], [2289], [8647], [94], [596], [2243], [2247], [2152], [2952], [23411], [154], [672], [177], [3576], [811], [7015], [54600], [3172], [3123], [4843], [6648], [1499], [3605], [3484], [79068], [5728], [3784], [2904], [2668], [6387], [57572], [5021], [1493], [1544], [2155], [3667], [4208], [7534], [54805], [2149], [5111], [5781], [170690], [1816], [5159], [59272], [7852], [1268], [2104], [10631], [6513], [4233], [51422], [3098], [57412], [8405], [406938], [6480], [4803], [5594]]
Disease of blood AND/OR blood-forming organ:[[7421]]
Disease of blood AND/OR blood forming organ:[[960], [1576], [335], [5624], [1636], [5972], [2147], [7040], [7157], [7422], [7124], [4846], [182], [207], [183], [3091], [351], [596], [4318], [5468], [5054], [3162], [4790], [9370], [6774], [367], [6387], [4780], [4313], [5743], [6647], [673], [23411], [7421], [406991], [7450], [578], [7099], [7852], [3479], [6347], [2152], [59272], [3845], [2155], [581], [5728], [7015], [2950], [5970], [4851], [3458], [29126], [2263], [3688], [1080], [3605], [2321], [7490], [6696], [1026], [3606], [1277], [7097], [2022], [406938], [6772], [5329], [4233], [5290], [54106], [3958], [10413], [5265], [999], [4609], [5879], [9076], [1278], [3596], [4193], [6850], [4982], [6403], [7052], [650], [652], [2033], [1282], [558], [5979], [60], [8829], [1045], [7139], [5228], [598], [6581], [846], [5315], [6657], [8542], [2621], [50507], [4436], [2395], [6566], [8856], [326], [59341], [6337], [4678], [2660], [407029], [50848], [7528], [7471], [2346], [1839], [2273], [3814], [2852], [1365], [27178], [284217], [10406], [572], [7225], [9759], [4277], [7004], [6750], [3015], [6363], [1954], [192343]]
Hematologic Disease:[[7040]]
Disorder of haematopoietic system:[[960], [7157], [861], [3569], [3553], [3586], [7421], [7040], [3815], [2475], [7099], [3458], [3091], [1191], [5743], [7852], [6387], [5979], [5027], [238], [4851], [958], [196], [2149], [4297], [3574], [50616], [2833], [22846], [4300], [54809], [192343]]
Hematopoietic system syndrome:[[5621], [4297], [2944], [2952], [2322], [4773], [51053], [1440], [406934], [64109], [23236], [4005], [4299], [10272]]
Hemopoietic disorder:[[867], [2932], [4170], [1803], [9518], [613], [3574], [4155], [5657]]
Hemopoietic disease:[[3055], [1232], [597], [2056], [85480], [4193], [55363], [2932], [4869], [1577], [4170], [1803], [9518], [7048], [613], [2885], [3574], [867], [3936], [4254], [5657], [4155], [1238], [1399], [9051], [5358], [2323], [27181], [342510]]
Hematological Diseases:[[7015], [7490], [54106], [4904], [7535], [8717]]
Haematopoietic system syndrome:[[7157], [2475], [5460], [2625], [3569], [7040], [4851], [3586], [958], [7421], [3553], [7099], [7852], [3458], [4297], [3091], [6387], [5979], [5743], [861], [2321], [54809], [3815], [1191], [9935], [5027], [3574], [196], [10018], [2150], [2149], [50616], [947], [1050], [3575], [3579], [2833], [4352], [406913], [27035], [4254], [6422], [7187], [59340], [978], [160364], [192343]]
Haemopoietic disease:[[3115], [7015], [3055], [10015], [50649]]
Disease Blood:[[348], [28], [2524], [1493], [338], [4023], [1378], [1071], [64127], [255738], [3949], [5979], [1586], [335], [6521], [9429], [116519], [3077], [6927], [351], [11315], [19], [3990], [3107], [4018], [2532], [3106], [8792], [2646], [960], [2244], [341], [9388], [345], [7422], [3586], [1636], [10019], [217], [6774], [1604], [2993], [682], [3717], [6622], [337], [3992], [1029], [1910], [3123], [4137], [7450], [2161], [9415], [6387], [3064], [6347], [3569], [6311], [358], [3383], [6272], [5310], [3119], [977], [27329], [4524], [7332], [43], [540], [22978], [1543], [4602], [10320], [720], [4846], [7040], [64241], [3593], [5621], [120892], [3558], [5624], [8882], [4059], [1401], [133], [356], [51085], [1191], [64478], [729230], [10221], [5311], [2982], [4088], [4314], [7369], [6584], [1813], [2122], [958], [7124], [360], [2147], [3156], [3592], [1445], [948], [3122], [4041], [10], [2243], [3931], [1234], [490], [3117], [2157], [170679], [2525], [56606], [3570], [182], [26191], [966], [1282], [84722], [55600], [2629], [1956], [1908], [10452], [2266], [5243], [54901], [864], [721], [5328], [59067], [3659], [3953], [4883], [29881], [8651], [6583], [51752], [4582], [875], [3676], [4879], [246778], [3115], [149233], [9173], [9370], [538], [4747], [1373], [4586], [85440], [5027], [94103], [100048912], [2030], [3133], [1952], [2099], [6563], [7840], [2523], [9966], [3559], [5663], [4318], [3043], [4790], [2153], [3146], [7421], [7068], [10058], [6582], [367], [3162], [1138], [54805], [2624], [2994], [1235], [6007], [1136], [2590], [6403], [7015], [2539], [2160], [6653], [2778], [2308], [1232]]
Unspecified diseases of blood and blood-forming organs:[[]]
Disorder of hematopoietic system:[[2944], [2952], [4773], [5621], [4297], [23236], [4299], [10042]]
Disease of blood and blood-forming organs unspecified:[[]]
Diseases of blood and blood-forming organs:[[]]
DISEASES OF THE BLOOD AND BLOOD-FORMING ORGANS:[[]]
Diseases Blood:[[348], [28], [2532], [9429], [2524], [682], [3077], [1636], [338], [358], [1604], [1378], [43], [1071], [335], [720], [4023], [360], [255738], [5624], [1012], [3949], [977], [2147], [4524], [3106], [966], [4879], [7422], [10019], [4846], [7040], [4059], [1543], [721], [367], [217], [19], [4602], [3123], [4586], [7124], [9415], [133], [2646], [7157], [3107], [4018], [2122], [5781], [1029], [2624], [3569], [948], [10], [2539], [1312], [5243], [341], [2244], [27329], [3091], [5468], [3383], [9588], [3815], [79068], [2157], [3690], [9370], [332], [5621], [5027], [64127], [345], [207], [4780], [3586], [406991], [183], [3146], [4204], [1956], [4318], [3952], [64478], [3676], [1401], [627], [351], [3162], [10320], [4790], [875], [3992], [7421], [3717], [2099], [3553], [6934], [4313], [7099], [337], [177], [196], [5054], [249], [5444], [284], [3576], [6580], [6622], [7369], [3240], [1557], [1559], [23411], [10370], [4137], [1950], [23435], [3133], [3479], [185], [6774], [3458], [4878], [6584], [9021], [1577], [51738], [26191], [1234], [6347], [3605], [4035], [7048], [7097], [1906], [2064], [1493], [5743], [3791], [406938], [6311], [3117], [7450], [50943], [2778], [3606], [29126], [94], [7015], [6647], [3135], [54658], [2152], [2944], [3565], [2034], [6387], [672], [3043], [6696], [6272], [3620], [5133], [7332], [2475], [8647], [596], [2243], [2952], [2737], [7852], [51129], [7057], [929], [1535], [1499], [811], [93986], [3172], [3784], [673], [59272], [54106], [6648], [578], [5265], [3627], [54901], [581], [4153], [949], [114548], [6469], [64241], [6772], [149233]]
Hematological Disease:[[4524], [274], [9610]]
Hematologic Diseases:[[5243], [3106], [3105], [648], [1435], [2495], [3214]]
Hematologic disease:[[7040]]
