Hemangioma of unspecified site:[[7157], [7422], [3791], [207], [3091], [367], [5970], [581], [355], [2321], [5111], [7161], [2353], [8829], [5604], [898], [7010], [468], [2736], [283], [7538], [2767]]
Hemangioma - morphology:[[7157], [3791], [7422], [3091], [4318], [207], [3845], [367], [2475], [4313], [2321], [5970], [355], [3135], [6513], [581], [3417], [4288], [7077], [7080], [898], [10630], [3159], [3397], [2776], [406988], [4853], [4773], [9476]]
Hemangioma any site:[[7422], [7157], [3791], [3091], [207], [4318], [3845], [367], [2475], [4313], [1565], [5970], [6513], [154], [581], [3605], [3480], [4851], [355], [3146], [2321], [3481], [5111], [3417], [4288], [3135], [2247], [7161], [356], [3159], [4843], [5176], [4854], [4627], [5604], [2353], [8829], [7080], [898], [3418], [182], [284], [7010], [7077], [153], [10630], [4773], [2167], [468], [634], [4853], [3655], [7980], [186], [2776], [283131], [3170], [2736], [1890], [55384], [406988], [283], [653509], [4855], [406948], [7538], [6439], [406931], [889], [7846], [4005], [406919], [10159], [2767], [9547], [112597], [2354], [9476], [6405]]
Hemangioma no International Classification of Diseases for Oncology subtype:[[]]
Angioma NOS:[[]]
Benign hemangioma:[[7422], [7157], [3791], [4318], [7080], [367], [3845], [3091], [207], [4313], [4288], [6513], [2321], [2324], [2475], [3605], [4851], [3481], [5970], [2247], [581], [3135], [154], [355], [3480], [3417], [4843], [7161], [6469], [5111], [4854], [7077], [4627], [634], [3418], [284], [2167], [3397], [3655], [2776], [467], [406988], [2767]]
Hemangioma unspecified site:[[7157], [7422], [3791], [207], [3091], [367], [5970], [581], [355], [2321], [5111], [7161], [2353], [8829], [5604], [898], [7010], [468], [2736], [283], [7538], [2767]]
Hemangioma:[[3791], [7422], [7157], [3091], [207], [4318], [3845], [367], [2324], [2475], [7909], [4313], [3605], [1565], [4851], [3146], [2321], [5970], [154], [3481], [355], [3135], [3480], [6513], [581], [3417], [4288], [4843], [2247], [6469], [7161], [356], [5176], [5111], [4854], [84168], [6401], [7077], [4627], [153], [7080], [182], [898], [2353], [3418], [8829], [284], [5604], [2167], [634], [10630], [3159], [3397], [2776], [283131], [7010], [55384], [3655], [186], [467], [468], [406988], [283], [4853], [2736], [653509], [7538], [1890], [3170], [406948], [9966], [4773], [7980], [6439], [406931], [4855], [889], [7846], [5629], [494336], [4005], [57674], [406919], [10159], [2767], [574452], [9547], [112597], [9476], [2354], [79718], [6405], [494323], [29071], [9723], [25792], [150759]]
Hemangiomas:[[7422], [2475], [2100], [183], [3791], [8743], [3417], [2321], [7490], [2247], [6513], [3481], [285], [2776], [2034], [6093], [6198], [2167], [7010], [2130], [5972], [943], [283], [1028], [5629], [1022], [2767], [199], [902], [1733], [4886], [10894], [1735], [9630], [81831]]
Angioma:[[7428], [889], [5629]]
Haemangioma:[[7157], [7422], [1499], [3605], [4582], [8743], [4982], [8600], [79923], [10397], [4267], [54567], [7177], [135228]]
Hemangioma no ICD-O subtype:[[3091], [4318], [4851], [3418]]
Haemangioma - morphology:[[7157], [7422], [1499], [4582], [4982], [8743], [79923], [4267], [54567]]
Benign haemangioma:[[7157], [7422], [1499], [4582], [3605], [79923]]
