Congenital factor VIII deficiency disease:[[2157], [2147]]
Hemophilia A Congenital:[[2147], [7124], [2157], [7450], [3938], [2153], [3162], [2212], [2158], [2161], [215]]
Hereditary factor VIII deficiency disease:[[2157], [2147]]
Hemophilia As Congenital:[[]]
Haemophilia A:[[3586], [2157], [3123], [1493], [3119], [2158], [7450], [2152], [2155], [10673], [1361], [2811], [2266], [1436], [5601], [3998], [90411]]
Congenital factor VIII disorder:[[7450], [2157], [2243], [2147], [2153], [11093], [3162], [2152], [2155], [2158], [5624], [5627]]
Hemophilia NOS:[[3162]]
Hereditary factor VIII deficiency:[[2157], [2147]]
Hemophilia Classic:[[7124], [1493], [3077], [3565], [282617]]
HEMOPHILIA A:[[7124], [3586], [2157], [3123], [2147], [7450], [2153], [1493], [3077], [3162], [3565], [3949], [4982], [2212], [2158], [7035], [5742], [2161], [3938], [215], [8858], [51156], [106146150], [106146151], [106146152], [106146144], [106146143]]
Hemophilia:[[7124], [3586], [3123], [2147], [2157], [7450], [2153], [1493], [1234], [3077], [3162], [2158], [3565], [4982], [3949], [282617], [2155], [2212], [7035], [2159], [3439], [5742], [2161], [3938], [215], [101180976], [8858], [6658], [51156], [3175], [9480], [79803], [106146150], [106146151], [106146152], [106146144], [106146143]]
Classical haemophilia:[[3586], [2157], [3123], [7450], [1493], [10673], [2266], [1436], [5601], [3998]]
Haemophilia:[[3586], [2157], [3123], [1493], [3119], [2158], [7450], [2152], [2155], [10673], [1361], [2811], [2266], [1436], [5601], [3998], [90411]]
Hemophilias Classic:[[]]
Classical hemophilia:[[7124], [3586], [7450], [2157], [3123], [2153], [1493], [3077], [3162], [3565], [3949], [282617], [2212], [101180976]]
Congenital factor VIII deficiency:[[2147], [2157]]
HEMA:[[2157]]
Hemophilia A:[[7124], [3586], [2157], [3123], [2147], [7450], [2153], [1493], [3077], [3162], [3565], [3949], [4982], [2212], [2158], [7035], [5742], [2161], [3938], [215], [8858], [51156], [106146150], [106146151], [106146152], [106146144], [106146143]]
HEMOPHILIA CLASSIC:[[7124], [1493], [3077], [3565], [282617]]
AHG deficiency disease:[[]]
Hemophilia As:[[]]
Sex-linked factor VIII deficiency:[[]]
