Congo-Crimean haemorrhagic fever:[[3146], [54210]]
Congo-Crimean hemorrhagic fever:[[7124], [3569], [4790], [3146], [5444], [1234], [836], [1906], [282617], [3627], [7098], [54106], [23586], [285], [3456], [3439], [4691], [5045], [7010], [4599], [57506], [9636], [51311], [81793], [8720], [3451]]
Central Asian hemorrhagic fever:[[7124], [3123], [3569], [1401], [7422], [3586], [3553], [4524], [3383], [7040], [9370], [4790], [1636], [3576], [5743], [3458], [5444], [1234], [6347], [3717], [282617], [5594], [30835], [3690], [54106], [4843], [4049], [285], [59067], [7010]]
Crimean haemorrhagic fever:[[3146], [54210]]
CCHF - Crimean-Congo haemorrhagic fever:[[]]
Crimean-Congo haemorrhagic fever:[[3146], [54210]]
Hemorrhagic Fever Crimean-Congo:[[7124], [3569], [4790], [3146], [5444], [1234], [836], [1906], [282617], [3627], [7098], [54106], [23586], [285], [3456], [3439], [4691], [5045], [7010], [4599], [57506], [9636], [51311], [81793], [8720], [3451]]
Crimean Congo Hemorrhagic Fever:[[7124], [3569], [4790], [3146], [5444], [1234], [836], [1906], [282617], [3627], [7098], [54106], [23586], [285], [3456], [3439], [4691], [5045], [7010], [4599], [57506], [9636], [51311], [81793], [8720], [3451]]
Congo fever:[[7124], [3569], [4790], [5444], [3146], [1234], [836], [1906], [282617], [3627], [7098], [54106], [23586], [3456], [285], [3439], [4691], [54210], [5045], [7010], [4599], [57506], [9636], [51311], [81793], [8720], [3451]]
Crimean Congo Haemorrhagic Fever:[[3146], [54210]]
Hemorrhagic Fever Crimean:[[7124], [3569], [4790], [3146], [5444], [1234], [836], [1906], [282617], [3627], [7098], [54106], [23586], [285], [3456], [3439], [4691], [5045], [7010], [4599], [57506], [9636], [51311], [81793], [8720], [3451]]
Hemorrhagic Fever Congo-Crimean:[[7124], [3569], [4790], [3146], [5444], [1234], [836], [1906], [282617], [3627], [7098], [54106], [23586], [285], [3456], [3439], [4691], [5045], [7010], [4599], [57506], [9636], [51311], [81793], [8720], [3451]]
CHF - Crimean hemorrhagic fever:[[]]
Crimean hemorrhagic fever:[[]]
CCHF - Crimean-Congo hemorrhagic fever:[[7124], [3569], [1906], [7098], [285], [7010], [81793]]
Viral hemorrhagic fever Crimean-Congo:[[]]
CHF - Crimean haemorrhagic fever:[[]]
Central Asian haemorrhagic fever:[[3123], [7040], [1636], [3106], [5054], [6347]]
Infection Congo Virus:[[]]
Haemorrhagic Fever Crimean-Congo:[[3146], [54210]]
Viral haemorrhagic fever Crimean-Congo:[[3146], [54210]]
Crimean hemorrhagic fever [CHF Congo virus]:[[]]
Crimean-Congo hemorrhagic fever:[[7124], [3569], [4790], [3146], [5444], [1234], [836], [1906], [282617], [3627], [7098], [54106], [23586], [285], [3456], [3439], [4691], [5045], [7010], [4599], [57506], [9636], [51311], [81793], [8720], [3451]]
