Puumala virus nephropathy:[[]]
Hemorrhagic Fever with Renal Syndrome:[[9370], [3146], [3383], [3688], [3690], [2335], [7057], [3685], [59067], [9332], [284], [3676], [7448], [10507], [965], [3384]]
Korean Hemorrhagic Fever:[[]]
Russian hemorrhagic fever:[[7124], [7422], [3569], [3553], [3586], [7040], [7099], [1636], [30835], [3791], [282617], [7098]]
Hemorrhagic Fever Epidemic:[[1234]]
HFRS - hemorrhagic fever with renal syndrome:[[3383], [3688], [3690], [2335], [3676], [3384]]
Nephroso-Nephritis Hemorrhagic:[[7124], [7422], [3586], [1636], [4524], [3569], [4318], [3123], [6347], [7040], [1401], [3146], [3383], [1234], [2099], [7099], [9370], [3553], [5743], [3605], [3576], [3458], [4780], [54106], [836], [3162], [7412], [177], [4843], [114548], [3958], [3627], [282617], [2321], [7132], [302], [11093], [23586], [6382], [6401], [30835], [5340], [9332], [51561], [3439], [4599], [5730]]
HFRS - haemorrhagic fever with renal syndrome:[[3123], [5054], [3106]]
Hemorrhagic nephrosonephritis:[[7124], [4089], [2022], [4524], [7422], [348], [3569], [4318], [3586], [7040], [94], [1636], [2099], [3091], [627], [351], [7099], [9370], [1401], [3123], [4790], [3553], [5743], [3576], [3146], [3383], [3458], [5444], [3717], [4780], [791087], [5594], [2153], [1234], [6347], [3605], [332], [7450], [2658], [3105], [6387], [335], [3077], [3162], [154], [2100], [1432], [177], [1559], [3791], [3688], [3690], [836], [1906], [3958], [3725], [338], [114548], [4982], [2157], [4843], [282617], [3039], [2335], [54106], [2321], [1471], [3627], [7132], [7098], [11093], [285], [83700], [7412], [7057], [3685], [302], [6401], [4049], [30835], [23586], [6382], [79001], [5624], [5340], [2162], [5327], [3767], [59067], [3456], [2149], [551], [9332], [7037], [7056], [659], [284], [2159], [6833], [4691], [3439], [51561], [406992], [100048912], [2776], [5045], [7010], [3676], [2161], [64805], [1282], [387715], [7439], [6890], [406907], [4599], [7448], [57506], [406950], [2026], [9636], [12], [6356], [51311], [29102], [2050], [1215], [5730], [3426], [57674], [282618], [7177], [6281], [10507], [5345], [406909], [54795], [81793], [965], [10562], [406980], [3384], [406908], [1153], [8720], [10267], [3696], [3451], [2804], [55249]]
HFRS:[[7124], [3569], [3123], [3553], [3106], [5054], [3383], [3688], [3690], [2335], [114548], [1471], [7412], [3674], [3676], [3384]]
Epidemic hemorrhagic fever:[[]]
Hemorrhagic Fevers Epidemic:[[]]
Hemorrhagic Nephroso Nephritis:[[]]
Haemorrhagic fever with renal syndrome:[[3123], [1636], [7040], [5054], [3146], [6347], [3106], [4153], [5320], [7037], [54210], [406942], [3959], [146433]]
Nephroso-Nephritides Hemorrhagic:[[7124], [4089], [2022], [4524], [7422], [348], [3569], [4318], [3586], [7040], [94], [1636], [2099], [3091], [627], [351], [7099], [9370], [1401], [3123], [4790], [3553], [5743], [3576], [3146], [3383], [3458], [5444], [3717], [4780], [791087], [5594], [2153], [1234], [6347], [3605], [332], [7450], [2658], [3105], [6387], [335], [3077], [3162], [154], [2100], [1432], [177], [1559], [3791], [3688], [3690], [836], [1906], [3958], [3725], [338], [114548], [4982], [2157], [4843], [282617], [3039], [2335], [54106], [2321], [1471], [3627], [7132], [7098], [11093], [285], [83700], [7412], [7057], [3685], [302], [6401], [4049], [30835], [23586], [6382], [79001], [5624], [5340], [2162], [5327], [3767], [59067], [3456], [2149], [551], [9332], [7037], [7056], [659], [284], [2159], [6833], [4691], [3439], [51561], [406992], [100048912], [2776], [5045], [7010], [3676], [2161], [64805], [1282], [387715], [7439], [6890], [406907], [4599], [7448], [57506], [406950], [2026], [9636], [12], [6356], [51311], [29102], [2050], [1215], [5730], [3426], [57674], [282618], [7177], [6281], [10507], [5345], [406909], [54795], [81793], [965], [10562], [406980], [3384], [406908], [1153], [8720], [10267], [3696], [3451], [2804], [55249]]
Hemorrhagic fever with renal syndrome:[[9370], [3146], [3383], [3688], [3690], [2335], [7057], [3685], [59067], [9332], [284], [3676], [7448], [10507], [965], [3384]]
Korean hemorrhagic fever:[[]]
