HUS - Haemolytic uraemic syndrome:[[3075], [4179], [3078], [10878], [81494]]
Hemolytic Uremic Syndrome:[[3075], [718], [7056], [4179], [629], [3426], [3078], [10878], [7099], [7852], [6387], [3934], [11093], [2152], [1191], [959], [285], [3559], [5340], [3566], [6376], [284], [7010], [1604], [966], [727], [57007], [10877], [722], [25974], [64423], [8526], [53947], [81494], [338382]]
Gasser's syndrome:[[]]
Haemolytic uraemic syndrome:[[3075], [4179], [3934], [629], [3078], [10878], [8526], [81494], [3080]]
Hemolytic-uremic syndrome:[[3075], [718], [7056], [4179], [629], [3426], [3078], [10878], [7099], [7852], [6387], [3934], [11093], [2152], [1191], [959], [285], [3559], [5340], [3566], [6376], [284], [7010], [1604], [966], [727], [57007], [10877], [722], [25974], [64423], [8526], [53947], [81494], [338382]]
HUS - Hemolytic uremic syndrome:[[3075], [4179], [3078], [10878], [7099], [11093], [3566], [81494], [338382]]
Hemolytic uremic syndrome:[[3075], [718], [7056], [4179], [629], [3426], [3078], [10878], [7099], [7852], [6387], [3934], [11093], [2152], [1191], [959], [285], [3559], [5340], [3566], [6376], [284], [7010], [1604], [966], [727], [57007], [10877], [722], [25974], [64423], [8526], [53947], [81494], [338382]]
Gasser Syndrome:[[]]
Gasser's Syndrome:[[]]
Syndrome Hemolytic-Uremic:[[3075], [718], [7056], [4179], [629], [3426], [3078], [10878], [11093], [959], [7099], [7852], [6387], [3934], [2152], [285], [10877], [3559], [1191], [5340], [284], [8526], [6376], [3566], [7010], [1604], [727], [966], [57007], [722], [25974], [64423], [81494], [53947], [338382]]
Gassers Syndrome:[[]]
