HFE1:[[3077]]
Hemochromatosis unspecified:[[348], [4092]]
Bronzed diabetes:[[]]
Von Recklenhausen Applebaum Disease:[[7450], [5979], [4582], [11093], [7428], [4137], [3717], [28], [7422], [3569], [3949], [1191], [7439], [10544], [2811], [6403], [2099], [4846], [595], [2157], [143], [5594], [6885], [3091], [7157], [3135], [51297], [3043], [324], [3039], [256076], [2033], [4856], [3315], [2056], [2155], [182], [283463], [652], [677], [2158], [1950], [23078], [5728], [1499], [3040], [7099], [5175], [79987], [3576], [3683], [1277], [29126], [340706], [10397], [7852], [2147], [781], [3605], [5045], [92747], [5196], [344875], [1432], [118429], [3690], [8840], [7057], [4745], [80737], [3688], [1280], [1906], [1490], [3791], [2200], [2034], [57685], [3320], [5265], [200403], [650], [959], [2152], [6329], [5599], [682], [391104], [1869], [2538], [4763], [860], [203228], [4586], [3308], [4043], [402117], [23405], [302], [1281], [1958], [221806], [1294], [6401], [3491], [4036], [4035], [107303340], [4627], [768], [3674], [7436], [727897], [947], [3673], [7273], [2621], [7056], [10516], [84876], [5340], [1113], [127731], [2316], [350], [5604], [7520], [2547], [2159], [5320], [7534], [717], [64805], [801], [6390], [6530], [150], [4585], [91851], [6456], [7058], [2192], [81857], [1293], [6392], [3488], [4481], [4638], [4583], [51083], [5648], [5745], [134957], [6571], [406987], [11167], [214], [54583], [6738], [407010], [1690], [3696], [10332], [5873], [11096], [79577], [4605], [4588], [3693], [407011], [6286], [10253], [4148], [8239], [3831], [4644], [3672], [83872], [2199], [6921], [7837], [406961], [2201], [3714], [1290], [57758], [6837], [1292], [3818], [5046], [51232], [4303], [5325], [4147], [29991], [7007], [8839], [8242], [55662], [9635]]
Storage Disorder Iron:[[3077], [8398], [7124], [6622], [3569], [348], [3091], [2512], [3690], [2395], [1401], [57817], [4524], [7040], [627], [9370], [4846], [79068], [2950], [1956], [8074], [1356], [23411], [335], [3576], [7852], [9518], [960], [2147], [5621], [6387], [811], [4353], [3557], [2539], [5467], [6403], [406906], [80339], [57192], [226], [10616]]
Hemochromatose:[[]]
Iron storage disease:[[3077], [6622], [348], [8398], [3569], [335], [6387], [7124], [5621], [1401], [1071], [80339], [7040], [1956], [4524], [9370], [4846], [3091], [2395], [79068], [2512], [6403], [7037], [57817], [2056], [4353], [3557], [1593], [2950], [2495], [627], [6777], [3576], [23411], [8074], [659], [1356], [2034], [7852], [3690], [9518], [960], [2147], [5264], [3240], [407040], [811], [2539], [5467], [406906], [2597], [10062], [174], [55240], [6319], [1118], [7942], [8031], [57192], [226], [4151], [2110], [84266]]
Haemochromatosis:[[3077], [7099], [4780], [650], [57817], [567], [80339], [7018], [30061], [654], [148738], [7036], [53345], [9962], [9963], [9159]]
HFE:[[3077], [7018], [164656], [7124], [348], [4524], [3569], [351], [2690], [1312], [3105], [3106], [4137], [7037], [3458], [57817], [6347], [567], [2950], [2153], [1565], [3043], [5265], [650], [11073], [54658], [411], [540], [30061], [108783645], [2512], [7036], [5300], [4092], [84870], [406985], [9589], [3397], [1356], [5045], [657], [2264], [148738], [3482], [6568], [406984], [2495], [406983], [58477], [10590], [8970], [2520], [55604], [654], [658], [696], [84447], [48], [3658], [10475], [4091], [90293], [23516], [338645], [9159], [5514], [8443], [79901], [100129696], [3136], [10246]]
HEMOCHROMATOSIS:[[3077], [148738], [7018], [30061], [7036], [57817], [650], [10], [348], [7037], [6992], [28], [7099], [3106], [2495], [3105], [5444], [6347], [9415], [406], [164656], [402055], [54658], [4353], [9518], [540], [80339], [7137], [2512], [7321], [4092], [3875], [1356], [727], [3856], [2520], [4891], [48], [3658], [212], [4091], [56155], [84128], [117531], [9159], [8443], [79901], [25861], [3136]]
Troisier Hanot Chauffard Syndrome:[[3757], [1280], [114548], [3753], [2074], [7157], [348], [1281], [51085], [546], [80184], [7466], [3845], [673], [8481], [5728], [8195], [7486], [641], [2706], [2317], [4292], [91147], [8626], [1540], [4000], [54658], [1161], [7490], [2033], [6331], [4023], [1071], [5781], [4436], [2263], [3643], [7291], [3784], [2261], [2260], [582], [10806], [8085], [10083], [367], [4683], [207], [84062], [3123], [7468], [4647], [4952], [2200], [1029], [7399], [4810], [201163], [2969], [10804], [6949], [7227], [2492], [775], [7840], [2316], [5428], [3730], [5080], [585], [1278], [54487], [5604], [55612], [2121], [811], [5290], [132884], [4281], [116442], [84100], [2812], [5077], [64127], [79068], [6663], [783], [338], [57167], [1130], [9968], [2332], [1277], [3990], [10743], [7456], [19], [2122], [3265], [6737], [84059], [6741], [3481], [6513], [4089], [23111], [2646], [356], [1285], [1387], [26585], [8976], [7504], [1827], [331], [23405], [9401], [65217], [4893], [672], [4692], [9569], [5894], [4277], [6774], [3117], [1401], [1788], [7401], [7128], [3570], [545], [10163], [583], [10682], [124590], [129880], [54808], [27241], [2138], [79738], [4137], [2475], [60], [3897], [5159], [1364], [8091], [5885], [79803], [2811], [2956], [9993], [5460], [4286], [675], [3717], [8220], [80144], [80025], [999], [3973], [79621], [4193], [64135], [1145], [55212], [2645], [27031], [4851], [1493], [10535], [2131], [1910], [7122], [9031], [4853], [1134], [2146], [100188856], [355], [50943], [105259599], [2153], [9652], [10908], [3664], [7020], [8214], [5308], [10062], [8517], [5076], [27019], [5189], [5395], [1287], [1906], [25825], [3759]]
Pigmentary Cirrhosis:[[4524], [3458]]
Cirrhosis Bronzed:[[]]
Hemochromatosis:[[3077], [148738], [7018], [30061], [7036], [57817], [650], [10], [348], [7037], [6992], [28], [7099], [3106], [2495], [3105], [5444], [6347], [9415], [406], [164656], [402055], [54658], [4353], [9518], [540], [80339], [7137], [2512], [7321], [4092], [3875], [1356], [727], [3856], [2520], [4891], [48], [3658], [212], [4091], [56155], [84128], [117531], [9159], [8443], [79901], [25861], [3136]]
Cirrhoses Bronzed:[[]]
Pigmentary Cirrhoses:[[4524], [6010], [3458], [619480], [54114], [4193], [8626], [5961], [3075], [5422], [80025], [4157], [10908], [4286], [5959], [6017], [6591], [5077], [4016], [23600], [4948], [55154], [7306], [6490], [10002], [6295], [55315], [583], [113612], [100151683], [23596]]
Diabetes Bronze:[[3992]]
Storage Disorders Iron:[[3077], [8398], [7124], [6622], [3569], [3091], [348], [2512], [57817], [7040], [4524], [9370], [627], [4846], [79068], [1956], [1401], [2495], [2950], [8074], [23411], [1356], [3576], [3240], [9518], [7852], [2147], [5621], [1593], [960], [811], [6387], [4353], [3557], [407040], [1071], [2539], [5467], [174], [10062], [2597], [659], [1118], [10616]]
Haemochromatoses:[[]]
Von Recklenhausen-Applebaum Disease:[[7450], [5979], [4582], [11093], [7428], [4137], [3717], [28], [7422], [3569], [3949], [1191], [7439], [10544], [2811], [6403], [2099], [4846], [595], [2157], [143], [5594], [6885], [3091], [7157], [3135], [51297], [3043], [324], [3039], [256076], [2033], [4856], [3315], [2056], [2155], [182], [283463], [652], [677], [2158], [1950], [23078], [5728], [1499], [3040], [7099], [5175], [79987], [3576], [3683], [1277], [29126], [340706], [10397], [7852], [2147], [781], [3605], [5045], [92747], [5196], [344875], [1432], [118429], [3690], [8840], [7057], [4745], [80737], [3688], [1280], [1906], [1490], [3791], [2200], [2034], [57685], [3320], [5265], [200403], [650], [959], [2152], [6329], [5599], [682], [391104], [1869], [2538], [4763], [860], [203228], [4586], [3308], [4043], [402117], [23405], [302], [1281], [1958], [221806], [1294], [6401], [3491], [4036], [4035], [107303340], [4627], [768], [3674], [7436], [727897], [947], [3673], [7273], [2621], [7056], [10516], [84876], [5340], [1113], [127731], [2316], [350], [5604], [7520], [2547], [2159], [5320], [7534], [717], [64805], [801], [6390], [6530], [150], [4585], [91851], [6456], [7058], [2192], [81857], [1293], [6392], [3488], [4481], [4638], [4583], [51083], [5648], [5745], [134957], [6571], [406987], [11167], [214], [54583], [6738], [407010], [1690], [3696], [10332], [5873], [11096], [79577], [4605], [4588], [3693], [407011], [6286], [10253], [4148], [8239], [3831], [4644], [3672], [83872], [2199], [6921], [7837], [406961], [2201], [3714], [1290], [57758], [6837], [1292], [3818], [5046], [51232], [4303], [5325], [4147], [29991], [7007], [8839], [8242], [55662], [9635]]
Troisier-Hanot-Chauffard Syndromes:[[7157], [7124], [7040], [1471], [3569], [56983], [7422], [5728], [4879], [1401], [3091], [6774], [3586], [3845], [4524], [7099], [3123], [4790], [672], [4318], [5243], [207], [351], [6532], [8626], [9370], [367], [673], [7421], [3553], [1029], [1557], [3106], [4846], [2475], [3717], [3479], [5290], [596], [3952], [7015], [7852], [4609], [3458], [675], [4137], [999], [3417], [114548], [29126], [3162], [5979], [2146], [5594], [2944], [472], [595], [4193], [3605], [7490], [1493], [2263], [861], [6347], [1026], [335], [332], [5781], [4149], [7450], [2952], [406991], [23411], [4000], [960], [1813], [6387], [3146], [3119], [3077], [3815], [7515], [1565], [6331], [4869], [355], [2932], [1432], [3480], [183], [2322], [142], [3690], [5133], [836], [4282], [1543], [406938], [3784], [3958], [2261], [5595], [3043], [4312], [8743], [2152], [7428], [3557], [3757], [338], [5747], [4893], [4255], [54658], [3265], [929], [54790], [4353], [2332], [1277], [4843], [11093], [3320], [6323], [3039], [406947], [2068], [5265], [7132], [6280], [54106], [1071], [4436], [2260], [23451], [11200], [2778], [1869], [8074], [56729], [3953], [4128], [1788], [3486], [4170], [57817], [3418], [4089], [959], [3643], [3627], [958], [255738], [7291], [5329], [26191], [3198], [2309], [2200], [1387], [9518], [1786], [4763], [4297], [7137], [4615], [1457], [7139], [1116], [116519], [5465], [1385], [2896], [5027], [3559], [3667], [4018], [811], [6390], [2022], [2212], [6794], [2316], [2056], [947], [203228], [5428], [4792], [1050], [268], [3689], [1958], [2214], [6392], [11315], [9212], [7442], [3014], [6786], [6335]]
Von Recklenhausen-Applebaum Diseases:[[7450], [7428], [11093], [4582], [3091], [7157], [51297], [595], [1950], [7422], [3569], [3690], [2034], [2099], [7099], [4846], [3576], [4137], [3717], [3605], [28], [92747], [3135], [29126], [5728], [1499], [1277], [7852], [2157], [5594], [5265], [3791], [2147], [6329], [1490], [2200], [5979], [1906], [1432], [682], [7057], [203228], [2152], [3688], [3039], [959], [3043], [1191], [3320], [5599], [3949], [2033], [6403], [650], [4586], [3308], [1869], [4763], [3315], [4627], [727897], [80274], [4036], [84876], [652], [1281], [1958], [3491], [947], [6401], [4035], [801], [2547], [2316], [10516], [5175], [3673], [7273], [5320], [1113], [7520], [5045], [64805], [6530], [717], [6885], [4583], [6738], [1690], [7439], [11167], [5648], [3488], [54583], [79577], [11096], [407010], [5337], [4588], [144402], [57101], [2201], [6571], [7436], [407011], [4303], [3818], [255743], [3831], [131873], [10874], [6570]]
Bronze diabetes:[[]]
Troisier-Hanot-Chauffard Syndrome:[[3757], [1280], [114548], [3753], [2074], [7157], [348], [1281], [51085], [546], [80184], [7466], [3845], [673], [8481], [5728], [8195], [7486], [641], [2706], [2317], [4292], [91147], [8626], [1540], [4000], [54658], [1161], [7490], [2033], [6331], [4023], [1071], [5781], [4436], [2263], [3643], [7291], [3784], [2261], [2260], [582], [10806], [8085], [10083], [367], [4683], [207], [84062], [3123], [7468], [4647], [4952], [2200], [1029], [7399], [4810], [201163], [2969], [10804], [6949], [7227], [2492], [775], [7840], [2316], [5428], [3730], [5080], [585], [1278], [54487], [5604], [55612], [2121], [811], [5290], [132884], [4281], [116442], [84100], [2812], [5077], [64127], [79068], [6663], [783], [338], [57167], [1130], [9968], [2332], [1277], [3990], [10743], [7456], [19], [2122], [3265], [6737], [84059], [6741], [3481], [6513], [4089], [23111], [2646], [356], [1285], [1387], [26585], [8976], [7504], [1827], [331], [23405], [9401], [65217], [4893], [672], [4692], [9569], [5894], [4277], [6774], [3117], [1401], [1788], [7401], [7128], [3570], [545], [10163], [583], [10682], [124590], [129880], [54808], [27241], [2138], [79738], [4137], [2475], [60], [3897], [5159], [1364], [8091], [5885], [79803], [2811], [2956], [9993], [5460], [4286], [675], [3717], [8220], [80144], [80025], [999], [3973], [79621], [4193], [64135], [1145], [55212], [2645], [27031], [4851], [1493], [10535], [2131], [1910], [7122], [9031], [4853], [1134], [2146], [100188856], [355], [50943], [105259599], [2153], [9652], [10908], [3664], [7020], [8214], [5308], [10062], [8517], [5076], [27019], [5189], [5395], [1287], [1906], [25825], [3759]]
Hemochromatoses:[[]]
HEMOCHROMATOSIS TYPE 1:[[3106], [3077], [348], [54658], [28], [148738], [5444], [6347], [57817], [30061], [10], [3105], [7018], [650], [7137], [2495], [406], [9518], [164656], [3875], [4891], [3856], [7036], [7099], [25861], [9159], [7037], [9415], [540], [4092], [4353], [80339], [8443], [212], [1356], [2512], [4091], [727], [2520], [3136]]
