Hemorrhage into peritoneal cavity:[[3569], [7422], [6387], [4282], [10631]]
Intraperitoneal haemorrhage:[[3569]]
Abdominal apoplexy:[[7422], [3146]]
Hemoperitoneum:[[]]
Hemoperitoneums:[[]]
Intraabdominal hemorrhage:[[1401], [3952], [796]]
Peritoneal hemorrhage:[[1636], [3569], [7422], [7124], [1401], [7040], [4318], [7157], [3091], [3952], [3553], [3146], [7099], [9370], [5054], [2099], [4313], [5728], [627], [4790], [4879], [3383], [3162], [1499], [6387], [332], [406991], [3605], [5444], [177], [6696], [183], [4982], [8074], [3949], [335], [3240], [7076], [338], [3690], [90865], [4282], [4843], [2247], [4316], [7132], [4088], [2321], [56729], [2056], [5327], [2022], [133], [1116], [6403], [7133], [84868], [6280], [3685], [7048], [4087], [3570], [10631], [2149], [197], [7345], [6376], [1524], [358], [4804], [284], [6279], [9173], [5654], [100], [3624], [4015], [6362], [406948], [4256], [574456], [6367], [8639], [6761], [3710], [192343]]
Haemoperitoneum:[[]]
Haemorrhage into peritoneal cavity:[[3569], [682]]
Intraperitoneal hemorrhage:[[3569], [7040], [338], [8074], [51561]]
Peritoneal haemorrhage:[[3569], [4318], [7099], [5054], [4879], [7097], [177], [3690], [682], [3240], [1116]]
