Portosystemic Encephalopathy:[[]]
Hepatocerebral Encephalopathy:[[]]
Hepatocerebral Encephalopathies:[[]]
Portal-Systemic Encephalopathy:[[]]
Hepatocerebral encephalopathy:[[]]
hepatic encephalopathy NOS:[[6774], [3162]]
HE - Hepatic encephalopathy:[[7124], [3569], [6774], [2744]]
Portal systemic encephalopathy:[[]]
Portosystemic Encephalopathies:[[]]
Hepatic Encephalopathy:[[7124], [3569], [6774], [3606], [3162], [6285], [6280], [4684], [2744], [5550]]
Gaustad's syndrome:[[3757], [1280], [114548], [3753], [2074], [7157], [348], [1281], [51085], [546], [80184], [7466], [3845], [673], [8481], [5728], [8195], [7486], [641], [2706], [2317], [4292], [91147], [8626], [1540], [4000], [54658], [1161], [7490], [2033], [6331], [4023], [1071], [5781], [4436], [2263], [3643], [7291], [3784], [2261], [2260], [582], [10806], [8085], [10083], [367], [4683], [207], [84062], [3123], [7468], [4647], [4952], [2200], [1029], [7399], [4810], [201163], [2969], [10804], [6949], [7227], [2492], [775], [7840], [2316], [5428], [3730], [5080], [585], [1278], [54487], [5604], [55612], [2121], [811], [5290], [132884], [4281], [116442], [84100], [2812], [5077], [64127], [79068], [6663], [783], [338], [57167], [1130], [9968], [2332], [1277], [3990], [10743], [7456], [19], [2122], [3265], [6737], [84059], [6741], [3481], [6513], [4089], [23111], [2646], [356], [1285], [1387], [26585], [8976], [7504], [1827], [331], [23405], [9401], [65217], [4893], [672], [4692], [9569], [5894], [4277], [6774], [3117], [1401], [1788], [7401], [7128], [3570], [545], [10163], [583], [10682], [124590], [129880], [54808], [27241], [2138], [79738], [4137], [2475], [60], [3897], [5159], [1364], [8091], [5885], [79803], [2811], [2956], [9993], [5460], [4286], [675], [3717], [8220], [80144], [80025], [999], [3973], [79621], [4193], [64135], [1145], [55212], [2645], [27031], [4851], [1493], [10535], [2131], [1910], [7122], [9031], [4853], [1134], [2146], [100188856], [355], [50943], [105259599], [2153], [9652], [10908], [3664], [7020], [8214], [5308], [10062], [8517], [5076], [27019], [5189], [5395], [1287], [1906], [25825], [3759]]
Transient hepatargy syndrome:[[7157], [348], [5728], [641], [7442], [2706], [8205], [207], [8989], [7490], [2033], [7291], [1029], [367], [4683], [59341], [7225], [162514], [775], [5080], [7223], [79054], [5310], [2332], [7222], [3265], [3481], [4089], [2646], [54795], [1401], [26585], [672], [4137], [1827], [331], [7128], [5894], [545], [2475], [80036], [5460], [999], [5159], [3717], [2811], [4193], [4851], [50943], [2153], [5594], [2645], [7124], [1956], [3569], [7040], [7422], [7276], [1906], [3759], [472], [1588], [595], [5376], [7809], [5447], [4204], [2623], [959], [718], [2099], [3339], [3767], [5156], [4297], [351], [7048], [7046], [7015], [2625], [6786], [9370], [5243], [627], [958], [1487], [4790], [4613], [3091], [3586], [998], [1636], [29850], [3172], [3479], [5468], [4318], [4879], [2022], [3952], [6597], [2247], [6720], [3553], [3576], [652], [6657], [1499], [7099], [3458], [4846], [4593], [182], [5580], [3064], [6622], [2776], [1188], [5743], [9992], [1457], [3146], [4313], [2147], [1557], [801], [6833], [2908], [4609], [7097], [3572], [1813], [6387], [617], [4780], [2065], [7450], [6647], [3383], [154], [5133], [6595], [7528], [177], [6696], [5610], [1000], [2064], [6531], [6390], [1131], [23411], [3934], [1147], [3778], [10916], [1026], [406947], [1462], [1146], [861], [5595], [3708], [2152], [6792], [27161], [4582], [1482], [3480], [1500], [3082], [2322], [1950], [6548], [8074], [6514], [10135], [59272], [7076], [4843], [4508], [3690], [5806], [4210], [3815], [7874], [3752], [796], [23435], [9518], [1947], [948], [1543], [255738], [7412], [1432], [6648], [7098], [6285], [7139]]
Hepatic encephalopathy:[[7124], [3569], [6774], [3606], [3162], [6285], [6280], [4684], [2744], [5550]]
Portal-Systemic Encephalopathies:[[]]
Hepatic Encephalopathies:[[]]
Portal Systemic Encephalopathy:[[]]
