Reimann Periodic Disease:[[3569], [3586], [7132]]
Hereditary Autoinflammatory Disease:[[114548], [3569], [3557], [7124], [3553], [4210], [7132], [5133]]
Hereditary Autoinflammatory Diseases:[[114548], [3553], [7124], [3569], [3557], [4210], [7132], [5133]]
Reimann Periodic Diseases:[[6329], [7132], [64127], [7124], [3569], [3586], [3553], [2099], [9370], [114548], [3576], [3479], [3952], [3350], [406938], [4210], [4282], [3383], [406947], [10135], [56729], [3557], [5879], [387], [2214], [4314], [4615], [331], [6093], [7494], [2547], [9575], [1437], [773], [8737], [10940], [2209], [2495], [477], [2796], [23452], [22900], [259232]]
Hereditary Autoinflammation Diseases:[[3553], [4210], [841], [834]]
Recurrent Fevers Hereditary:[[7132], [114548], [4598]]
Recurrent Fever Hereditary:[[4210], [7157], [3553], [7124], [7132], [1080], [3569], [7422], [7040], [3557], [4524], [1636], [7421], [5054], [1401], [7099], [3717], [4088], [3576], [4598], [3479], [5444], [114548], [6347], [2944], [4780], [3105], [2950], [4282], [57817], [3757], [4982], [7415], [8792], [1361], [2243], [6573], [284], [834], [7010]]
Siegal-Cattan-Mamou Disease:[[1493], [5979], [64127], [11315], [351], [8792], [348], [5071], [1910], [3064], [3586], [6774], [3123], [1029], [6622], [4137], [540], [5310], [3717], [6347], [24], [1201], [6387], [3119], [120892], [335], [7450], [5621], [7422], [3569], [338], [5311], [3949], [3107], [4287], [19], [4023], [5664], [57623], [1071], [3558], [4314], [255738], [4088], [356], [3117], [26191], [1191], [653361], [1586], [958], [26503], [1401], [2629], [4018], [3593], [116519], [6927], [4688], [729230], [3106], [864], [3570], [80339], [7415], [6597], [2244], [59067], [345], [8651], [3115], [10577], [149233], [5314], [6261], [3592], [7957], [1030], [28], [10320], [1234], [3659], [246778], [3990], [4041], [1378], [100048912], [3077], [3383], [6775], [5376], [9173], [2161], [55600], [26058], [7439], [1138], [4361], [4582], [7369], [1956], [1282], [3122], [6653], [4747], [51752], [7124], [4359], [538], [55054], [1136], [6311], [5663], [3931], [3992], [2646], [6584], [337], [9966], [4321], [56606], [217], [1235], [274], [5734], [2524], [7040], [341], [7292], [3953], [4524], [1232], [6272], [5966], [5771], [2308], [54901], [4068], [7332], [8878], [3562], [100507436], [9388], [3084], [2099], [10452], [3559], [6583], [5328], [8301], [1636], [3635], [4693], [1230], [2212], [945], [4318], [29881], [9370], [5243], [367], [4790], [7128], [7421], [64241], [54332], [6403], [1373], [7077], [4846], [94103], [51085], [2243], [10019], [345611], [7015], [4311], [2581], [10221], [56731], [7840], [2876], [940], [6606], [60468], [3595], [2266], [50941], [100359403], [3458], [221692], [10347], [3658], [3133], [2904], [64478], [1394], [64170], [64399], [5594]]
Hereditary Periodic Fever Syndromes:[[]]
Hereditary periodic fever:[[4210], [7132], [3553], [7124], [4598], [3569], [3557], [114548], [3576], [3479], [4282]]
Siegal Cattan Mamou Disease:[[1493], [5979], [64127], [11315], [351], [8792], [348], [5071], [1910], [3064], [3586], [6774], [3123], [1029], [6622], [4137], [540], [5310], [3717], [6347], [24], [1201], [6387], [3119], [120892], [335], [7450], [5621], [7422], [3569], [338], [5311], [3949], [3107], [4287], [19], [4023], [5664], [57623], [1071], [3558], [4314], [255738], [4088], [356], [3117], [26191], [1191], [653361], [1586], [958], [26503], [1401], [2629], [4018], [3593], [116519], [6927], [4688], [729230], [3106], [864], [3570], [80339], [7415], [6597], [2244], [59067], [345], [8651], [3115], [10577], [149233], [5314], [6261], [3592], [7957], [1030], [28], [10320], [1234], [3659], [246778], [3990], [4041], [1378], [100048912], [3077], [3383], [6775], [5376], [9173], [2161], [55600], [26058], [7439], [1138], [4361], [4582], [7369], [1956], [1282], [3122], [6653], [4747], [51752], [7124], [4359], [538], [55054], [1136], [6311], [5663], [3931], [3992], [2646], [6584], [337], [9966], [4321], [56606], [217], [1235], [274], [5734], [2524], [7040], [341], [7292], [3953], [4524], [1232], [6272], [5966], [5771], [2308], [54901], [4068], [7332], [8878], [3562], [100507436], [9388], [3084], [2099], [10452], [3559], [6583], [5328], [8301], [1636], [3635], [4693], [1230], [2212], [945], [4318], [29881], [9370], [5243], [367], [4790], [7128], [7421], [64241], [54332], [6403], [1373], [7077], [4846], [94103], [51085], [2243], [10019], [345611], [7015], [4311], [2581], [10221], [56731], [7840], [2876], [940], [6606], [60468], [3595], [2266], [50941], [100359403], [3458], [221692], [10347], [3658], [3133], [2904], [64478], [1394], [64170], [64399], [5594]]
Hereditary Autoinflammation Disease:[[2161], [3553], [4210], [841], [834]]
