HMSN - Hereditary motor and sensory neuropathy:[[9927], [10342], [3098], [9990], [10397], [79628]]
HSMN - Hereditary sensory and motor neuropathy:[[]]
Herditary Sensory and Motor Neuropathy:[[]]
Neuropathies Hereditary Motor and Sensory:[[5376], [3315], [6335], [7124], [2617], [59341], [4359], [9131], [4747], [54332], [7879], [3094], [22880]]
Hereditary sensory and motor neuropathy:[[5376], [547], [59333], [50989], [101059903], [9927], [2617], [4359], [6335], [3315], [51062], [10342], [3098], [9131], [54332], [7124], [4803], [22948], [8566], [91137], [1312], [3798], [2705], [6622], [3569], [9990], [4747], [79784], [59341], [3094], [9420], [6513], [8139], [23095], [22880], [7879], [10397], [7443], [54840], [3508], [1152], [79628], [23299], [9896]]
HSMN:[[6606], [8487]]
Hereditary sensorimotor neuropathy:[[4359], [4976], [7276], [10342], [4137], [1312], [6622], [4747], [9990], [773], [1785], [26278], [3508]]
CMT - Charcot-Marie-Tooth disease:[[5376], [9927], [4747], [4359], [4311], [54332], [3315], [10397], [3508], [1785], [2617], [7879], [476], [22880], [9516], [79628], [8565], [8898], [121512], [16], [5375], [57716], [2705], [59345], [56704], [9531], [26580], [10801], [3098]]
HMSN:[[10397], [9927], [3098], [10342], [79628], [9990]]
Hereditary Sensory and Motor Neuropathy:[[5376], [547], [59333], [50989], [101059903], [9927], [2617], [4359], [6335], [3315], [51062], [10342], [3098], [9131], [54332], [7124], [4803], [22948], [8566], [91137], [1312], [3798], [2705], [6622], [3569], [9990], [4747], [79784], [59341], [3094], [9420], [6513], [8139], [23095], [22880], [7879], [10397], [7443], [54840], [3508], [1152], [79628], [23299], [9896]]
Hereditary sensory-motor neuropathy:[[8139], [3508]]
