Apocrine acne:[[367], [4311]]
Suppurative Hidradenitides:[[]]
Suppurative Hidradenitis:[[]]
Inversas Acne:[[7124], [5663], [3569], [378938], [3553], [7040], [5950], [7097], [3479], [3673], [7099], [3586], [23385], [1636], [7421], [5468], [367], [627], [2475], [3576], [7042], [7068], [2678], [5292], [6402], [1072], [7039], [3952], [10524], [4313], [6404], [3552], [3605], [332], [8061], [114548], [55851], [3565], [3480], [1643], [3934], [3672], [64127], [3630], [53335], [10468], [5093], [1588], [3937], [64866], [56729], [7072], [5600], [8658], [2308], [8815], [1586], [80198], [1803], [9025], [4296], [1116], [23209], [7133], [6300], [2312], [1794], [7324], [3689], [1589], [3779], [6662], [1240], [50489], [9051], [7077], [6634], [525], [2149], [50616], [9733], [3566], [151648], [4311], [415116], [1474], [4724], [23479], [5914], [1673], [6138], [119], [30008], [23603], [7123], [23395], [1437], [7325], [56992], [9975], [117144], [55600], [1672], [4317], [8742], [30820], [83933], [8994], [7043], [4054], [23523], [23654], [3938], [6278], [23774], [5977], [6637], [2627], [290], [53918], [79660], [7047], [10589], [2299], [51733], [1521], [54716], [54585], [23787], [23384], [22908], [4338], [56666], [23016], [51645], [2687], [344018], [11137], [3283], [56241], [90459], [51304], [85378], [11007], [51449], [9258], [117159], [9158], [51018], [9701], [25907], [79087], [64895], [151516], [221477], [11153], [266727], [11108], [9889], [28512], [79174], [60685], [84908], [693149], [10435], [440822], [84285], [338773], [221476], [83642], [57699], [3293], [55633], [25806], [221472], [54456], [89792], [79096], [121549], [80305], [129049], [693182], [83638], [23625], [400935], [83606], [254102], [10089], [83786], [9671], [154467], [414918], [121551], [221468], [165530], [152024], [157273], [54980], [26825], [255349]]
Hidradenitis suppurativa:[[7124], [3553], [4318], [367], [999], [2475], [4313], [596], [3458], [3605], [64127], [1543], [5663], [114548], [3552], [4210], [6469], [3559], [3593], [6280], [4049], [50616], [6279], [23385], [51561], [1500], [340061], [3428], [29102], [3594], [55851], [54487], [55801], [283871]]
Suppurative hidradenitis:[[]]
Verneuil's disease:[[1493], [5979], [64127], [11315], [351], [8792], [348], [5071], [1910], [3064], [3586], [6774], [3123], [1029], [6622], [4137], [540], [5310], [3717], [6347], [24], [1201], [6387], [3119], [120892], [335], [7450], [5621], [7422], [3569], [338], [5311], [3949], [3107], [4287], [19], [4023], [5664], [57623], [1071], [3558], [4314], [255738], [4088], [356], [3117], [26191], [1191], [653361], [1586], [958], [26503], [1401], [2629], [4018], [3593], [116519], [6927], [4688], [729230], [3106], [864], [3570], [80339], [7415], [6597], [2244], [59067], [345], [8651], [3115], [10577], [149233], [5314], [6261], [3592], [7957], [1030], [28], [10320], [1234], [3659], [246778], [3990], [4041], [1378], [100048912], [3077], [3383], [6775], [5376], [9173], [2161], [55600], [26058], [7439], [1138], [4361], [4582], [7369], [1956], [1282], [3122], [6653], [4747], [51752], [7124], [4359], [538], [55054], [1136], [6311], [5663], [3931], [3992], [2646], [6584], [337], [9966], [4321], [56606], [217], [1235], [274], [5734], [2524], [7040], [341], [7292], [3953], [4524], [1232], [6272], [5966], [5771], [2308], [54901], [4068], [7332], [8878], [3562], [100507436], [9388], [3084], [2099], [10452], [3559], [6583], [5328], [8301], [1636], [3635], [4693], [1230], [2212], [945], [4318], [29881], [9370], [5243], [367], [4790], [7128], [7421], [64241], [54332], [6403], [1373], [7077], [4846], [94103], [51085], [2243], [10019], [345611], [7015], [4311], [2581], [10221], [56731], [7840], [2876], [940], [6606], [60468], [3595], [2266], [50941], [100359403], [3458], [221692], [10347], [3658], [3133], [2904], [64478], [1394], [64170], [64399], [5594]]
Hidradenitis Suppurativa:[[7124], [3553], [4318], [367], [999], [2475], [4313], [596], [3458], [3605], [64127], [1543], [5663], [114548], [3552], [4210], [6469], [3559], [3593], [6280], [4049], [50616], [6279], [23385], [51561], [1500], [340061], [3428], [29102], [3594], [55851], [54487], [55801], [283871]]
Hidradenitis axillaris:[[]]
Inversa Acne:[[5663], [23385], [55851], [50616], [1673], [4317], [6278]]
