HD - Hirschsprung's disease:[[2668]]
Hirschsprung disease:[[5979], [1910], [3084], [404720], [6663], [2668], [2944], [404719], [100188850], [246322], [246321], [2952], [2950], [4851], [1889], [5879], [406938], [1908], [4204], [2335], [650], [6469], [1789], [57620], [3897], [2735], [1555], [5294], [9839], [5727], [3169], [8929], [5649], [406996], [407035], [10371], [3276], [406881], [7414], [89780], [5584], [794], [3589], [4916], [2736], [54716], [2737], [4902], [2566], [9536], [51083], [55454], [407012], [79400], [1848], [23236], [5880], [3782], [10097], [22846], [10096], [5908], [72], [2596], [10576], [406954], [2674], [84740], [1592], [3714], [10512], [6853], [10718], [221002], [9464], [653], [4163], [554202], [80271], [5326], [1826], [8727], [80760], [583], [338917], [27302], [140881], [50650], [223117], [106736614], [7479], [693203], [10791], [140767], [106736613], [114960], [100302212], [192343]]
Hirschsprungs Disease:[[]]
Hirschsprung's Disease:[[5979], [3084], [207], [7852], [5594], [2146], [1432], [2706], [3481], [4204], [2697], [846], [6469], [5156], [1910], [3897], [9839], [121278], [8929], [9131], [2668], [406971], [6663], [406934], [9353], [9378], [407000], [55454], [2273], [6091], [3782], [9201], [406967], [3549], [1641], [619552], [6780], [5324], [104], [3776], [1855], [2674], [8518], [1908], [1857], [4811], [57502], [221002], [10718], [54413], [3215], [9048], [22871], [57369], [90678], [11280], [574441], [171389], [4902], [54716], [57555], [51070], [8110], [100126351], [57520], [11185], [285331], [57657], [5623], [7478], [64096], [27042], [9752], [100463498], [192343]]
Hirschsprung's disease:[[5979], [3084], [207], [7852], [5594], [2146], [1432], [2706], [3481], [4204], [2697], [846], [6469], [5156], [1910], [3897], [9839], [121278], [8929], [9131], [2668], [406971], [6663], [406934], [9353], [9378], [407000], [55454], [2273], [6091], [3782], [9201], [406967], [3549], [1641], [619552], [6780], [5324], [104], [3776], [1855], [2674], [8518], [1908], [1857], [4811], [57502], [221002], [10718], [54413], [3215], [9048], [22871], [57369], [90678], [11280], [574441], [171389], [4902], [54716], [57555], [51070], [8110], [100126351], [57520], [11185], [285331], [57657], [5623], [7478], [64096], [27042], [9752], [100463498], [192343]]
HSCR1:[[5979]]
Megacolon Congenital:[[6663], [404720]]
Aganglionic megacolon:[[404720]]
Congenital (aganglionic) megacolon:[[404720]]
Megacolon Aganglionic:[[404720]]
Congenital aganglionic megacolon:[[404720]]
Hirschsprung Disease:[[5979], [1910], [3084], [404720], [6663], [2668], [2944], [404719], [100188850], [246322], [246321], [2952], [2950], [4851], [1889], [5879], [406938], [1908], [4204], [2335], [650], [6469], [1789], [57620], [3897], [2735], [1555], [5294], [9839], [5727], [3169], [8929], [5649], [406996], [407035], [10371], [3276], [406881], [7414], [89780], [5584], [794], [3589], [4916], [2736], [54716], [2737], [4902], [2566], [9536], [51083], [55454], [407012], [79400], [1848], [23236], [5880], [3782], [10097], [22846], [10096], [5908], [72], [2596], [10576], [406954], [2674], [84740], [1592], [3714], [10512], [6853], [10718], [221002], [9464], [653], [4163], [554202], [80271], [5326], [1826], [8727], [80760], [583], [338917], [27302], [140881], [50650], [223117], [106736614], [7479], [693203], [10791], [140767], [106736613], [114960], [100302212], [192343]]
MEGACOLON AGANGLIONIC:[[404720]]
MGC:[[7157], [1956], [7124], [348], [4524], [7422], [3569], [7040], [2064], [3091], [207], [351], [5728], [5743], [4318], [6774], [9370], [3845], [627], [3123], [4790], [7421], [3553], [1499], [4846], [999], [1312], [1080], [3576], [6622], [5468], [7015], [4609], [3106], [3479], [596], [3952], [7852], [2944], [3458], [675], [4193], [3717], [4313], [332], [2952], [920], [25900], [2950], [5594], [595], [5054], [3146], [2475], [1234], [6347], [4780], [1026], [4879], [7515], [6647], [7097], [23411], [2147], [960], [1493], [3105], [1813], [6387], [2153], [3119], [3815], [2908], [3162], [5970], [1557], [3383], [154], [6696], [2146], [355], [2100], [50943], [3606], [5925], [3135], [2932], [1432], [3565], [335], [7450], [183], [177], [142], [6714], [5979], [406991], [51738], [857], [3688], [2706], [64127], [4292], [836], [5621], [3630], [79068], [1543], [3417], [1906], [6648], [6667], [9429], [5879], [3958], [3077], [5595], [3043], [10413], [4312], [1027], [324], [8626], [8743], [3934], [3725], [185], [3557], [4000], [3075], [581], [338], [4282], [2068], [1588], [5747], [3949], [4255], [238], [387], [5071], [929], [5663], [4982], [7490], [2033], [3107], [23435], [2332], [6772], [1869], [1277], [2157], [2067], [7428], [2247], [6331], [6934], [4869], [3552], [7276], [3757], [4023], [4204], [1815], [3039], [5265], [5241], [3356], [213], [3064], [841], [10], [54106], [217], [1071], [3558], [2321], [5781], [3265], [4436], [2697], [7316], [6790], [1471], [10891], [3065], [2152], [3309], [1577], [3953], [4128], [6352], [3481], [3486], [4170], [5347], [2263], [8842], [4089]]
HIRSCHSPRUNG DISEASE:[[5979], [1910], [3084], [404720], [6663], [2668], [2944], [404719], [100188850], [246322], [246321], [2952], [2950], [4851], [1889], [5879], [406938], [1908], [4204], [2335], [650], [6469], [1789], [57620], [3897], [2735], [1555], [5294], [9839], [5727], [3169], [8929], [5649], [406996], [407035], [10371], [3276], [406881], [7414], [89780], [5584], [794], [3589], [4916], [2736], [54716], [2737], [4902], [2566], [9536], [51083], [55454], [407012], [79400], [1848], [23236], [5880], [3782], [10097], [22846], [10096], [5908], [72], [2596], [10576], [406954], [2674], [84740], [1592], [3714], [10512], [6853], [10718], [221002], [9464], [653], [4163], [554202], [80271], [5326], [1826], [8727], [80760], [583], [338917], [27302], [140881], [50650], [223117], [106736614], [7479], [693203], [10791], [140767], [106736613], [114960], [100302212], [192343]]
HIRSCHSPRUNG DISEASE SUSCEPTIBILITY TO 1:[[5979], [3084], [9839], [2944], [4851], [2950], [650], [2335], [2952], [5879], [1910], [1889], [404720], [5294], [1555], [54716], [23236], [5727], [10371], [100188850], [2674], [80271], [1592], [406881], [2736], [5649], [9536], [3782], [4204], [1789], [406938], [6663], [55454], [2668], [57620], [3169], [89780], [406996], [1826], [140767], [221002], [1908], [2566], [8929], [7414], [4916], [51083], [5880], [2737], [406954], [50650], [140881], [10718], [2596], [10791], [9464], [653], [4163], [114960], [223117], [693203], [192343]]
HSCR:[[1910], [5979], [207], [3084], [5594], [6469], [5080], [9314], [2735], [7080], [10371], [8929], [2668], [9839], [406907], [406942], [5584], [4583], [406989], [7033], [10000], [9378], [8313], [2273], [23236], [406909], [100316868], [1959], [84432], [1856], [57492], [22846], [3209], [6324], [25803], [406908], [9775], [1908], [128674], [10576], [1592], [10718], [8487], [22871], [1826], [80271], [5349], [171389], [10887], [51070], [693222], [442914], [223117], [23060], [404720], [7478], [64096], [106736613], [100302212], [192343]]
Congenital megacolon:[[]]
Aganglionosis:[[5979], [6663], [1910], [7414], [794], [10791], [404720], [114960]]
