Letterer-Siwe Disease:[[]]
Chronic differentiated progressive histiocytosis:[[4254], [7124], [7157], [673], [3553], [50943], [22943], [3815], [6696], [595], [3557], [4288], [4893], [1436]]
Langerhans cell histiocytosis poly-ostotic:[[7157], [673], [7124], [3553], [5290], [595], [50943], [841], [4893], [3805]]
Non Lipid Reticuloendotheliosis:[[]]
Generalized histiocytosis of bones:[[]]
Hand-Schueller-Christian Disease:[[3123]]
Langerhans-Cell Granulomatosis:[[]]
Multifocal and unisystemic Langerhans cell histiocytosis:[[673], [7157], [3557], [7124], [3553], [238], [5604], [909]]
Hand-Schüller-Christian Disease:[[3123]]
Schüller-Christian syndrome:[[1161], [3123], [3119]]
Type 2 Histiocytoses:[[673], [29126], [5604]]
LCH - Langerhan's cell histiocytosis:[[]]
Reticuloendotheliosis Non-Lipid:[[]]
Histiocytosis X syndrome:[[]]
Hand Schueller Christian Syndrome:[[]]
Letterer Siwe Disease:[[]]
Reticuloendothelioses Non-Lipid:[[3569], [7040], [3565], [7048], [7037], [7046], [23621], [3566], [6778], [10211], [5803]]
Syndrome Hand-Schueller-Christian:[[3123]]
Generalised histiocytosis of bones:[[4982], [8600]]
Langerhans-cell histiocytosis NOS:[[]]
LCH:[[673], [7124], [3605], [4893], [5604], [3976], [3589], [10298], [3805], [909], [3714]]
Hand Schueller Christian Disease:[[]]
Syndrome Hand-Schüller-Christian:[[3123]]
Chronic histiocytosis X:[[]]
Histiocytoses Generalized:[[]]
Histiocytosis-X:[[]]
LANGERHANS CELL HISTIOCYTOSIS:[[7157], [673], [7124], [3553], [3605], [3717], [5290], [595], [4851], [3815], [6696], [50943], [3557], [238], [4288], [4982], [2322], [8600], [841], [4893], [5604], [22943], [10631], [4684], [5175], [5777], [8837], [9332], [1236], [1435], [8772], [4254], [1436], [3459], [1235], [3704], [7307], [3805], [909], [4091], [2323], [50489], [3714], [369], [140685]]
Histiocytosis Generalized:[[5290], [7124], [3605], [3553], [50943], [3557], [4893]]
Chronic idiopathic xanthomatosis:[[9971]]
Hand-Schuller-Christian disease:[[3123]]
Systemic Aleukemic Reticuloendothelioses:[[5133], [3123], [7100], [3117], [7128], [2113], [3684], [3119], [3663], [6775], [919], [3569], [7292], [9474], [7332], [10318], [3394], [640], [3918], [23534], [10320], [1493], [7157], [1636], [4282], [1813], [960], [3665], [7124], [11277], [26191], [7422], [1445], [7040], [639], [2212], [4846], [2064], [4855], [2099], [3586], [1956], [4318], [6774], [9370], [1401], [348], [7421], [3553], [1027], [4524], [7099], [5156], [4879], [3576], [54899], [3479], [29126], [3091], [3952], [3115], [627], [3458], [207], [4790], [10665], [55024], [1906], [5444], [2213], [1234], [6347], [3605], [22806], [5468], [367], [7097], [5243], [64695], [3106], [351], [57661], [3146], [3815], [2908], [7852], [3383], [6696], [3845], [355], [50943], [4204], [3606], [5054], [221895], [3717], [3135], [185], [5743], [1380], [57705], [2475], [4313], [672], [1029], [4153], [2690], [177], [406991], [5728], [2944], [3934], [1499], [3557], [404714], [3565], [596], [114548], [26298], [406938], [23411], [3552], [9232], [673], [6387], [54887], [4780], [1312], [3118], [54106], [2952], [3558], [920], [1773], [3075], [6648], [999], [3627], [1026], [1080], [335], [154], [3958], [7515], [6622], [170682], [718], [4312], [4982], [10135], [6647], [3162], [6532], [8743], [7076], [2147], [4609], [3596], [56729], [6352], [675], [4137], [90865], [4193], [4582], [959], [213], [958], [332], [941], [7450], [1997], [3082], [51176], [1557], [51738], [5594], [3559], [5806], [1786], [796], [406947], [57817], [59272], [3122], [10673], [282849], [192679], [192677], [100379200], [100322878], [100196918], [100190928], [100188804], [100188803], [100188798], [183], [929], [3120], [6772]]
Langerhans Cell Histiocytosis:[[7157], [673], [7124], [3553], [3605], [3717], [5290], [595], [4851], [3815], [6696], [50943], [3557], [238], [4288], [4982], [2322], [8600], [841], [4893], [5604], [22943], [10631], [4684], [5175], [5777], [8837], [9332], [1236], [1435], [8772], [4254], [1436], [3459], [1235], [3704], [7307], [3805], [909], [4091], [2323], [50489], [3714], [369], [140685]]
Hand Schüller Christian Syndrome:[[3123]]
Langerhans cell disease:[[1029], [3586], [3569], [4851], [7157], [3815], [7040], [7124], [6352], [4254], [6774], [3717], [595], [999], [6347], [857], [5175], [5777], [1030], [8842], [3562], [1969], [6927], [2322], [4684], [50943], [50489], [5133], [5468], [1234], [10563], [3553], [4170], [4790], [29126], [1235], [3685], [912], [3398], [3630], [6351], [1435], [5967], [1236], [80380], [3596], [655], [6362], [841], [9235], [4070], [3600], [5079], [558], [25939], [909], [4311], [406938], [8600], [5027], [7097], [1437], [3805], [1436], [947], [7099], [3557], [7490], [5290], [9308], [3456], [673], [9076], [23405], [4988], [1050], [3605], [4982], [4057], [3852], [22943], [85480], [3643], [3620], [8772], [5604], [302], [3694], [51284], [10631], [6696], [54106], [7098], [6364], [4087], [238], [4288], [10664], [8837], [51311], [196], [5562], [6688], [796], [4893], [7276], [3118], [4091], [3601], [3714], [970], [1673], [2312], [3459], [2641], [820], [9547], [9332], [3661], [59340], [2205], [3696], [169026], [5563], [6506], [3704], [5971], [3603], [85363], [57556], [1644], [146433], [2323], [3120], [9447], [7307], [5729], [140685], [56300], [5078], [5608], [5346], [60343], [2829], [58985], [553], [1944], [54097], [6252], [5539], [23390], [222545], [23057], [9392]]
Langerhans Cell Histiocytoses:[[29126], [673], [5604]]
Langerhans Cell Granulomatosis:[[]]
Langerhans Cell Granulomatoses:[[3815], [7157], [1029], [3586], [4851], [3569], [4254], [6352], [7040], [595], [999], [857], [7124], [5777], [5175], [1969], [50489], [2322], [8842], [50943], [5133], [10563], [5468], [3553], [3398], [912], [4170], [4684], [6774], [29126], [3717], [3685], [6351], [6347], [5967], [655], [4070], [80380], [1236], [6362], [1030], [5079], [9878], [841], [9235], [3562], [25939], [909], [3600], [4790], [558], [3805], [406938], [3630], [9308], [6927], [7097], [1436], [1234], [947], [7099], [3596], [7490], [5290], [3456], [9076], [673], [23405], [1050], [3605], [1435], [8772], [22943], [3643], [5604], [3620], [8600], [1437], [3694], [5027], [302], [10631], [6696], [1235], [54106], [6364], [7098], [4087], [3557], [238], [4288], [8837], [6693], [6688], [196], [3852], [5562], [796], [3714], [4988], [4893], [970], [4057], [4982], [4311], [85480], [7276], [59340], [3696], [3661], [51284], [10664], [1673], [5971], [820], [9547], [2312], [3459], [85363], [2641], [2205], [9332], [5563], [51311], [4091], [2323], [169026], [3704], [6506], [3603], [1644], [3601], [9447], [7307], [140685], [5078], [146433], [56300], [5608], [57556], [5346], [5729], [3118], [60343], [58985], [369], [2829], [3120], [1944], [414325], [553], [54097], [5539], [6252], [23390], [222545], [23057], [9392]]
Hand-Schüller-Christian disease:[[3123]]
Langerhans-Cell Histiocytosis:[[7157], [673], [7124], [3553], [3605], [3717], [5290], [595], [4851], [3815], [6696], [50943], [3557], [238], [4288], [4982], [2322], [8600], [841], [4893], [5604], [22943], [10631], [4684], [5175], [5777], [8837], [9332], [1236], [1435], [8772], [4254], [1436], [3459], [1235], [3704], [7307], [3805], [909], [4091], [2323], [50489], [3714], [369], [140685]]
Type 2 Histiocytosis:[[841], [2322], [3717], [7124], [3459], [3557], [5979], [5777], [1236], [10631], [50489], [4893], [4254], [3553], [7157], [673], [8837], [4982], [238], [3714], [8600], [4851], [3605], [50943], [5290], [595], [3815], [6696], [1235], [4684], [4288], [5604], [4091], [8772], [22943], [51284], [9332], [7307], [5175], [3683], [1436], [55315], [1435], [51311], [909], [3704], [3687], [3799], [2323], [140685]]
Langerhans cell granulomatosis:[[]]
Histiocytosis X:[[]]
Langerhans cell histiocytosis multifocal:[[673], [7157], [3557], [7124], [3553], [238], [5604], [909]]
Langerhans cell histiocytosis no International Classification of Diseases for Oncology subtype:[[]]
Schuller-Christian syndrome:[[1161], [3123], [3119]]
Langerhans cell histiocytosis:[[7157], [673], [7124], [3553], [3605], [3717], [5290], [595], [4851], [3815], [6696], [50943], [3557], [238], [4288], [4982], [2322], [8600], [841], [4893], [5604], [22943], [10631], [4684], [5175], [5777], [8837], [9332], [1236], [1435], [8772], [4254], [1436], [3459], [1235], [3704], [7307], [3805], [909], [4091], [2323], [50489], [3714], [369], [140685]]
Schueller Christian Disease:[[]]
Chronic disseminated histiocytosis X:[[]]
Schueller-Christian Disease:[[]]
Differentiated progressive histiocytosis:[[4254], [7157], [7124], [673], [3553], [595], [3815], [4288], [50943], [6696], [3557], [4893], [22943], [1436], [3683]]
Langerhans cell histiocytosis polyostotic:[[]]
Hand Schüller Christian Disease:[[3123]]
Langerhan's cell histiocytosis:[[]]
Langerhans cell histiocytosis no ICD-O subtype:[[4851]]
Systemic Aleukemic Reticuloendotheliosis:[[5971]]
