Human T-cell lymphotropic virus (HTLV) 1 infection:[[3123], [4790], [4261], [5744]]
Human T-lymphotropic Virus 1 Infection:[[29110], [340061]]
Infection HTLV-I:[[6774], [7157], [7422], [3569], [7040], [4318], [3123], [4790], [3586], [207], [3458], [7015], [3570], [3383], [50943], [355], [6352], [101180976], [4851], [84868], [3552], [23405], [841], [6513], [7128], [4982], [2247], [3600], [3956], [959], [7295], [467], [301], [8517], [3654], [8837], [8772], [54790], [3567], [3662], [9232], [23705], [572], [9308], [917]]
Human T lymphotropic Virus 1 Infection:[[29110], [340061]]
Human T-cell lymphotropic virus 1 infection:[[]]
Human T-lymphotropic virus 1 infection:[[29110], [340061]]
Human T-lymphotropic Virus 1 Infections:[[340061], [29110]]
HTLV 1 infection:[[6513], [6774], [282617], [7157], [7422], [4790], [7124], [207], [5867], [7040], [3383], [50943], [29126], [3586], [4318], [5970], [355], [3553], [3605], [29110], [3458], [3146], [7015], [3106], [596], [3105], [5133], [1026], [4153], [3135], [5594], [1493], [4609], [3606], [60489], [406938], [627], [581], [3596], [3725], [472], [30835], [114548], [177], [6696], [4843], [332], [6622], [3558], [7098], [22914], [100507436], [1385], [684], [3661], [10018], [3456], [2146], [3320], [3659], [25], [2547], [8829], [7431], [1147], [6667], [8651], [25939], [4792], [3065], [598], [3428], [340061], [4088], [5788], [1387], [975], [8678], [1524], [2833], [998], [85363], [6382], [5300], [1050], [4363], [5777], [10747], [4087], [1244], [6598], [6597], [361], [282618], [3732], [3925], [200315], [9641], [3178], [1235], [5744], [6624], [23705], [4277], [6885], [7251], [5245], [468], [9582], [10015], [3603], [3683], [4747], [330], [3662], [3578], [11277], [840], [602], [8290], [83737], [5745], [51744], [10197], [6097], [6367], [57447], [970], [7293], [5966], [164668], [6839], [6693], [23513], [3384], [597], [5359], [9025], [79813], [27183], [8784], [6047], [8887], [81609], [22809], [11143], [23645], [9525], [9046], [3438]]
Infections HTLV I:[[3569], [7157], [3586], [3458], [7040], [6774], [4790], [3123], [4318], [207], [7015], [3383], [8772], [355], [50943], [3552], [6352], [84868], [959], [3570], [3600], [3654], [3567], [9308]]
Human T lymphotropic Virus 1 Infections:[[340061], [29110]]
HTLV I infection:[[3569], [3586], [50943], [4982], [3956], [84868], [7295], [301], [3567], [9308], [917]]
Infections HTLV-I:[[3569], [7157], [3586], [3458], [7040], [6774], [4790], [3123], [4318], [207], [7015], [3383], [8772], [355], [50943], [3552], [6352], [84868], [959], [3570], [3600], [3654], [3567], [9308]]
