Broad Beta Disease:[[]]
Fredrickson type III hyperlipoproteinaemia:[[337]]
Hyperlipoproteinemia Broad-beta:[[348], [3949]]
Dysbetalipoproteinemia:[[348], [4023], [3931]]
Familial hypercholesterolaemia with hyperlipaemia:[[338], [3949], [255738], [4023], [351], [9370], [4018], [1071], [26119], [4547]]
Broad beta disease:[[]]
Primary dysbetalipoproteinaemia:[[348]]
Primary dysbetalipoproteinemia:[[348], [4023], [3931]]
Familial Dysbetalipoproteinemia:[[348], [4023], [3931]]
Type III Hyperlipoproteinemia:[[348], [4023], [255738], [116519], [4524], [338328]]
Remnant hyperlipidemia:[[348], [4023], [338], [51599], [9370], [7422], [3091], [3949], [335], [1071], [116519], [345], [948], [4018], [4035], [405], [336]]
Familial hypercholesterolemia with hyperlipemia:[[338]]
Hyperlipoproteinemia Broad beta:[[348], [3949]]
Familial hyperbetalipoproteinaemia and hyperprebetalipoproteinaemia:[[338], [6331], [4254], [8792], [672], [8647], [675], [7157], [5205], [5621], [324], [348], [3949], [114548], [79577], [255738], [4210], [7139], [2099], [7137], [5468], [999], [116519], [3717], [3845], [1540], [5551], [5979], [207], [335], [5728], [4000], [5663], [19], [7428], [4023], [861], [8074], [59], [472], [5649], [3119], [11200], [846], [5290], [3077], [6323], [841], [3784], [351], [1956], [3123], [7273], [2200], [213], [3043], [1029], [5888], [4625], [7124], [4638], [2056], [6622], [773], [4088], [7040], [7422], [7046], [5243], [6927], [4137], [3039], [3643], [2034], [4763], [1636], [7253], [9414], [2057], [79728], [7015], [6334], [3117], [4524], [7369], [4878], [3569], [3172], [7048], [4629], [6647], [4771], [4607], [1312], [5155], [7128], [6262], [7517], [3815], [7168], [9365], [2690], [567], [9370], [4352], [367], [673], [9971], [3785], [120892], [153], [5244], [545], [3553], [2064], [2243], [8517], [112476], [1499], [7099], [4624], [627], [7421], [1285], [5741], [6532], [5327], [477], [3091], [100329167], [79179], [8105], [3586], [6833], [3106], [1536], [5972], [4193], [4790], [5444], [3040], [5071], [1000], [5743], [23435], [4318], [3973], [23385], [1401], [7276], [5054], [100188842], [50968], [580], [3576], [3762], [4693], [3875], [3759], [59341], [554188], [4015], [2776], [1080], [5573], [5376], [117084], [4851], [3458], [595], [1813], [7043], [619536], [619478], [619468], [619411], [619399], [541461], [406216], [338030], [337892], [252843], [252842], [84434], [81865], [56797], [50947], [8249], [8144], [2475], [8438], [5245], [3479], [8989], [1138], [2896], [3952], [6329], [2950], [100499532]]
Remnant hyperlipoproteinaemia:[[]]
FAMILIAL HYPERCHOLESTEROLEMIA WITH HYPERLIPEMIA:[[338]]
Remnant hyperlipidaemia:[[335], [1071], [345], [116519], [341]]
Carbohydrate induced hyperlipaemia:[[3958], [3576], [3146], [5806], [3303], [9976], [7128], [51085], [64581], [3964], [9469], [7130], [4166], [3569], [1116], [207], [9370], [1956], [811], [7099], [23411], [307], [7124], [26253], [3586], [4524], [55277], [93978], [2475], [4780], [154], [351], [23601], [3952], [5468], [3845], [673], [51738], [51363], [3553], [1029], [10462], [6320], [3630], [4582], [4137], [3479], [3480], [30835], [3458], [4018], [1432], [6347], [8829], [3934], [960], [4233], [3956], [387836], [3558], [4153], [2908], [338], [2153], [217], [26291], [335], [7450], [183], [836], [653499], [1906], [2157], [5310], [117248], [581], [6934], [3643], [79068], [155], [1588], [166012], [1728], [5209], [3949], [929], [3559], [780], [19], [9365], [4035], [1950], [2152], [3309], [6513], [2645], [10135], [356], [1756], [7018], [4023], [6441], [11093], [57817], [22914], [4973], [2056], [3667], [3965], [1071], [5579], [5562], [2641], [4067], [6401], [6403], [6480], [7494], [3673], [6720], [5950], [1118], [208], [947], [4586], [94025], [22925], [949], [2194], [6198], [2597], [10020], [1000], [6402], [406971], [1991], [2155], [118], [231], [174], [9971], [8862], [350], [3418], [8828], [10628], [4852], [2208], [6517], [3099], [5906], [406996], [4921], [116519], [6520], [653509], [3915], [345], [942], [2159], [125], [3973], [6928], [284217], [28], [4240], [80339], [4254], [2739], [7350], [10630], [3290], [7031], [6404], [2821], [7941], [197], [56606], [2589], [7352], [9575], [23643], [5020], [1634], [6653], [967], [3920], [6781], [821], [1462], [10971], [1081], [4585], [7364], [176], [2548], [6195], [3990], [4583], [2524]]
Familial type III hyperlipoproteinaemia:[[337]]
Familial Hypercholesterolemia with Hyperlipemia:[[338]]
HYPERLIPOPROTEINEMIA TYPE III:[[]]
Floating beta disease:[[7422], [4524], [10382], [5743], [999], [3685], [5604], [5894]]
Apolipoprotein E deficiency:[[348], [338], [116519], [335], [5054], [4609], [344], [2147], [4524], [350], [920], [336], [3952], [5360], [55937], [2153], [19], [3077], [3075], [718], [351], [5265], [4353], [9370], [2155], [5340], [4023], [7040], [7422], [5468], [949], [3990], [4137], [2159], [2099], [6774], [2944], [1401], [23411], [2160], [627], [7018], [1756], [1071], [1636], [6622], [590], [4846], [1026], [255738], [5443], [5230], [7099], [1312], [7941], [720], [5444], [596], [6772], [3949], [3690], [857], [1356], [3240], [3630], [387], [3931], [2638], [6667], [5663], [5465], [3172], [4160], [2629], [10], [5578], [50943], [3309], [4763], [3329], [540], [23621], [5950], [4323], [3375], [567], [406938], [302], [735], [6288], [6927], [4547], [5467], [6462], [7415], [4854], [1509], [2], [2934], [54209], [5649], [2266], [538], [12], [9619], [2494], [7391], [2081], [6414], [7436], [1270], [6272], [27329], [2220], [5291], [8029], [506], [407039], [1103], [26154]]
Familial dysbetalipoproteinaemia:[[348]]
Familial type 3 hyperlipoproteinaemia:[[337]]
Fredrickson type III hyperlipoproteinemia:[[348], [4023], [255738], [116519], [4524], [338328]]
Familial type 3 hyperlipoproteinemia:[[348], [116519], [255738], [3949], [4023], [1636], [4018], [4524], [338328]]
Carbohydrate induced hyperlipemia:[[338]]
Familial hyperbetalipoproteinemia and hyperprebetalipoproteinemia:[[338], [6331], [4254], [8792], [672], [8647], [675], [7157], [5205], [5621], [324], [348], [3949], [114548], [79577], [255738], [4210], [7139], [2099], [7137], [5468], [999], [116519], [3717], [3845], [1540], [5551], [5979], [207], [335], [5728], [4000], [5663], [19], [7428], [4023], [861], [8074], [59], [472], [5649], [3119], [11200], [846], [5290], [3077], [6323], [841], [3784], [351], [1956], [3123], [7273], [2200], [213], [3043], [1029], [5888], [4625], [7124], [4638], [2056], [6622], [773], [4088], [7040], [7422], [7046], [5243], [6927], [4137], [3039], [3643], [2034], [4763], [1636], [7253], [9414], [2057], [79728], [7015], [6334], [3117], [4524], [7369], [4878], [3569], [3172], [7048], [4629], [6647], [4771], [4607], [1312], [5155], [7128], [6262], [7517], [3815], [7168], [9365], [2690], [567], [9370], [4352], [367], [673], [9971], [3785], [120892], [153], [5244], [545], [3553], [2064], [2243], [8517], [112476], [1499], [7099], [4624], [627], [7421], [1285], [5741], [6532], [5327], [477], [3091], [100329167], [79179], [8105], [3586], [6833], [3106], [1536], [5972], [4193], [4790], [5444], [3040], [5071], [1000], [5743], [23435], [4318], [3973], [23385], [1401], [7276], [5054], [100188842], [50968], [580], [3576], [3762], [4693], [3875], [3759], [59341], [554188], [4015], [2776], [1080], [5573], [5376], [117084], [4851], [3458], [595], [1813], [7043], [619536], [619478], [619468], [619411], [619399], [541461], [406216], [338030], [337892], [252843], [252842], [84434], [81865], [56797], [50947], [8249], [8144], [2475], [8438], [5245], [3479], [8989], [1138], [2896], [3952], [6329], [2950], [100499532]]
Type III Hyperlipoproteinemias:[[1281], [1277], [4846], [1278], [3791], [23405], [7049], [4000], [2322], [252995], [26191], [1280], [7422], [2065], [2152], [949], [4261], [348], [4318], [29102], [3569], [5789], [5054], [109], [1735], [5297], [2064], [7048], [5298], [3586], [7156], [4481], [7227], [6331], [5468], [1576], [200576], [23411], [5119], [7468], [1029], [80207], [3708], [960], [774], [4055], [999], [64778], [1646], [3630], [5159], [6328], [1786], [7046], [7434], [4968], [2475], [2950], [4879], [1026], [5329], [8028], [5979], [4292], [1493], [64135], [218], [778], [7474], [79068], [6311], [5289], [3990], [7399], [6335], [53833], [1294], [3757], [255738], [4843], [2066], [79187], [57497], [84624], [775], [4436], [51702], [22862], [7276], [145581], [2214], [823], [5788], [617], [78999], [3454], [6513], [1289], [4281], [6326], [5624], [6690], [92565], [91156], [64838], [948], [841], [2904], [3479], [80128], [3459], [345193], [55800], [83856], [7150], [3303], [5797], [1728], [7133], [1537], [3455], [133584], [3101], [538], [8912], [6310], [7450], [5122], [11277], [186], [7381], [5800], [1045], [1282], [9780], [824], [1290], [7385], [4023], [981], [7045], [57633], [1030], [4604], [2903], [123722], [3710], [3728], [4914], [7040], [6716], [11156], [57622], [3875], [4915], [10381], [10273], [4868], [7124], [10371], [3558], [7187], [6712], [79025], [79414], [5792], [3568], [10935], [162282], [3425], [5580], [54674], [4359], [2972], [84232], [6005], [781], [5795], [100507588], [2316], [478], [1303], [637], [115123], [8720], [1291], [6908], [23410], [780], [130507], [4504], [3043], [5818], [776], [5796], [2335], [5803], [8200], [3315], [27089]]
Remnant hyperlipoproteinemia:[[348], [4023], [116519], [3949], [338328], [4018], [344]]
Dysbetalipoproteinaemia:[[348]]
