Hyperlipemias:[[]]
HLD - Hyperlipidaemia:[[]]
Hyperlipidemia unspecified:[[348], [2099], [7422], [7124], [4790], [5468], [3091], [7391], [6387], [2335], [3667], [9970]]
Lipidaemia:[[]]
Hyperlipemia:[[338]]
Lipidemia:[[4790]]
Hyperlipidaemia:[[3569], [5468], [5444], [335], [6934], [1071], [4353], [255738], [116519], [1050], [345], [5467], [337], [55937], [341], [2303], [5629], [10221], [8882], [84811]]
Hyperlipidemias:[[348], [2908], [4023], [29881]]
HLD - Hyperlipidemia:[[]]
Hyperlipidemia:[[348], [4023], [9370], [7124], [4524], [7422], [3569], [2099], [7391], [3091], [5468], [1401], [4790], [7099], [4846], [28515], [5444], [3479], [3952], [338], [1234], [6387], [5054], [6347], [4879], [1565], [7097], [335], [1557], [3949], [177], [79068], [1543], [116519], [1559], [1576], [255738], [1071], [406938], [6352], [406947], [2335], [718], [10135], [4314], [56729], [948], [196], [5465], [4323], [3667], [4018], [57817], [4615], [6401], [4035], [345], [10599], [406906], [155], [5741], [5176], [8856], [6720], [1030], [2167], [4878], [4552], [5972], [5167], [5742], [1604], [55600], [51129], [1003], [1649], [2169], [1356], [2621], [405], [231], [10628], [6517], [4040], [3931], [4547], [6319], [7498], [5008], [3060], [336], [1667], [9388], [4837], [57104], [1581], [4986], [407012], [9970], [5473], [57412], [27329], [7423], [6258], [1363], [442915], [1668], [2181], [113278], [27202], [51703], [29116], [57787], [51599], [3995], [114884]]
