HYPERLIPOPROTEINEMIA TYPE IV:[[]]
Pure hyperglyceridaemia:[[6687], [7157], [1956], [348], [7422], [2064], [2099], [3123], [4318], [3845], [673], [7015], [5728], [6622], [3106], [29126], [596], [3815], [6647], [1813], [3119], [2100], [50943], [120892], [4582], [2332], [6714], [6648], [6667], [6531], [10413], [7490], [23435], [3791], [1576], [238], [5663], [3082], [1277], [6683], [5578], [1950], [2152], [4988], [6513], [5460], [2261], [1756], [4210], [5566], [2521], [23405], [6323], [2056], [116519], [203228], [268], [6662], [174], [7474], [4976], [773], [92140], [407006], [3575], [121278], [7078], [5155], [4067], [3880], [10643], [2130], [6311], [1281], [9927], [2057], [54209], [2516], [2185], [668], [3676], [6736], [1540], [1621], [2346], [6335], [7416], [407007], [3326], [3708], [51311], [823], [2875], [1647], [6595], [1082], [3762], [3490], [9582], [477], [362], [27429], [57016], [6310], [4920], [5469], [3337], [23345], [8910], [26278], [51062], [5967], [55145], [1729], [54880], [10606], [914], [3670], [6336], [29978], [3798], [6314], [1824], [5205], [2990], [547], [25814], [6620], [25978], [8913], [83756], [11160], [8635], [400916], [4358], [8022], [3229], [9048], [90993], [123606], [65055], [146057], [4885], [4124], [80834], [50846], [11280], [126129], [3300], [54476], [51271], [63035], [26065], [55187], [63973], [394263], [167465], [3891], [729359], [724066], [10079], [51308], [121391], [57198], [724110], [140907]]
Hyperlipemia Carbohydrate-Inducible:[[]]
Hypertriglyceridemia Familial:[[338], [116519], [348], [4023], [56797], [3949], [5468], [335], [3077], [7124], [1636], [4524], [3569], [5054], [7421], [5444], [1401], [7276], [3576], [2944], [3479], [336], [6347], [1071], [27329], [857], [3630], [345], [9429], [3606], [51083], [185], [6648], [718], [3991], [5950], [948], [5465], [3667], [6720], [155], [2167], [2289], [2876], [4547], [63924], [2169], [80781], [6319], [6555], [338328]]
Fredrickson type IV lipidemia:[[4790]]
Hyperlipemias Carbohydrate-Inducible:[[3576], [26253], [6347], [3146], [5806], [1728], [7128], [7031], [5209], [10457], [7130], [9255], [3569], [7124], [7425], [207], [2475], [1956], [335], [3458], [3553], [5468], [3586], [4780], [3845], [7099], [673], [351], [4582], [1029], [3952], [23411], [3479], [2056], [3558], [2908], [3630], [3480], [3956], [4233], [1432], [183], [7018], [6934], [836], [1906], [581], [3949], [26291], [3309], [6513], [57817], [22914], [4035], [1756], [1950], [2152], [10135], [3965], [3418], [3303], [5579], [2155], [174], [6403], [6928], [7941], [4586], [8862], [1991], [9971], [10628], [7494], [176], [3920], [79679], [2821], [1755], [6515], [6317], [1374], [6523], [3821], [5163], [9122], [3824], [57704], [10956], [5210], [3795], [192343]]
HYPERTRIGLYCERIDEMIA FAMILIAL:[[338], [116519], [348], [4023], [56797], [3949], [5468], [335], [3077], [7124], [1636], [4524], [3569], [5054], [7421], [5444], [1401], [7276], [3576], [2944], [3479], [336], [6347], [1071], [27329], [857], [3630], [345], [9429], [3606], [51083], [185], [6648], [718], [3991], [5950], [948], [5465], [3667], [6720], [155], [2167], [2289], [2876], [4547], [63924], [2169], [80781], [6319], [6555], [338328]]
Type IV Hyperlipoproteinemia:[[348], [4018], [344]]
Fredrickson type IV lipidaemia:[[4318], [2645], [1281], [4313], [948], [57192], [6329], [1282], [3481], [1280], [1277], [2065], [1287], [1285], [1278], [7422], [773], [23569], [1286], [1284], [2064], [6323], [3569], [5054], [814], [3676], [83998], [348], [1288], [6331], [27090], [5468], [3586], [3852], [3295], [302], [1803], [3557], [1029], [2066], [185], [10087], [1786], [999], [8912], [23411], [5444], [8028], [5979], [1522], [4292], [3791], [5329], [6335], [778], [1910], [3757], [3630], [58], [3172], [775], [4436], [57194], [6513], [6326], [1294], [4323], [6927], [1045], [6330], [4035], [4880], [7520], [4914], [1728], [2237], [4128], [7045], [10195], [4261], [196883], [6606], [6737], [85363], [10079], [6928], [6716], [57205], [1327], [11156], [250], [337], [780], [3558], [374868], [4868], [1909], [6324], [5340], [51548], [51752], [1528], [5125], [7421], [2890], [7124], [7040], [706], [1956], [641], [10059], [2152], [57574], [5587], [7809], [5629], [5728], [1804], [5336], [4311], [2720], [6741], [2335], [1537], [7157], [10549], [3858], [3952], [8913], [5987], [91039], [762], [64421], [26047], [57628], [472], [6347], [3084], [9927], [51547], [6647], [335], [8671], [4012], [6387], [3107], [6521], [226], [6663], [4018], [3845], [6622], [581], [176], [6991], [673], [857], [3690], [836], [5646], [1027], [406991], [338], [3914], [54878], [4790], [4747], [3717], [3039], [2099], [3091], [6445], [6774], [2806], [81559], [11330], [672], [627], [959], [57509], [183], [56658], [51127], [207], [10661], [8911], [53833], [5243], [7099], [57817], [958], [7852], [7903], [4160], [7481], [2956], [3575], [1312], [3553], [3688]]
Inducible Hyperlipemia Carbohydrate:[[]]
Fredrickson's hyperlipoproteinemia type IV:[[]]
Inducible Hyperlipemias Carbohydrate:[[3576], [26253], [6347], [3146], [5806], [1728], [7128], [7031], [5209], [10457], [7130], [9255], [3569], [7124], [7425], [207], [2475], [1956], [335], [3458], [3553], [5468], [3586], [4780], [3845], [7099], [673], [351], [4582], [1029], [3952], [23411], [3479], [2056], [3558], [2908], [3630], [3480], [3956], [4233], [1432], [183], [7018], [6934], [836], [1906], [581], [3949], [26291], [3309], [6513], [57817], [22914], [4035], [1756], [1950], [2152], [10135], [3965], [3418], [3303], [5579], [2155], [174], [6403], [6928], [7941], [4586], [8862], [1991], [9971], [10628], [7494], [176], [3920], [79679], [2821], [1755], [6515], [6317], [1374], [6523], [3821], [5163], [9122], [3824], [57704], [10956], [5210], [3795], [192343]]
Endogenous hyperlipidemia:[[348], [7124], [7422], [4023], [3569], [2099], [3091], [5468], [4790], [9370], [7099], [3479], [4846], [7391], [177], [7097], [1401], [6387], [6347], [3952], [5054], [1234], [1565], [196], [335], [4879], [1557], [1543], [5465], [1576], [3949], [406906], [2335], [255738], [406938], [6352], [406947], [1071], [56729], [4314], [4018], [4615], [57817], [10599], [5741], [4035], [8856], [6720], [4878], [5742], [55600], [1356], [10628], [2621], [4547], [6517], [4040], [3931], [7498], [4986], [407012], [9970], [7423], [6258], [442915], [2181], [57787]]
Fredrickson type IV hyperlipoproteinemia:[[348], [4018], [344]]
CARBOHYDRATE-INDUCIBLE HYPERLIPEMIA:[[]]
Hyper prebeta lipoproteinemia:[[]]
Endogenous hyperlipaemia:[[8862], [30816], [7157], [2086], [1956], [7124], [7422], [64006], [5867], [3569], [7040], [100506013], [2099], [3091], [351], [6774], [627], [4790], [3105], [3553], [405754], [5728], [1499], [7099], [5243], [207], [6622], [5468], [7015], [4609], [367], [348], [4137], [3479], [672], [3576], [3586], [3272], [596], [2064], [11148], [100775105], [4318], [4846], [1080], [79581], [2944], [7852], [642934], [3146], [1026], [3123], [5743], [9370], [3458], [673], [2100], [999], [56925], [1029], [3135], [177], [3106], [7097], [100616101], [5594], [3845], [2475], [108004538], [106128902], [4780], [66004], [55065], [340900], [23411], [2147], [1401], [4193], [1636], [4313], [6667], [406991], [960], [6387], [6347], [1312], [7421], [100271846], [2950], [29126], [5879], [2908], [3952], [3162], [8626], [595], [472], [5054], [2932], [3064], [2952], [5071], [920], [6532], [23435], [154], [4233], [3606], [675], [3077], [1234], [3717], [3605], [3565], [100288413], [387], [3480], [5595], [60489], [3725], [51738], [2146], [378938], [4988], [105376906], [5925], [120892], [196], [407040], [1906], [332], [3815], [25], [3265], [1027], [8743], [449619], [5970], [1565], [4843], [3630], [4282], [1813], [650], [2153], [3107], [7442], [3958], [5290], [4879], [183], [286151], [7515], [2697], [6647], [1869], [1557], [2247], [3383], [6696], [3552], [147664], [4851], [3486], [1543], [5747], [4582], [6657], [1432], [3558], [7161], [55096], [2056], [335], [5465], [406937], [5663], [10413], [3082], [2332], [6714], [3791], [3557], [2308], [50943], [5328], [1576], [5621], [5241], [328], [90625], [861], [5599], [11168], [9429], [54658], [4982], [4312], [2033], [1471]]
Familial Type IV Hyperlipoproteinemia:[[348], [4018]]
Endogenous hyperlipidaemia:[[3569], [5468], [335], [255738], [1071], [4353], [5467], [337], [341]]
Endogenous hyperlipemia:[[]]
Familial Hyperlipoproteinemia Type 4:[[348], [255738], [4023], [116519], [3949], [4018], [1636], [4524], [338328]]
Hyperprebetalipoproteinemia:[[]]
Type IV Hyperlipoproteinemias:[[4318], [2645], [1281], [4313], [948], [57192], [6329], [1282], [3481], [1280], [1277], [2065], [1287], [1285], [1278], [7422], [773], [23569], [1286], [1284], [2064], [6323], [3569], [5054], [814], [3676], [83998], [348], [1288], [6331], [27090], [5468], [3586], [3852], [3295], [302], [1803], [3557], [1029], [2066], [185], [10087], [1786], [999], [8912], [23411], [5444], [8028], [5979], [1522], [4292], [3791], [5329], [6335], [778], [1910], [3757], [3630], [58], [3172], [775], [4436], [57194], [6513], [6326], [1294], [4323], [6927], [1045], [6330], [4035], [4880], [7520], [4914], [1728], [2237], [4128], [7045], [10195], [4261], [196883], [6606], [6737], [85363], [10079], [6928], [6716], [57205], [1327], [11156], [250], [337], [780], [3558], [374868], [4868], [1909], [6324], [5340], [51548], [51752], [1528], [5125], [7421], [2890], [7124], [7040], [706], [1956], [641], [10059], [2152], [57574], [5587], [7809], [5629], [5728], [1804], [5336], [4311], [2720], [6741], [2335], [1537], [7157], [10549], [3858], [3952], [8913], [5987], [91039], [762], [64421], [26047], [57628], [472], [6347], [3084], [9927], [51547], [6647], [335], [8671], [4012], [6387], [3107], [6521], [226], [6663], [4018], [3845], [6622], [581], [176], [6991], [673], [857], [3690], [836], [5646], [1027], [406991], [338], [3914], [54878], [4790], [4747], [3717], [3039], [2099], [3091], [6445], [6774], [2806], [81559], [11330], [672], [627], [959], [57509], [183], [56658], [51127], [207], [10661], [8911], [53833], [5243], [7099], [57817], [958], [7852], [7903], [4160], [7481], [2956], [3575], [1312], [3553], [3688]]
Very-low-density-lipoprotein-type [VLDL] hyperlipoproteinemia:[[]]
Familial hypertriglyceridemia:[[116519], [6555]]
Endogenous hyperglyceridemia:[[8862], [30816], [7157], [2086], [1956], [7124], [7422], [64006], [5867], [3569], [7040], [100506013], [2099], [3091], [351], [6774], [627], [4790], [3105], [3553], [405754], [5728], [1499], [7099], [5243], [207], [6622], [5468], [7015], [4609], [367], [348], [4137], [3479], [672], [3576], [3586], [3272], [596], [2064], [11148], [100775105], [4318], [4846], [1080], [79581], [2944], [7852], [642934], [3146], [1026], [3123], [5743], [9370], [3458], [673], [2100], [999], [56925], [1029], [3135], [177], [3106], [7097], [100616101], [5594], [3845], [2475], [108004538], [106128902], [4780], [66004], [55065], [340900], [23411], [2147], [1401], [4193], [1636], [4313], [6667], [406991], [960], [6387], [6347], [1312], [7421], [100271846], [2950], [29126], [5879], [2908], [3952], [3162], [8626], [595], [472], [5054], [2932], [3064], [2952], [5071], [920], [6532], [23435], [154], [4233], [3606], [675], [3077], [1234], [3717], [3605], [3565], [100288413], [387], [3480], [5595], [60489], [3725], [51738], [2146], [378938], [4988], [105376906], [5925], [120892], [196], [407040], [1906], [332], [3815], [25], [3265], [1027], [8743], [449619], [5970], [1565], [4843], [3630], [4282], [1813], [650], [2153], [3107], [7442], [3958], [5290], [4879], [183], [286151], [7515], [2697], [6647], [1869], [1557], [2247], [3383], [6696], [3552], [147664], [4851], [3486], [1543], [5747], [4582], [6657], [1432], [3558], [7161], [55096], [2056], [335], [5465], [406937], [5663], [10413], [3082], [2332], [6714], [3791], [3557], [2308], [50943], [5328], [1576], [5621], [5241], [328], [90625], [861], [5599], [11168], [9429], [54658], [4982], [4312], [2033], [1471]]
Familial hypertriglyceridaemia:[[348], [116519], [4023], [345], [338328]]
Hyperlipidemia group B:[[338], [3569], [6387], [2099], [4790], [5468], [4879], [5444], [10135], [6258], [1604], [5465], [948], [7391], [348], [7124], [231], [3091], [7099], [4023], [9370], [7422], [4524], [7423], [3479], [5473], [1401], [4846], [6347], [1234], [5054], [7097], [3952], [6352], [3949], [335], [406947], [2335], [1557], [177], [718], [406938], [2621], [1071], [196], [1576], [1565], [56729], [1543], [4615], [1559], [255738], [3667], [57817], [1030], [10599], [4323], [116519], [406906], [4035], [4314], [6401], [155], [4552], [6720], [5167], [7498], [4040], [345], [4547], [1356], [5972], [1649], [1003], [405], [10628], [51129], [5008], [4878], [2169], [1667], [3060], [6517], [3931], [336], [51703], [27329], [4986], [4837], [113278], [3995]]
Pure hyperglyceridemia:[[6687], [7157], [1956], [348], [7422], [2064], [2099], [3123], [4318], [3845], [673], [7015], [5728], [6622], [3106], [29126], [596], [3815], [6647], [1813], [3119], [2100], [50943], [120892], [4582], [2332], [6714], [6648], [6667], [6531], [10413], [7490], [23435], [3791], [1576], [238], [5663], [3082], [1277], [6683], [5578], [1950], [2152], [4988], [6513], [5460], [2261], [1756], [4210], [5566], [2521], [23405], [6323], [2056], [116519], [203228], [268], [6662], [174], [7474], [4976], [773], [92140], [407006], [3575], [121278], [7078], [5155], [4067], [3880], [10643], [2130], [6311], [1281], [9927], [2057], [54209], [2516], [2185], [668], [3676], [6736], [1540], [1621], [2346], [6335], [7416], [407007], [3326], [3708], [51311], [823], [2875], [1647], [6595], [1082], [3762], [3490], [9582], [477], [362], [27429], [57016], [6310], [4920], [5469], [3337], [23345], [8910], [26278], [51062], [5967], [55145], [1729], [54880], [10606], [914], [3670], [6336], [29978], [3798], [6314], [1824], [5205], [2990], [547], [25814], [6620], [25978], [8913], [83756], [11160], [8635], [400916], [4358], [8022], [3229], [9048], [90993], [123606], [65055], [146057], [4885], [4124], [80834], [50846], [11280], [126129], [3300], [54476], [51271], [63035], [26065], [55187], [63973], [394263], [167465], [3891], [729359], [724066], [10079], [51308], [121391], [57198], [724110], [140907]]
Fredrickson type IV hyperlipoproteinaemia:[[337]]
