Hairiness:[[]]
Hypertrichosis (hirsutism):[[]]
Excessive hairiness:[[203547], [7040], [7157], [3569], [7124], [7422], [1956], [351], [3586], [3091], [1401], [4790], [3576], [672], [3952], [6774], [9370], [5468], [367], [627], [207], [7421], [1080], [5743], [4318], [1499], [7099], [3845], [673], [1312], [6622], [7015], [5728], [3458], [4137], [6532], [595], [3605], [4780], [596], [3162], [3717], [4313], [2908], [5970], [23411], [2147], [5594], [472], [3146], [1432], [1026], [3077], [7515], [6647], [2146], [4851], [4233], [1813], [2153], [183], [1559], [51738], [1557], [154], [6696], [355], [50943], [3606], [79068], [5925], [120892], [4582], [114548], [3565], [387], [3480], [4312], [177], [142], [1277], [3791], [8074], [2706], [5133], [836], [1906], [406938], [5879], [3043], [10413], [8626], [8743], [3934], [3725], [185], [2247], [4128], [3075], [1576], [406947], [4282], [54106], [217], [5663], [7490], [2033], [6790], [2322], [3065], [23435], [6772], [3953], [6331], [8600], [841], [5599], [3558], [2321], [5781], [2697], [7076], [1869], [2152], [1786], [4763], [56729], [3309], [846], [2263], [4968], [650], [7132], [10673], [8878], [328], [7098], [5888], [3784], [10135], [356], [5329], [59272], [2261], [3308], [4323], [3620], [1387], [5806], [1803], [3315], [2308], [2784], [5111], [648], [3559], [3667], [4297], [2521], [2022], [57817], [5950], [2155], [6615], [7046], [6280], [5371], [7048], [2056], [5591], [6935], [203228], [5176], [80339], [1994], [268], [285], [4160], [3303], [4615], [1111], [7351], [11315], [7442], [5562], [50616], [30835], [5327], [6795], [7415], [10631], [5080], [6093], [2244], [1280], [3329], [153], [1051], [801], [7249]]
Polytrichia:[[]]
Excessive hair growth:[[7422], [7040], [1956], [3569], [2263], [3791], [7048], [51738], [2252], [5617], [7157], [367], [7124], [596], [627], [2258], [3952], [1499], [9370], [4851], [5970], [672], [7015], [5594], [7421], [1401], [6647], [472], [8626], [595], [1026], [4780], [4313], [3953], [2706], [3624], [2697], [3065], [538], [5329], [285], [6615], [7249], [2056], [407021], [3784], [7098], [7442], [4160], [406958], [10763], [3549], [8737], [1462], [1269], [5732], [7227], [776], [873], [192343]]
Excessive growth of hair:[[7422], [7040], [1956], [3569], [2263], [3791], [7048], [51738], [2252], [5617], [7157], [367], [7124], [596], [627], [2258], [3952], [1499], [9370], [4851], [5970], [672], [7015], [5594], [7421], [1401], [6647], [472], [8626], [595], [1026], [4780], [4313], [3953], [2706], [3624], [2697], [3065], [538], [5329], [285], [6615], [7249], [2056], [407021], [3784], [7098], [7442], [4160], [406958], [10763], [3549], [8737], [1462], [1269], [5732], [7227], [776], [873], [192343]]
Hypertrichosis unspecified:[[4297]]
Hypertrichiasis:[[]]
Hypertrichoses:[[]]
excess hair:[[8924], [1588], [1956], [7157], [7124], [3952], [7040], [7422], [9370], [3569], [672], [1029], [7253], [3479], [1401], [7421], [538], [4851], [5594], [472], [595], [4313], [3383], [1234], [1026], [51738], [3953], [10891], [3791], [1559], [3265], [2697], [5500], [5241], [3784], [6657], [4160], [1017], [285], [3624], [7249], [2149], [1634], [6716], [1462], [89780], [4926], [27122], [8644], [412], [57412], [776], [439]]
Hirsutism - hypertrichosis:[[]]
Polytrichosis:[[]]
Hypertrichosis:[[3342], [3341], [100302716], [100188785], [4297], [6469], [6662], [50801], [23461], [7227], [10060], [55315], [54345], [6658], [2258], [106049962]]
