Familial combined hyperlipidaemia:[[5468], [255738], [116519], [335], [3569], [5444], [6934], [1071], [5629], [1050], [10221], [345], [337], [2303]]
FAMILIAL COMBINED HYPERLIPIDEMIA:[[348], [9370], [4790], [5468], [5054], [5444], [335], [4023], [338], [2335], [718], [255738], [116519], [5465], [3667], [948], [7391], [155], [1030], [2167], [2169], [10628], [4547], [6319], [7498], [336], [57104], [6258], [27202], [3995], [114884]]
Familial multiple lipoprotein-type hyperlipidemia:[[]]
Multiple Lipoprotein-Type Hyperlipidemia:[[]]
Hyperlipidemia Familial Combined:[[338], [4023], [348], [3949], [2099], [5468], [255738], [116519], [7391], [335], [7124], [7422], [4524], [9370], [3569], [3091], [1401], [7099], [4790], [5444], [5054], [3479], [1543], [3952], [5972], [6347], [27329], [7097], [4018], [406938], [336], [1071], [718], [1557], [1576], [2335], [1030], [5465], [4314], [948], [57817], [3667], [345], [4323], [155], [6720], [4035], [5176], [2167], [4547], [2169], [10628], [6319], [7498], [3995], [57104], [6258], [27202], [114884]]
FCHL3:[[]]
Hyperlipidemia Multiple Lipoprotein Type:[[348], [4023], [3949], [255738], [9388], [338], [4018], [335], [4035], [1071], [5468], [948], [116519], [7422], [5054], [345], [3569], [5444], [79068], [4846], [3479], [2099], [4879], [9370], [1401], [4790], [4323], [3667], [27329], [7124], [3952], [2167], [177], [56729], [6347], [7099], [3091], [4524], [2335], [718], [7097], [406938], [5465], [406947], [4615], [3931], [4040], [51129], [10135], [6720], [55600], [1581]]
Multiple Lipoprotein-Type Hyperlipidemias:[[]]
Familial combined hyperlipidemia:[[348], [9370], [4790], [5468], [5054], [5444], [335], [4023], [338], [2335], [718], [255738], [116519], [5465], [3667], [948], [7391], [155], [1030], [2167], [2169], [10628], [4547], [6319], [7498], [336], [57104], [6258], [27202], [3995], [114884]]
HYPERLIPIDEMIA FAMILIAL COMBINED 3:[[5468], [2099], [348], [3949], [116519], [338], [4023], [1576], [718], [255738], [335], [27329], [5465], [4314], [948], [155], [4035], [9370], [7391], [3995], [7124], [10628], [7422], [4524], [3569], [7097], [3091], [6258], [4790], [3479], [1401], [7099], [1030], [5444], [3952], [5054], [1543], [406938], [2335], [5972], [6347], [3667], [1071], [336], [1557], [4018], [6720], [345], [4323], [57817], [5176], [2167], [4547], [7498], [6319], [2169], [57104], [114884], [27202]]
Hyperlipidemias Familial Combined:[[348], [4023], [2908]]
Familial multiple lipoprotein-type hyperlipidaemia:[[]]
