Hypersensitivities Delayed:[[]]
Gell and Coombs reaction type IV:[[4318], [4313], [948], [6329], [1277], [3481], [7422], [2065], [1285], [3569], [1286], [2064], [5054], [3676], [348], [6331], [3586], [5468], [3557], [1029], [2066], [8912], [999], [1786], [23411], [5444], [1910], [3630], [6513], [4880], [1728], [2237], [6606], [7124], [1909], [1528], [1956], [5340], [7421], [2890], [7040], [641], [7157], [10549], [2335], [3952], [6647], [335], [472], [64421], [6347], [406991], [673], [6663], [4790], [3845], [6622], [836], [581], [7099], [3091], [2806], [338], [627], [6774], [2099], [672], [959], [5243], [6532], [958], [57817], [1312], [3576], [5743], [1401], [7153], [7852], [5371], [3688], [4609], [6714], [29126], [7015], [355], [1080], [596], [3605], [2147], [960], [3162], [3146], [1234], [5594], [2908], [1432], [4582], [920], [238], [4893], [50943], [2191], [5133], [4780], [1490], [64127], [3383], [6696], [2157], [1813], [1588], [2321], [3417], [2146], [7057], [718], [2312], [4282], [5595], [5888], [19], [2247], [3329], [7412], [4255], [5328], [4988], [6469], [3240], [5478], [1890], [5591], [6657], [6531], [135], [5566], [3309], [125], [9217], [1815], [2641], [406913], [2212], [2260], [6778], [6382], [4613], [11186], [5321], [5423], [1048], [4361], [4683], [4179], [467], [940], [5648], [6288], [3931], [7980], [23643], [361], [4830], [100133941], [121278], [51426], [1644], [1591], [7849], [308], [54210], [6688], [1392], [2512], [7100], [10563], [5896], [7432], [10111], [4017], [2072], [5868], [23236], [7784], [57016], [3959], [406979], [6781], [1773], [6373], [79092], [10537], [5142], [2822], [192343]]
Hypersensitivity Delayed:[[3106], [7124], [7157], [627], [351], [6774], [7099], [672], [1029], [1312], [3553], [3458], [3717], [6532], [2944], [675], [4313], [6647], [6347], [718], [3605], [3146], [3480], [142], [3606], [5133], [2932], [1559], [3075], [114548], [9429], [4282], [4869], [4988], [2260], [3117], [2212], [10673], [2641], [9021], [847], [84868], [2149], [641], [2177], [186], [1901], [56852], [192343]]
Tuberculin-Type Hypersensitivities:[[]]
Type IV Hypersensitivities:[[]]
Delayed hypersensitivity reaction:[[3458]]
Tuberculin Type Hypersensitivity:[[]]
Tuberculin-Type Hypersensitivity:[[]]
Hypersensitivity reaction type IV:[[4313], [1029], [2890], [7124], [641], [7157], [6647], [6347], [7099], [2099], [6774], [627], [672], [1312], [6532], [3605], [2908], [3146], [4582], [718], [5133], [64127], [4282], [2247], [4988], [6531], [125], [2641], [2212], [2260], [1591], [7784], [7100], [192343]]
Cell-mediated immune reaction:[[4790], [6774], [4609], [958], [5594], [3106], [3458], [50943], [7412], [4615], [3105], [4602], [5734], [1591], [1594], [79679], [3135], [921], [7124], [3087], [7157], [1493], [3569], [1234], [64127], [9173], [100507436], [5133], [920], [3586], [84868], [3146], [1956], [3576], [29126], [3606], [3605], [3565], [1401], [3091], [7040], [90865], [2064], [4282], [10859], [940], [2475], [6347], [7852], [4851], [8651], [929], [3383], [3952], [5743], [6622], [941], [54106], [3162], [959], [355], [2099], [3620], [567], [5806], [6352], [4582], [2157], [3627], [8600], [1432], [332], [2146], [960], [5788], [7490], [3329], [4179], [5595], [3122], [5551], [60489], [3684], [2335], [3265], [3725], [7295], [682], [2321], [19], [6778], [100133941], [5295], [721], [25937], [3976], [910], [563], [653509], [9308], [11251], [4860], [23135], [3263], [10850], [2648], [27087], [192343]]
Type IV Hypersensitivity:[[2625], [2529], [7784], [53833]]
