Hyperpotassemias:[[]]
Potassium [K] overload:[[3783], [3091], [9370], [6622], [7097], [4878], [1432], [10891], [114548], [1906], [1471], [801], [6548], [407040], [59272], [4842], [5027], [7226], [187]]
Raised serum potassium level:[[9370], [1401], [3091], [5243], [6647], [3605], [5728], [4544], [6622], [1906], [1080], [1471], [114548], [6285], [356], [11093], [5747], [4878], [1585]]
Hyperkalemic syndrome:[[6329], [8452], [65266], [26249]]
Hyperkalaemia:[[3758], [1188], [7809], [26249]]
Hyperkalaemic syndrome:[[3757], [1280], [114548], [3753], [2074], [7157], [348], [1281], [51085], [546], [80184], [7466], [3845], [673], [8481], [5728], [8195], [7486], [641], [2706], [2317], [4292], [91147], [8626], [1540], [4000], [54658], [1161], [7490], [2033], [6331], [4023], [1071], [5781], [4436], [2263], [3643], [7291], [3784], [2261], [2260], [582], [10806], [8085], [10083], [367], [4683], [207], [84062], [3123], [7468], [4647], [4952], [2200], [1029], [7399], [4810], [201163], [2969], [10804], [6949], [7227], [2492], [775], [7840], [2316], [5428], [3730], [5080], [585], [1278], [54487], [5604], [55612], [2121], [811], [5290], [132884], [4281], [116442], [84100], [2812], [5077], [64127], [79068], [6663], [783], [338], [57167], [1130], [9968], [2332], [1277], [3990], [10743], [7456], [19], [2122], [3265], [6737], [84059], [6741], [3481], [6513], [4089], [23111], [2646], [356], [1285], [1387], [26585], [8976], [7504], [1827], [331], [23405], [9401], [65217], [4893], [672], [4692], [9569], [5894], [4277], [6774], [3117], [1401], [1788], [7401], [7128], [3570], [545], [10163], [583], [10682], [124590], [129880], [54808], [27241], [2138], [79738], [4137], [2475], [60], [3897], [5159], [1364], [8091], [5885], [79803], [2811], [2956], [9993], [5460], [4286], [675], [3717], [8220], [80144], [80025], [999], [3973], [79621], [4193], [64135], [1145], [55212], [2645], [27031], [4851], [1493], [10535], [2131], [1910], [7122], [9031], [4853], [1134], [2146], [100188856], [355], [50943], [105259599], [2153], [9652], [10908], [3664], [7020], [8214], [5308], [10062], [8517], [5076], [27019], [5189], [5395], [1287], [1906], [25825], [3759]]
Hyperkalemia:[[6696], [183], [5578], [4306], [6559], [65266], [26249], [7830]]
Hyperpotassaemia:[[]]
Potassium excess:[[3784], [3762], [9370], [1956], [1401], [1080], [154], [6622], [1813], [4137], [10891], [2122], [1234], [1026], [11093], [6331], [5747], [387], [2078], [54209], [10142], [3312], [150], [8542], [1839], [118], [776], [5999], [6750]]
K overload:[[1513], [3783], [7157], [348], [351], [3091], [3569], [7040], [5594], [7124], [4609], [2475], [3553], [9370], [5468], [2932], [1432], [6622], [7099], [114548], [23411], [3162], [3075], [9429], [10631], [185], [213], [5599], [8074], [9518], [4023], [2321], [1471], [4314], [407040], [30061], [5027], [2022], [801], [3303], [8837], [7249], [7466], [6548], [5321], [2495], [654], [5598], [1118], [5592], [6546], [6523], [9780], [55503], [133522], [192343]]
Hyperkalemias:[[]]
K excess:[[3845], [3784], [3486], [2744], [3762], [7157], [348], [7422], [1956], [3479], [207], [351], [7124], [7040], [9370], [5594], [4023], [3569], [1080], [3952], [4318], [1029], [5290], [3291], [672], [3553], [3123], [4790], [19], [2475], [3265], [1026], [5595], [6774], [6622], [1559], [324], [7421], [3383], [7099], [999], [3576], [2332], [6532], [595], [23411], [6696], [3146], [6347], [387], [1462], [472], [3630], [1813], [5925], [1234], [3162], [1557], [4851], [3958], [3791], [7450], [7076], [5747], [590], [4982], [2697], [8074], [1017], [328], [3949], [2321], [9518], [1277], [5241], [3064], [6657], [1387], [6352], [7077], [5080], [2022], [1586], [5111], [632], [4904], [948], [6794], [7253], [6382], [2272], [4691], [4627], [7249], [2149], [2162], [6720], [1000], [8529], [3485], [186], [5573], [118], [5447], [3069], [30061], [5216], [7272], [9619], [7334], [4926], [5605], [654], [6750], [2695], [133522], [84206], [84937]]
Potassium overload:[[3783], [3091], [9370], [6622], [7097], [4878], [1432], [10891], [114548], [1906], [1471], [801], [6548], [407040], [59272], [4842], [5027], [7226], [187]]
Hyperpotassemia:[[]]
Potassium [K] excess:[[3784], [3762], [9370], [1956], [1401], [1080], [154], [6622], [1813], [4137], [10891], [2122], [1234], [1026], [11093], [6331], [5747], [387], [2078], [54209], [10142], [3312], [150], [8542], [1839], [118], [776], [5999], [6750]]
