Movement Hyperkinetic:[[2902], [120892], [6347], [3082], [6857], [6323], [5428], [111], [10846]]
Movements Hyperkinetic:[[2902], [6844], [6857], [774], [7701], [111]]
Hyperkinetic movements:[[2902], [6844], [774], [6857], [7701]]
Increased purposeful goal-directed activity:[[]]
Motor Hyperactivity:[[3767]]
Hyperactive:[[1956], [7040], [3569], [3845], [6774], [1312], [5243], [627], [207], [7421], [6622], [4846], [2475], [6532], [3717], [6531], [4780], [1815], [1813], [1432], [2908], [5970], [2146], [2932], [3725], [857], [3356], [2033], [23435], [6331], [5241], [4088], [718], [11093], [1017], [2305], [5027], [7046], [6786], [4087], [2078], [3767], [3350], [153], [1814], [4842], [3925], [2547], [4306], [240], [102], [6776], [3290], [7158], [23410], [29110], [64135], [6885], [326], [3572], [1621], [150], [51548], [919], [6337], [688], [1012], [3099], [7879], [2571], [26585], [406941], [9641], [5592], [1605], [4986], [1816], [84433], [9869], [5861], [10019], [1453], [6300], [11059], [8744], [51701], [7915], [22978], [79792], [3833], [9439], [685], [23409], [6419], [10522], [285195], [406886], [56670], [259307], [84309], [50632], [388015], [4412]]
Hyperkinesis:[[]]
HA - Hyperactivity:[[3038], [627], [1312], [6532], [351], [121278], [5243], [6531], [4790], [2944], [5290], [2952], [2950], [3596], [2746], [3359]]
Hyperactive behaviour:[[1956], [6532], [1312], [7040], [627], [2475], [3717], [6531], [1815], [4780], [1813], [2146], [3356], [2932], [857], [3350], [7158]]
Hyperactivity:[[1815], [627], [1312], [6532], [4023], [348], [4524], [121278], [4842], [351], [672], [1789], [2272], [6531], [2064], [367], [4691], [4318], [9370], [5243], [4137], [1813], [450087], [3123], [4790], [6622], [7015], [2944], [8797], [450090], [450089], [450088], [100190791], [100190790], [27086], [4128], [3603], [5054], [5290], [2952], [2908], [2950], [54600], [1816], [154], [4017], [355], [2932], [3690], [53335], [6921], [9429], [3958], [22919], [3356], [6480], [2915], [387], [5071], [23435], [2332], [4204], [6530], [10891], [3065], [4988], [658], [411], [6616], [1756], [1803], [3596], [1786], [3315], [2308], [1621], [1457], [150], [5295], [2011], [5021], [6469], [2069], [3350], [6285], [10673], [55959], [4160], [3767], [1814], [1139], [7249], [54575], [1804], [8793], [2897], [54576], [2289], [6720], [57504], [4212], [5294], [84876], [2904], [2066], [2194], [7345], [1812], [9575], [1020], [590], [7979], [2013], [4067], [3358], [3038], [1012], [4306], [4041], [7166], [2259], [285195], [6548], [7454], [5649], [3164], [3351], [10681], [2668], [1356], [5020], [6869], [4129], [2900], [2213], [2902], [407029], [10814], [8741], [2903], [4040], [580], [2166], [23090], [10919], [6337], [9509], [6915], [55037], [1742], [112476], [2746], [255239], [93986], [79071], [5924], [406], [412], [3359], [5730], [3672], [5313], [28232], [1390], [89797], [93100], [57412], [9002], [6822], [165140], [51297], [5739], [55328], [54495], [9211], [6844], [5520], [221178], [201134], [117583], [91782], [2775], [27183], [10458], [124274], [1407], [4010], [54386], [9607], [23284], [10655], [154141], [9463], [608], [147], [28964], [171425], [1188], [344148], [10276]]
Hyperkinesia:[[111]]
Hyperactive behavior:[[627], [1813], [1956], [6774], [7040], [6532], [2475], [3845], [1312], [1815], [6622], [6531], [1621], [3569], [5243], [207], [7046], [2908], [1814], [3356], [2146], [4846], [3350], [3717], [2932], [4780], [5970], [3725], [857], [2033], [6331], [5241], [4088], [2305], [1017], [4306], [4842], [2078], [2571], [3767], [6776], [3925], [102], [150], [1012], [23410], [6337], [4986], [406941], [1605], [9869], [6300], [22978], [56670]]
