Hypoesthesia (reduced sensation):[[]]
Tactile Hypesthesias:[[]]
Hypoesthesia:[[57492], [64863], [131368]]
Sensation Impaired:[[627], [1080], [1312], [3479], [51738], [1813], [6532], [3815], [7442], [1815], [1268], [3265], [3350], [6464], [2150], [6335], [85480], [7166], [10371], [162514]]
Limited sensation:[[627], [1312], [6532], [3479], [1080], [1813], [3815], [1815], [6464], [121278], [1812], [10371]]
Numbness:[[7276], [5741]]
Sensation Reduced:[[627], [1312], [1080], [6532], [3479], [1813], [51738], [3815], [1815], [796], [1268], [3350], [7442], [3265], [4803], [2150], [2149], [6464], [2166], [8989], [121278], [6335], [85480], [10371], [1812], [7166], [79054], [7086], [162514], [9048], [2557]]
Sensations Impaired:[[7442]]
Tactile hypaesthesia:[[10225], [627], [1813], [1815], [65018], [3655]]
Hypesthesias:[[]]
Hypoesthesias:[[]]
Tactile Hypesthesia:[[]]
Hypoaesthesia (reduced sensation):[[]]
Sensations Reduced:[[7442], [1138], [8989]]
Reduced sensation of skin:[[]]
Sensory impairment:[[5376], [1687], [7157], [7124], [1312], [3586], [6647], [3569], [1786], [627], [351], [2099], [5428], [6622], [4803], [10], [1636], [2706], [7852], [9927], [4988], [2475], [6347], [120892], [6387], [5594], [1813], [1906], [367], [5728], [2932], [6532], [5743], [1435], [6531], [3383], [3356], [2332], [5595], [836], [5172], [177], [4204], [5071], [3480], [3630], [3064], [23621], [7466], [51062], [1268], [2778], [135], [4647], [3098], [5027], [3593], [6323], [1139], [6513], [2321], [5781], [10804], [3315], [2263], [3627], [57492], [3375], [59272], [2260], [10342], [7068], [1020], [23761], [3551], [7399], [2705], [4842], [7351], [2150], [259232], [358], [4986], [2643], [10371], [6337], [5020], [4155], [8841], [4317], [9131], [6925], [728], [116], [5025], [4747], [3778], [340061], [7007], [2902], [6495], [2070], [4646], [7879], [4985], [1690], [3074], [4919], [9132], [2917], [9381], [4738], [2821], [64699], [22953], [51473], [80208], [1302], [3913], [79784], [23118], [63895], [9990], [117531], [491], [375611], [5456], [3798], [7443], [5459], [10769], [494513], [222662], [8556], [153562], [161497], [6870], [127534], [2110], [11078], [8620], [246213], [53405], [121512], [125336], [259236], [80055], [146183], [57101], [220074], [51475], [389207]]
Impaired sensation:[[]]
Tactile hypesthesia:[[]]
Hypoaesthesia:[[]]
Reduced sensation:[[]]
Hypesthesia:[[]]
