Decreased spontaneous movements:[[627], [1312], [5888], [4609], [1080], [3383], [1813], [836], [3480], [19], [183], [387], [4208], [2332], [4128], [5972], [164668], [348980]]
Behaviour showing reduced motor activity:[[351]]
Hypokinetic:[[4137], [5071], [7054], [57338]]
Decreased spontaneous movement:[[7422], [7124], [348], [3569], [1956], [4318], [7040], [1401], [3553], [4846], [6622], [207], [4137], [3576], [6774], [672], [3091], [627], [2475], [1080], [1029], [5743], [3845], [1312], [3479], [6347], [5071], [5879], [1234], [3557], [5241], [1813], [581], [836], [2908], [3383], [5970], [4312], [120892], [406938], [857], [7076], [3690], [387], [185], [407040], [718], [3757], [196], [285], [5781], [8626], [3552], [1361], [3689], [7046], [284], [84876], [6786], [3684], [2316], [1003], [5294], [3676], [308], [7010], [2246], [8877], [6566], [961], [3778], [3655], [4864], [6329], [6558], [5730], [3741], [57591], [348980]]
Lack of physical activity:[[348], [7157], [627], [7124], [2064], [2099], [3569], [7422], [3586], [9370], [351], [7421], [4524], [3952], [1636], [79068], [6532], [672], [4846], [3479], [1312], [5468], [367], [1499], [1813], [675], [406938], [3953], [3630], [154], [50943], [5054], [183], [19], [51738], [217], [4982], [56729], [4128], [3356], [9518], [2308], [1191], [2784], [1045], [5806], [3667], [116519], [80339], [5741], [26291], [2641], [3814], [50964], [8862], [5742], [55600], [7166], [6402], [2166], [51094], [4916], [145264], [3060], [8863], [51141]]
Hypoactivity:[[627], [1312], [3479], [1813], [3486], [2688], [4306], [6328]]
Hypokinesia:[[65018], [158]]
Hypokinesis:[[]]
Behavior showing reduced motor activity:[[351], [6622], [51738], [5468], [5300]]
Underactivity:[[]]
