Nonbullous Erythroderma Ichthyosiformes:[[7051], [242], [59344]]
Congenital non bullous ichthyosiform erythroderma:[[3858], [3848], [26154], [59344], [242]]
Lamellar Ichthyoses:[[]]
Ichthyosis congenital nonblistering:[[2706], [26154], [101202687], [101202686], [23581], [59344], [121214], [7051], [3848], [3858], [6768], [285848], [2697], [242], [348938], [6820], [6121], [126410], [10999], [204219], [3849], [6785], [643418], [1174], [3730], [11005], [3915], [285440], [8879], [2968]]
Lamellar desquamation of the newborn:[[]]
Congenital lamellar ichthyosis:[[7051], [26154], [121214], [59344], [348938], [126410], [285440], [643418]]
Collodion baby:[[7051], [2968], [4014], [126410]]
Nonbullous Congenital Ichthyosiform Erythroderma:[[7051], [242], [59344]]
Lamellar Ichthyose:[[7040], [140560], [857], [5879], [21], [6439], [302], [7051], [30835], [4627], [6440], [7045], [2150], [50964], [653509], [6609], [1673], [3916], [11005], [26154], [859], [5650], [412], [10970], [9476], [25818], [4628], [27074], [2700], [858], [285440], [1512], [151516], [729238], [121214], [1758], [6249], [23581], [51099], [3299], [79888], [4620], [26276], [399687], [9333], [126410], [348938], [59344], [1419], [8419], [7461], [253970], [388533], [643418]]
Nonbullous Congenital Lamellar Ichthyosis:[[7051], [59344]]
Lamellar ichthyosis:[[140560], [7051], [285440], [151516], [121214], [26154], [126410], [59344], [348938], [643418]]
Lamellar Ichthyosis:[[140560], [7051], [285440], [151516], [121214], [26154], [126410], [59344], [348938], [643418]]
Ichthyosis congenital:[[2706], [26154], [101202687], [101202686], [23581], [59344], [121214], [7051], [3848], [3858], [6768], [285848], [2697], [242], [348938], [6820], [6121], [126410], [10999], [204219], [3849], [6785], [643418], [1174], [3730], [11005], [3915], [285440], [8879], [2968]]
Nonbullous congenital ichthyosiform erythroderma:[[7051], [242], [59344]]
Nonbullous Erythroderma Ichthyosiforme:[[]]
