FIBROCYSTIC PULMONARY DYSPLASIA:[[2944], [2950]]
FIBROSING ALVEOLITIS CRYPTOGENIC:[[]]
IPF:[[3651], [1956], [3569], [7040], [3091], [3553], [4318], [673], [207], [5743], [1499], [7515], [6622], [5468], [3952], [7015], [675], [4137], [3479], [3458], [5054], [177], [6347], [23411], [355], [1559], [2033], [857], [4582], [1906], [8626], [3557], [387], [7490], [10891], [7098], [5888], [5781], [1490], [6280], [4088], [2305], [6469], [59272], [2309], [2212], [79001], [285], [3066], [283120], [7442], [7046], [4087], [10631], [2272], [8651], [407021], [7494], [7528], [940], [406992], [50507], [8841], [653509], [284], [308], [1378], [3572], [27178], [727897], [7010], [1435], [890], [407029], [4317], [10563], [468], [23327], [4017], [59], [383], [4016], [3589], [7001], [7356], [406932], [3783], [406934], [8771], [22926], [7432], [2252], [406936], [5029], [55869], [9734], [6957], [871], [8379], [406920], [4053], [442900], [54472], [84525], [64798], [6355], [2966], [1668], [57124], [729238], [4775], [56992], [406886], [5148], [81537], [1669], [10595], [192343]]
Pulmonary Fibroses Idiopathic:[[]]
Fibrocystic Pulmonary Dysplasias:[[]]
Idiopathic pulmonary fibrosis:[[7015], [727897], [4137], [3123], [5159], [7040], [7157], [4586], [5071], [7422], [3569], [7124], [1394], [6774], [6440], [1636], [4318], [1499], [3479], [3717], [177], [2944], [207], [3553], [54472], [2952], [7852], [4790], [3576], [3091], [7099], [3606], [6347], [64478], [5728], [5743], [729238], [3458], [627], [3106], [1029], [7012], [406991], [4282], [3605], [3627], [5468], [355], [673], [5054], [4313], [183], [7515], [2475], [4582], [3077], [4312], [6696], [3557], [4314], [1832], [595], [675], [5133], [3146], [1026], [1906], [29126], [2147], [3690], [3105], [3565], [10919], [6647], [3162], [960], [857], [90865], [3596], [64127], [4316], [114548], [54106], [246744], [8626], [284058], [8743], [2146], [659], [2309], [9024], [2212], [6280], [4088], [387], [6469], [3043], [10413], [1559], [3552], [4000], [4204], [407040], [1116], [7291], [718], [3082], [2033], [8074], [3309], [6441], [3481], [3486], [3320], [3039], [100507436], [50507], [6935], [2305], [5781], [7431], [7076], [1471], [9518], [283120], [948], [6352], [7412], [5073], [7098], [5888], [6678], [161357], [481], [11214], [59272], [5806], [331], [7474], [5328], [1191], [8651], [4087], [10631], [9365], [407021], [65018], [3593], [8678], [3685], [5591], [22943], [6275], [1050], [3303], [653509], [1958], [64798], [79001], [8091], [4041], [9332], [8837], [7172], [7528], [84868], [22914], [4915], [2006], [7078], [103], [5294], [301], [4595], [162540], [8795], [10144], [1378], [208], [3484], [406985], [406992], [308], [25937], [10381], [1311], [407015], [7494], [5515], [406984], [29110], [3485], [10563], [1649], [10406], [5627], [2215], [54210], [3572], [2246]]
Usual interstitial pneumonia:[[7040], [3569], [6774], [7852], [6387], [6347], [4582], [185], [114548], [1277], [3596], [727897], [10631], [8837], [1281], [6649], [6366], [57016]]
PULMONARY FIBROSIS IDIOPATHIC:[[7015], [727897], [4137], [3123], [5159], [7040], [7157], [4586], [5071], [7422], [3569], [7124], [1394], [6774], [6440], [1636], [4318], [1499], [3479], [3717], [177], [2944], [207], [3553], [54472], [2952], [7852], [4790], [3576], [3091], [7099], [3606], [6347], [64478], [5728], [5743], [729238], [3458], [627], [3106], [1029], [7012], [406991], [4282], [3605], [3627], [5468], [355], [673], [5054], [4313], [183], [7515], [2475], [4582], [3077], [4312], [6696], [3557], [4314], [1832], [595], [675], [5133], [3146], [1026], [1906], [29126], [2147], [3690], [3105], [3565], [10919], [6647], [3162], [960], [857], [90865], [3596], [64127], [4316], [114548], [54106], [246744], [8626], [284058], [8743], [2146], [659], [2309], [9024], [2212], [6280], [4088], [387], [6469], [3043], [10413], [1559], [3552], [4000], [4204], [407040], [1116], [7291], [718], [3082], [2033], [8074], [3309], [6441], [3481], [3486], [3320], [3039], [100507436], [50507], [6935], [2305], [5781], [7431], [7076], [1471], [9518], [283120], [948], [6352], [7412], [5073], [7098], [5888], [6678], [161357], [481], [11214], [59272], [5806], [331], [7474], [5328], [1191], [8651], [4087], [10631], [9365], [407021], [65018], [3593], [8678], [3685], [5591], [22943], [6275], [1050], [3303], [653509], [1958], [64798], [79001], [8091], [4041], [9332], [8837], [7172], [7528], [84868], [22914], [4915], [2006], [7078], [103], [5294], [301], [4595], [162540], [8795], [10144], [1378], [208], [3484], [406985], [406992], [308], [25937], [10381], [1311], [407015], [7494], [5515], [406984], [29110], [3485], [10563], [1649], [10406], [5627], [2215], [54210], [3572], [2246]]
Idiopathic Fibrosing Alveolitis Chronic Form:[[]]
Cryptogenic fibrosing alveolitis:[[]]
Pulmonary Fibrosis Idiopathic:[[7015], [727897], [4137], [3123], [5159], [7040], [7157], [4586], [5071], [7422], [3569], [7124], [1394], [6774], [6440], [1636], [4318], [1499], [3479], [3717], [177], [2944], [207], [3553], [54472], [2952], [7852], [4790], [3576], [3091], [7099], [3606], [6347], [64478], [5728], [5743], [729238], [3458], [627], [3106], [1029], [7012], [406991], [4282], [3605], [3627], [5468], [355], [673], [5054], [4313], [183], [7515], [2475], [4582], [3077], [4312], [6696], [3557], [4314], [1832], [595], [675], [5133], [3146], [1026], [1906], [29126], [2147], [3690], [3105], [3565], [10919], [6647], [3162], [960], [857], [90865], [3596], [64127], [4316], [114548], [54106], [246744], [8626], [284058], [8743], [2146], [659], [2309], [9024], [2212], [6280], [4088], [387], [6469], [3043], [10413], [1559], [3552], [4000], [4204], [407040], [1116], [7291], [718], [3082], [2033], [8074], [3309], [6441], [3481], [3486], [3320], [3039], [100507436], [50507], [6935], [2305], [5781], [7431], [7076], [1471], [9518], [283120], [948], [6352], [7412], [5073], [7098], [5888], [6678], [161357], [481], [11214], [59272], [5806], [331], [7474], [5328], [1191], [8651], [4087], [10631], [9365], [407021], [65018], [3593], [8678], [3685], [5591], [22943], [6275], [1050], [3303], [653509], [1958], [64798], [79001], [8091], [4041], [9332], [8837], [7172], [7528], [84868], [22914], [4915], [2006], [7078], [103], [5294], [301], [4595], [162540], [8795], [10144], [1378], [208], [3484], [406985], [406992], [308], [25937], [10381], [1311], [407015], [7494], [5515], [406984], [29110], [3485], [10563], [1649], [10406], [5627], [2215], [54210], [3572], [2246]]
Fibrosing Alveolitides Cryptogenic:[[]]
Pulmonary Dysplasia Fibrocystic:[[2944], [2950]]
Fibrosing Alveolitis Cryptogenic:[[]]
Idiopathic fibrosing alveolitis:[[3663]]
