Obstruction Intestinal:[[7422], [7040], [7124], [3569], [4318], [3952], [1080], [5743], [4790], [1499], [999], [5594], [7097], [2316], [2099], [1401], [338], [7015], [3162], [355], [6347], [3383], [1950], [5915], [2944], [5054], [929], [6696], [4780], [857], [1906], [4312], [79827], [7450], [7076], [2778], [3360], [3082], [3934], [4314], [2247], [861], [6331], [6352], [1385], [5156], [4586], [567], [151648], [133], [652], [54210], [153], [2168], [2066], [72], [2627], [406984], [55107], [5008], [9235], [6752], [2252], [6338], [871], [2294], [4567], [5885], [6340], [2255], [406994], [4629], [406972], [3067], [671], [8557], [55540]]
Ileus:[[7040], [1401], [1080], [4582], [10], [2984], [796], [4586], [2919], [1392], [4583], [4482], [1179]]
Intestinal obstruction NOS:[[]]
Bowel obstruction:[[7040], [3569], [4318], [4790], [6347], [7124], [3383], [5594], [7422], [2247], [4524], [1401], [1080], [2099], [2944], [5743], [3952], [3554], [1499], [999], [7097], [5054], [2153], [5008], [4312], [6696], [2147], [1906], [3934], [3162], [355], [7450], [6331], [929], [1950], [217], [7076], [9586], [56729], [4314], [682], [5156], [1116], [567], [2638], [2316], [6441], [4586], [100133941], [54210], [7494], [406984], [9423], [406921], [57142], [6037], [79827]]
Intestinal obstruction:[[1080], [5594], [3067]]
Obstruction of intestine:[[7040], [7422], [7124], [4318], [1080], [3569], [4524], [1499], [4790], [999], [1138], [5915], [3952], [6347], [5594], [2944], [7097], [3708], [4780], [3162], [3416], [4312], [3383], [355], [1906], [10801], [3360], [338], [3934], [929], [5265], [217], [1588], [1471], [2157], [2247], [6352], [4204], [861], [8600], [682], [5156], [5789], [1490], [2778], [2022], [7076], [1385], [567], [7424], [133], [652], [2316], [8482], [358], [7056], [2066], [23476], [3880], [57211], [79971], [7494], [9235], [1435], [6731], [1910], [3554], [8613], [4864], [1136], [10371], [80332], [6337], [9423], [57142], [2627], [6362], [2168], [3248], [9586], [3398], [93627], [4481], [871], [10131], [79827], [5885], [5271], [123688], [72], [843], [950], [81037], [2255], [221178], [10577], [2294], [4629], [79875], [64399], [3067], [4600], [9175], [3779], [60495], [5800], [151648], [8673], [1043], [6751], [1299], [116159], [6753], [55540], [10144], [4802], [9860], [57616], [9096], [10595], [3321], [23483], [128553], [115024]]
Occlusion of colon or intestine NOS:[[4843], [4842], [7422], [5243], [3569], [4524], [7040], [5743], [5728], [3586], [1956], [7852], [4313], [9370], [348], [6387], [1401], [3091], [3162], [351], [3958], [1636], [6774], [5054], [1499], [2147], [3791], [3458], [3383], [3717], [1906], [29126], [3479], [920], [6647], [23411], [4879], [6648], [355], [7450], [6667], [1027], [8743], [6714], [2706], [10891], [2152], [1559], [959], [6513], [958], [7351], [3757], [3320], [4088], [4087], [1756], [4314], [5058], [5806], [79001], [7057], [5742], [406913], [4854], [3673], [5295], [6285], [4792], [796], [2056], [5327], [5566], [4683], [7077], [135], [4035], [801], [28], [301], [2717], [3371], [2876], [2811], [361], [4914], [1509], [57674], [156], [5170], [4929], [6404], [5144], [100506658], [9474], [59], [5196], [4016], [3339], [823], [2313], [5764], [8647], [953], [7094], [58157], [5592], [10725], [6097], [442890], [9722], [384], [3911], [8858], [4059], [10533], [23564], [23452], [968], [3092], [406997], [79924], [6541], [4969], [2982], [11184], [3386], [83660], [7270], [2983], [9026], [8704]]
Unspecified intestinal obstruction:[[5594]]
IO - Intestinal obstruction:[[]]
Intestinal Obstructions:[[]]
Intestinal obstruction co-occurrent and due to decreased peristalsis:[[]]
