Adenoma beta Cell:[[1029], [3593], [7040], [3569], [1499], [7157], [596], [1956], [6469], [3586], [3576], [7422], [652], [406991], [999], [7124], [595], [857], [2064], [207], [26585], [5155], [4609], [960], [2247], [6387], [3479], [4582], [5175], [1803], [100133941], [50943], [4193], [5728], [5467], [2263], [2100], [7015], [29126], [4072], [2697], [10018], [355], [8842], [1019], [6774], [9518], [9370], [4088], [22914], [324], [79577], [4602], [6928], [5111], [846], [1048], [125], [5594], [23411], [7133], [6422], [3572], [367], [348], [4170], [6364], [1026], [6513], [4233], [780], [3091], [3791], [4684], [5443], [5291], [214], [3958], [1027], [5324], [1030], [1789], [7018], [3162], [9780], [1082], [6927], [8091], [836], [942], [50616], [1585], [7471], [51079], [4318], [100507436], [5052], [5581], [4070], [59], [6657], [3284], [1191], [1813], [7430], [6317], [3845], [5156], [9131], [4780], [2099], [6423], [5979], [1493], [5743], [3939], [11082], [6383], [5325], [356], [5820], [5796], [5290], [4524], [2778], [947], [7421], [3283], [5154], [673], [4204], [1401], [4087], [1495], [472], [3574], [3643], [6624], [3265], [672], [2752], [2950], [3480], [3623], [2852], [4313], [5803], [3082], [6710], [57214], [3605], [185], [8863], [3440], [3481], [7161], [334], [332], [2305], [3486], [8718], [4897], [4255], [22943], [6790], [7291], [2908], [3315], [1045], [7424], [54361], [5241], [1958], [7132], [7076], [4436], [4288], [2735], [59067], [7253], [8743], [6696], [7248], [5329], [9353], [6615], [4221], [4968], [4843], [5460], [6591], [5566], [4869], [4824], [2690], [5894], [406948], [4292], [1015], [4853]]
beta Cell Tumor:[[3375]]
beta-Cell Adenomas:[[]]
beta-Cell Tumor:[[3375]]
beta-Cell Adenoma:[[]]
Insulinomas:[[7040], [4851], [2932], [4292], [5265], [19], [2740], [7528], [6752], [3651], [9619], [170302], [6755], [7163], [2696], [3110], [6209]]
Insulomas:[[]]
Insulinoma:[[3375], [3642], [3741], [5798], [8567], [6209], [3952], [595], [4233], [3630], [84684], [3486], [959], [958], [2740], [4221], [1019], [4072], [7528], [775], [2641], [282551], [5294], [3290], [169026], [55384], [3291], [7466], [3651], [406987], [54901], [2572], [6514], [8658], [776], [5802], [389692], [55915]]
beta-Cell Tumors:[[2932], [3110]]
Insuloma:[[]]
