Intracranial Hypertension:[[7124], [3553], [4879], [841], [3627], [361], [358], [3290], [6833], [4880], [54795], [2077]]
Raised intracranial pressure:[[3569], [6285]]
Pressure Elevated Intracranial:[[4879], [133], [217], [1029], [100048912], [1636], [7124], [4846], [3569], [348], [4137], [7157], [1401], [7422], [7040], [1956], [4318], [5243], [5743], [4313], [3586], [627], [4790], [3553], [3576], [7099], [5054], [3845], [7048], [6532], [6347], [7097], [335], [5444], [5970], [2147], [4314], [4023], [2022], [338], [406947], [3082], [2950], [2321], [7076], [406938], [6285], [4353], [3043], [551], [2932], [84870], [581], [7046], [1559], [7941], [3690], [7077], [80781], [3791], [4088], [8862], [406937], [283120], [1361], [1535], [2006], [2539], [2026], [361], [55328], [7018], [3290], [1508], [358], [57674], [5742], [59], [1281], [1282], [406935], [2246], [8639], [6646]]
RIP - Raised intracranial pressure:[[3569]]
ICP Elevated (Intracranial Pressure):[[6285], [2026]]
Intracranial hypertension:[[7124], [3553], [4879], [841], [3627], [361], [358], [3290], [6833], [4880], [54795], [2077]]
ICP (Intracranial Pressure) Increase:[[6285], [2026]]
Pressure Increase Intracranial:[[4879], [217], [133], [1029], [100048912], [1636], [4846], [7124], [3569], [490], [348], [4137], [7157], [1401], [7422], [7040], [1956], [4318], [5243], [7048], [5743], [4313], [3586], [627], [4790], [3553], [3576], [7099], [5054], [3845], [1909], [6532], [6347], [7097], [2950], [5444], [335], [5970], [2147], [2932], [4023], [406938], [3082], [3791], [581], [338], [3043], [406947], [2321], [7076], [4314], [6285], [4353], [3690], [4088], [2022], [8862], [7077], [551], [1559], [1278], [406937], [6770], [2006], [1535], [2539], [283120], [80781], [361], [5742], [7941], [3290], [1361], [358], [1910], [7046], [7018], [2026], [1508], [59], [1281], [5311], [406935], [55328], [2246], [56606], [8639], [2767], [6646], [54795]]
Increased intracranial pressure:[[3569], [6285], [358], [2026]]
ICP (Intracranial Pressure) Elevation:[[6285], [2026]]
