Irritable Colon:[[]]
IBS - Irritable bowel syndrome:[[7124], [6532], [3586], [3569], [627], [1312], [7099], [999], [51738], [54106], [7442], [3356], [1268], [2784], [1113], [2149], [1394], [407021], [9966], [59341], [7166], [150], [54210], [9971], [3938], [5919], [2875], [4638], [9075], [3363], [406978], [4295], [24146]]
Functional bowel disease:[[64127], [1493], [11315], [3586], [149233], [6774], [3569], [3123], [3717], [6347], [348], [120892], [3558], [1029], [246778], [3593], [3119], [26191], [3107], [4088], [51752], [55054], [217], [356], [9966], [1201], [958], [2212], [6387], [7040], [1956], [3663], [59067], [7422], [4790], [7450], [3383], [5243], [7421], [10320], [8651], [4318], [3659], [1401], [3458], [345611], [4314], [7124], [9173], [6583], [6775], [2214], [6584], [55600], [3559], [6817], [2524], [3992], [3570], [5771], [5328], [3565], [1235], [6597], [5734], [1234], [7128], [3976], [5966], [5970], [5594], [3635], [4524], [4843], [3562], [57178], [864], [2876], [94103], [80339], [79068], [6772], [3596], [1030], [1636], [10221], [2099], [3588], [4582], [64170], [7157], [60468], [9370], [100507436], [3554], [10544], [3172], [4485], [8809], [4277], [9516], [60489], [23308], [64167], [6356], [5580], [7297], [1232], [337], [1789], [3146], [3604], [26471], [9415], [50616], [3135], [8807], [3162], [2879], [4092], [2056], [6403], [6868], [7099], [8764], [1051], [6331], [9429], [51744], [2153], [6532], [5054], [3572], [3371], [2213], [10], [1394], [100], [10019], [5579], [6556], [2353], [4312], [3579], [3557], [1390], [1437], [3605], [2247], [6777], [3091], [114548], [3460], [64135], [324], [5027], [627], [2064], [2919], [2215], [11009], [3567], [948], [5196], [10454], [4012], [1312], [3965], [3553], [11093], [5468], [3845], [84441], [1080], [468], [5728], [5743], [4486], [6357], [2237], [1499], [55024], [3952], [3577], [4684], [3576], [29126], [50943], [59341], [4609], [2952], [7852], [3310], [999], [4982], [3479], [3683], [22806], [6374], [1026]]
Syndromes Irritable Bowel:[[3586], [3569], [7040], [7124], [4318], [6532], [7099], [3119], [4843], [3952], [2353], [3553], [9370], [6331], [999], [3557], [54106], [7442], [56729], [5027], [4803], [59341], [5919], [4508], [8912]]
Mucous colitis:[[]]
IC - Irritable colon:[[]]
Nervous colitis:[[3586], [3458], [3717], [7157], [64170], [7422], [7124], [999], [5728], [6774], [5243], [3553], [4318], [3569], [7099], [7040], [1956], [3605], [5468], [3593], [3952], [6532], [207], [348], [4790], [1499], [4609], [673], [6925], [6647], [7097], [1029], [3845], [1493], [3479], [2099], [5743], [1636], [596], [2950], [114548], [4313], [7852], [6696], [4486], [335], [4233], [3146], [324], [920], [5970], [3383], [2213], [6347], [332], [177], [7515], [23411], [50943], [90865], [4780], [5290], [3162], [4314], [2146], [2147], [864], [2908], [1565], [355], [2100], [2066], [5925], [7098], [100507436], [3688], [6285], [406947], [5879], [7076], [5176], [1116], [6934], [3481], [196], [6935], [2625], [54106], [6597], [4353], [7046], [796], [1728], [10135], [356], [135], [1786], [3600], [2896], [1524], [3371], [3308], [5806], [7133], [4548], [2150], [10855], [23308], [11076], [10563], [2919], [407006], [407021], [5777], [8837], [1138], [6863], [781], [5604], [4192], [1909], [2833], [4908], [1269], [409], [6548], [5168], [7432], [4277], [818], [3567], [407007], [408], [8989], [1901], [3589], [23569], [6374], [4082], [1235], [639], [50861], [29851], [6948], [1630], [5730], [6389], [2053], [6373], [7122], [11251], [7079], [229], [9223], [4814], [10788], [7975], [339479], [4045], [56666], [954], [956]]
Spastic colitis:[[3123], [6647], [3569], [7422], [7040], [4524], [3605], [4790], [3579], [3106], [50943], [3606], [3146], [177], [3577], [355], [3107], [3600], [2833]]
Colon spasm:[[4524], [5468], [387], [7298], [217], [7249], [10395], [1861], [2324], [624], [6792], [6444], [29984], [10667], [64333]]
Mucous Colitis:[[]]
irritable colon:[[]]
Syndrome Irritable Bowel:[[65217], [6331], [3586], [3569], [2247], [7040], [7124], [4318], [331], [6532], [9966], [999], [3119], [7099], [3565], [4843], [166378], [627], [1312], [10252], [3576], [51738], [3952], [998], [3553], [9370], [7097], [3557], [9076], [55502], [4153], [2353], [4092], [54106], [11014], [11162], [2784], [4982], [3356], [4508], [100506658], [7442], [56729], [1113], [4803], [392862], [1268], [4049], [2641], [5027], [5919], [150], [1392], [1394], [121278], [864], [59341], [2264], [2875], [2150], [54210], [407021], [2149], [6869], [3359], [1072], [9971], [7414], [7432], [5052], [4925], [406911], [7166], [406950], [7100], [4758], [4638], [406942], [3938], [6271], [5029], [7177], [9075], [8912], [5028], [9002], [152831], [4175], [3357], [442909], [3363], [406978], [1393], [6476], [4295], [4509], [24146], [30010], [7016], [285242]]
Adaptive colitis:[[3586], [3458], [3123], [3717], [3117], [3133], [3558], [3122], [59067], [1493], [7124], [3569], [1956], [3127], [7422], [3605], [7099], [3091], [4318], [5243], [7421], [3553], [7040], [5468], [3593], [1401], [348], [29949], [4524], [3559], [920], [4790], [4780], [6532], [5728], [3576], [23411], [3845], [64127], [3106], [7097], [3162], [673], [207], [9370], [2213], [114548], [5788], [8764], [3952], [6347], [3479], [3565], [4609], [595], [4261], [3383], [3606], [3146], [3107], [7515], [8743], [90865], [5966], [5290], [177], [6647], [6696], [3135], [7098], [6648], [2908], [29851], [2146], [4153], [3934], [3604], [406947], [328], [10911], [6772], [3953], [581], [84868], [196], [406938], [3481], [3627], [30835], [54106], [7132], [23308], [1728], [5806], [811], [4057], [958], [8870], [3956], [7133], [2214], [7535], [695], [6285], [2150], [3600], [246], [246778], [1673], [961], [9173], [85480], [2272], [847], [51561], [875], [6256], [942], [3592], [1394], [4277], [112744], [2833], [5175], [55054], [100133941], [9332], [952], [27178], [6775], [1604], [6441], [7494], [6348], [3578], [639], [8742], [2919], [54210], [6688], [10392], [6404], [10628], [6422], [3125], [7100], [30009], [1965], [6366], [7297], [909], [5697], [10410], [64581], [602], [51330], [814], [5284], [8519], [554210], [343], [84879], [3004], [192343]]
Irritable bowel syndrome NOS:[[4843], [56729]]
Irritable colon syndrome:[[]]
Spastic colon:[[6683], [26278], [5832], [80208], [51062], [6687], [79152], [123606], [65055], [22978], [11160], [113612], [10749], [10717], [23111], [80821], [118813], [7422], [7040], [6647], [4524], [3569], [25778], [4790], [29126], [3329], [80207], [4851], [355], [857], [351], [3146], [7345], [5663], [51324], [3106], [823], [50943], [3606], [177], [217], [5133], [9420], [57679], [953], [23400], [6513], [9897], [25], [26580], [3107], [57704], [3897], [3600], [22948], [10342], [203228], [10939], [10908], [22914], [57498], [103], [57531], [23259], [3579], [659], [23503], [2833], [2583], [23189], [83636], [4287], [120], [10667], [22872], [57165], [6509], [91574], [137492], [6311], [1785], [51271], [215], [8398], [10613], [271], [11261], [55149], [6843], [476], [9179], [3577], [64837], [176], [9197], [23204], [493], [200205], [5833], [23431], [6253], [7227], [7293], [6310], [6709], [282618], [11154], [9895], [84504], [6567], [9361], [3714], [259197], [85465], [79813], [5333], [3336], [8086], [79718], [7965], [11128], [56270], [55210], [9907], [2632], [3764], [84661], [8139], [55361], [8887], [23299], [51010], [27247], [23162], [10352], [84947], [84706], [55275], [55187], [51218], [89953], [55250], [81790], [91056]]
Irritable bowel syndrome:[[7124], [3586], [6532], [2247], [3569], [7040], [7099], [627], [4318], [9370], [1312], [3576], [3553], [3952], [999], [7097], [51738], [3119], [3565], [65217], [6331], [3557], [4153], [54106], [4982], [4843], [3356], [56729], [2784], [7442], [1268], [5027], [998], [4049], [864], [1113], [4803], [2641], [2149], [2150], [121278], [2353], [10252], [1394], [59341], [2264], [407021], [9966], [150], [1392], [9971], [9076], [54210], [1072], [7166], [5919], [406942], [5052], [7100], [406950], [3938], [7414], [100506658], [406911], [3359], [7432], [4925], [2875], [55502], [5029], [4638], [4758], [11014], [11162], [166378], [6271], [8912], [4508], [5028], [9002], [9075], [4175], [3357], [3363], [442909], [392862], [152831], [406978], [1393], [6476], [4295], [4509], [24146], [30010], [7016], [285242]]
Mucous Colitides:[[]]
spastic colon:[[6683], [26278], [5832], [80208], [51062], [6687], [79152], [123606], [65055], [22978], [11160], [113612], [10749], [10717], [23111], [80821], [118813], [7422], [7040], [6647], [4524], [3569], [25778], [4790], [29126], [3329], [80207], [4851], [355], [857], [351], [3146], [7345], [5663], [51324], [3106], [823], [50943], [3606], [177], [217], [5133], [9420], [57679], [953], [23400], [6513], [9897], [25], [26580], [3107], [57704], [3897], [3600], [22948], [10342], [203228], [10939], [10908], [22914], [57498], [103], [57531], [23259], [3579], [659], [23503], [2833], [2583], [23189], [83636], [4287], [120], [10667], [22872], [57165], [6509], [91574], [137492], [6311], [1785], [51271], [215], [8398], [10613], [271], [11261], [55149], [6843], [476], [9179], [3577], [64837], [176], [9197], [23204], [493], [200205], [5833], [23431], [6253], [7227], [7293], [6310], [6709], [282618], [11154], [9895], [84504], [6567], [9361], [3714], [259197], [85465], [79813], [5333], [3336], [8086], [79718], [7965], [11128], [56270], [55210], [9907], [2632], [3764], [84661], [8139], [55361], [8887], [23299], [51010], [27247], [23162], [10352], [84947], [84706], [55275], [55187], [51218], [89953], [55250], [81790], [91056]]
Irritable colon:[[]]
Membranous colitis:[[3123], [3117], [149233], [56244], [999], [7157], [1499], [7422], [3569], [5243], [1956], [7040], [7099], [3593], [3576], [5728], [11315], [5743], [1636], [960], [2950], [595], [3383], [3146], [4582], [6648], [355], [4153], [3934], [23046], [54106], [4353], [4057], [958], [7291], [959], [4311], [10855], [6868], [51561], [5175], [55054], [100133941], [6288], [102], [6775], [4583], [1901], [6752], [6319], [29851], [3125], [406968]]
Irritable bowel:[[3586], [3569], [7040], [2247], [7124], [4318], [9966], [6532], [3565], [3119], [7099], [4843], [65217], [627], [1312], [4092], [51738], [2353], [3576], [3952], [3553], [9370], [7097], [10252], [999], [3557], [4153], [6331], [54106], [2784], [55502], [4982], [1113], [7442], [3356], [11014], [11162], [166378], [56729], [331], [1268], [5027], [998], [2641], [4049], [864], [4803], [2150], [1394], [121278], [59341], [2264], [1392], [2149], [9076], [407021], [54210], [150], [9971], [392862], [1072], [7166], [5919], [6869], [7100], [3359], [7432], [7414], [406942], [100506658], [5052], [406950], [3938], [406911], [4925], [2875], [4638], [4758], [5029], [6271], [4508], [8912], [7177], [9075], [5028], [9002], [4175], [152831], [3357], [3363], [442909], [406978], [1393], [6476], [4295], [4509], [24146], [30010], [7016], [285242]]
