Continuous Muscle Activity Syndrome:[[]]
Continuous muscle fibre activity:[[3479], [10891], [3569], [3586], [3630], [387], [4879], [6934], [860], [2200]]
Quantal Squander:[[]]
Continuous muscle fiber activity:[[7124], [1956], [5728], [348], [7422], [406991], [7157], [3479], [351], [9370], [7040], [10891], [2099], [3569], [3586], [3688], [335], [387], [1029], [4780], [5054], [3356], [3630], [7139], [1813], [4763], [1401], [2149], [1471], [2688], [3620], [4803], [6934], [284], [3984], [2159], [2200], [1277], [1270], [5339]]
Isaacs Syndrome:[[]]
Myokymia Continuous:[[]]
Isaacs-Mertens syndrome:[[]]
Isaacs' Syndrome:[[]]
Isaacs Mertens Syndrome:[[]]
ISAACS-MERTENS SYNDROME:[[]]
GAMSTORP-WOHLFART SYNDROME:[[]]
NMAN:[[3094]]
Myokymia Myotonia Muscle Wasting And Hyperhidrosis:[[]]
Isaacs-Mertens Syndrome:[[]]
Isaacs syndrome:[[]]
Isaacs Pseudomyotonia Syndrome:[[]]
Pseudomyotonia Syndrome of Isaacs:[[]]
Gamstorp-Wohlfart Syndrome:[[]]
Neuromyotonia:[[3094]]
Syndrome of Continuous Muscle Activity:[[]]
MYOKYMIA MYOTONIA AND MUSCLE WASTING:[[]]
Isaac Syndrome:[[]]
Myokymia myotonia and muscle wasting:[[]]
Gamstorp-Wohlfart syndrome:[[]]
NEUROMYOTONIA AND AXONAL NEUROPATHY AUTOSOMAL RECESSIVE:[[3094]]
Autosomal recessive neuromyotonia with axonal neuropathy:[[3094]]
Myokymias Continuous:[[7157], [1956], [3569], [7124], [348], [7422], [2064], [7040], [207], [2099], [9370], [1401], [627], [3553], [3091], [6774], [3586], [351], [3845], [673], [4879], [1029], [5728], [5743], [4609], [1312], [1080], [29126], [6622], [6532], [999], [3479], [3952], [7852], [3458], [4780], [23411], [1813], [5054], [3146], [5290], [406991], [472], [2153], [1432], [335], [142], [1565], [1557], [3383], [154], [2100], [5621], [3480], [3688], [3690], [5133], [3630], [4288], [6531], [3934], [19], [3725], [338], [861], [387], [1277], [8074], [6934], [3757], [1815], [3039], [7132], [5241], [3356], [841], [3265], [1471], [10891], [3596], [56729], [1577], [3486], [255738], [983], [6657], [7291], [5460], [60489], [5806], [4763], [7298], [5111], [7139], [6280], [1116], [1385], [860], [6469], [2688], [3620], [2200], [378938], [4018], [2155], [6615], [116519], [5741], [729230], [947], [2625], [5340], [3375], [26291], [6403], [4803], [135], [406906], [3674], [2149], [2735], [6521], [551], [6279], [7037], [3297], [358], [301], [7080], [4548], [5788], [2159], [121278], [952], [249], [51561], [8877], [4878], [9076], [350], [284], [8542], [2833], [57379], [4306], [6010], [1361], [59341], [7082], [3485], [2120], [55600], [26762], [8792], [1634], [1003], [6530], [1621], [2668], [150], [1138], [406942], [1642], [6663], [5170], [3122], [85363], [8549], [3931], [1760], [317], [1520], [6351], [1131], [3785], [8398], [3060], [1441], [862], [5074], [9290], [10365], [10481], [7391], [930], [885], [6773], [51083], [50848], [4068], [5339], [1830], [10468], [406900], [10911], [6317], [1643], [4880], [3984], [1828]]
Gamstorp Wohlfart Syndrome:[[]]
