DEAFNESS CONGENITAL AND FUNCTIONAL HEART DISEASE:[[7099], [4312], [5781], [55636], [1910]]
Cardio Auditory Syncope Syndrome:[[]]
Syndromes Cardio-Auditory-Syncope:[[]]
Cardioauditory Syndrome of Jervell and Lange Nielsen:[[3753], [3784], [9132]]
Jervell and Lange-Nielsen syndrome:[[3784], [3753], [9132]]
Prolonged QT Interval in EKG and Sudden Death:[[]]
CARDIOAUDITORY SYNDROME OF JERVELL AND LANGE-NIELSEN:[[3753], [3784], [9132]]
Jervell and Lange Nielsen Syndrome:[[3784], [3753], [9132]]
SURDO-CARDIAC SYNDROME:[[6331], [3753], [3757], [3784], [1482], [7157], [3759], [114548], [7139], [348], [4851], [775], [5728], [6262], [9992], [2316], [1281], [23630], [546], [3762], [6336], [4000], [7137], [4624], [488], [1278], [5290], [2263], [7490], [2697], [9722], [207], [7291], [54658], [1071], [59], [5781], [783], [4625], [3643], [10008], [2260], [582], [4089], [3123], [2200], [7128], [1029], [7124], [811], [10021], [3741], [2475], [1026], [8091], [2121], [6774], [1401], [7134], [79068], [2099], [859], [652], [23493], [857], [338], [1906], [6910], [57167], [650], [1277], [3990], [356], [26585], [51196], [19], [7422], [5594], [2022], [287], [6513], [51086], [7040], [1827], [23405], [5159], [6548], [3717], [406991], [2146], [3570], [5460], [6324], [596], [7276], [3569], [5308], [9993], [801], [10413], [3479], [355], [999], [657], [182], [8220], [64135], [3084], [4853], [3777], [4179], [50943], [7042], [7048], [1636], [444], [9241], [2153], [10062], [3752], [7046], [9370], [7020], [595], [1000], [5156], [7132], [3091], [4088], [5950], [4318], [6934], [4846], [183], [4204], [1832], [1301], [2247], [1499], [3952], [7852], [1956], [2778], [4790], [11093], [7474], [959], [718], [4211], [4524], [55869], [2308], [4313], [6794], [2625], [2702], [6738], [2934], [6469], [3586], [6786], [7099], [4879], [3107], [5566], [55800], [998], [7421], [59272], [6597], [154], [867], [3486], [6508], [3992], [5243], [22943], [958], [1312], [2064], [3553], [7273], [6532], [197], [9759], [3162], [3958], [1557], [1789], [3934], [6387], [185], [6899], [7056], [25942], [5318], [627], [2296], [4049], [846]]
Jervell Lange Nielsen Syndrome:[[3784]]
Cardioauditory Syndrome of Jervell and Lange-Nielsen:[[3753], [3784], [9132]]
Syndrome Surdo-Cardiac:[[6331], [3753], [3757], [3784], [1482], [7157], [3759], [114548], [7139], [348], [4851], [775], [5728], [6262], [9992], [2316], [1281], [23630], [546], [3762], [6336], [4000], [7137], [4624], [488], [1278], [5290], [2263], [7490], [2697], [9722], [207], [7291], [54658], [1071], [59], [5781], [783], [4625], [3643], [10008], [2260], [582], [4089], [3123], [2200], [7128], [1029], [7124], [811], [10021], [3741], [2475], [1026], [8091], [2121], [6774], [1401], [7134], [79068], [2099], [859], [652], [23493], [857], [338], [1906], [6910], [57167], [650], [1277], [3990], [356], [26585], [51196], [19], [7422], [5594], [2022], [287], [6513], [51086], [7040], [1827], [23405], [5159], [6548], [3717], [406991], [2146], [3570], [5460], [6324], [596], [7276], [3569], [5308], [9993], [801], [10413], [3479], [355], [999], [657], [182], [8220], [64135], [3084], [4853], [3777], [4179], [50943], [7042], [7048], [1636], [444], [9241], [2153], [10062], [3752], [7046], [9370], [7020], [595], [1000], [5156], [7132], [3091], [4088], [5950], [4318], [6934], [4846], [183], [4204], [1832], [1301], [2247], [1499], [3952], [7852], [1956], [2778], [4790], [11093], [7474], [959], [718], [4211], [4524], [55869], [2308], [4313], [6794], [2625], [2702], [6738], [2934], [6469], [3586], [6786], [7099], [4879], [3107], [5566], [55800], [998], [7421], [59272], [6597], [154], [867], [3486], [6508], [3992], [5243], [22943], [958], [1312], [2064], [3553], [7273], [6532], [197], [9759], [3162], [3958], [1557], [1789], [3934], [6387], [185], [6899], [7056], [25942], [5318], [627], [2296], [4049], [846]]
Syndrome Cardio-Auditory-Syncope:[[]]
Jervell and Lange-Nielsen Syndrome:[[3784], [3753], [9132]]
Surdo-Cardiac Syndromes:[[6331], [3784], [7139], [3753], [7137], [3757], [7124], [7157], [1026], [7040], [287], [7422], [596], [5728], [406991], [3569], [3091], [1471], [2316], [2475], [3479], [5290], [1401], [4879], [6774], [5594], [4318], [2022], [9370], [7273], [183], [207], [4846], [4790], [3952], [7852], [7099], [4000], [3486], [477], [3586], [3162], [1557], [4524], [947], [4089], [861], [6532], [3815], [2146], [2263], [5243], [3717], [7421], [4878], [3123], [1432], [3553], [3958], [6387], [7490], [5465], [3106], [57817], [5595], [3077], [1029], [3752], [23411], [2944], [4609], [595], [8074], [4282], [3146], [142], [114548], [7450], [5979], [3458], [43], [999], [3605], [332], [29126], [3480], [27302], [355], [3690], [6347], [335], [5781], [960], [56729], [2932], [4312], [1565], [7132], [10499], [3119], [406938], [6323], [7291], [406947], [2322], [811], [2152], [11093], [5133], [27068], [929], [2778], [3557], [338], [959], [1385], [5747], [6280], [1071], [54658], [406982], [2309], [4353], [1277], [406952], [9518], [4170], [6786], [7249], [6794], [5329], [2260], [23451], [3559], [4615], [3643], [3627], [958], [2056], [5027], [2200], [4803], [3198], [4018], [1457], [54715], [407007], [6390], [7941], [6335], [4306], [6279], [6403], [478], [1958], [3014], [4973], [2113], [1536], [7056], [50507], [284], [2353], [5069], [2876], [3678], [546], [84876], [2624], [2931], [3659], [6654], [55636], [10060], [406992], [3491], [59341], [64135], [1158], [4853], [26585], [4880], [4747], [1138], [1282], [58191], [1301], [57167], [3764], [4171], [10000], [4151], [2495], [407041], [7135], [3604], [3126], [10075], [6389], [25913]]
Surdo Cardiac Syndrome:[[6331], [3753], [3757], [3784], [1482], [7157], [3759], [114548], [7139], [348], [4851], [775], [5728], [6262], [9992], [2316], [1281], [23630], [546], [3762], [6336], [4000], [7137], [4624], [488], [1278], [5290], [2263], [7490], [2697], [9722], [207], [7291], [54658], [1071], [59], [5781], [783], [4625], [3643], [10008], [2260], [582], [4089], [3123], [2200], [7128], [1029], [7124], [811], [10021], [3741], [2475], [1026], [8091], [2121], [6774], [1401], [7134], [79068], [2099], [859], [652], [23493], [857], [338], [1906], [6910], [57167], [650], [1277], [3990], [356], [26585], [51196], [19], [7422], [5594], [2022], [287], [6513], [51086], [7040], [1827], [23405], [5159], [6548], [3717], [406991], [2146], [3570], [5460], [6324], [596], [7276], [3569], [5308], [9993], [801], [10413], [3479], [355], [999], [657], [182], [8220], [64135], [3084], [4853], [3777], [4179], [50943], [7042], [7048], [1636], [444], [9241], [2153], [10062], [3752], [7046], [9370], [7020], [595], [1000], [5156], [7132], [3091], [4088], [5950], [4318], [6934], [4846], [183], [4204], [1832], [1301], [2247], [1499], [3952], [7852], [1956], [2778], [4790], [11093], [7474], [959], [718], [4211], [4524], [55869], [2308], [4313], [6794], [2625], [2702], [6738], [2934], [6469], [3586], [6786], [7099], [4879], [3107], [5566], [55800], [998], [7421], [59272], [6597], [154], [867], [3486], [6508], [3992], [5243], [22943], [958], [1312], [2064], [3553], [7273], [6532], [197], [9759], [3162], [3958], [1557], [1789], [3934], [6387], [185], [6899], [7056], [25942], [5318], [627], [2296], [4049], [846]]
Cardio-auditory syndrome:[[1312], [627], [1535]]
Syndrome Jervell-Lange Nielsen:[[3784]]
Deafness Congenital and Functional Heart Disease:[[7099], [4312], [5781], [55636], [1910]]
PROLONGED QT INTERVAL IN EKG AND SUDDEN DEATH:[[]]
