Disorder of joint:[[2272], [7157], [8379], [861], [1636], [1312], [7124], [5999], [3569], [7494], [3845], [348], [1401], [4524], [1565], [1815], [79068], [51741], [3815], [2099], [7422], [177], [3553], [7040], [3759], [3586], [627], [8728], [4318], [7099], [9370], [5578], [841], [3952], [1499], [54715], [6347], [5159], [4160], [3458], [4846], [4790], [3479], [655], [7249], [2908], [6774], [2944], [3123], [6662], [596], [1602], [5743], [4035], [51738], [3106], [3605], [3576], [672], [4313], [3592], [3077], [6531], [4233], [4482], [2952], [5467], [5727], [5444], [3146], [1493], [5027], [4314], [5321], [3084], [2950], [4609], [64127], [2153], [5144], [1385], [7097], [154], [7852], [6696], [6387], [3603], [335], [4312], [4843], [1002], [2147], [6659], [4153], [9469], [406991], [3162], [4000], [960], [50943], [3606], [836], [7132], [8600], [5979], [3557], [9378], [1588], [4968], [1139], [3565], [142], [8743], [4340], [2247], [3552], [3481], [2562], [3672], [3630], [4282], [5173], [22943], [2260], [2290], [1280], [1277], [3934], [3360], [6352], [7276], [23245], [64478], [3953], [135], [3039], [650], [302], [3784], [860], [5741], [50964], [4170], [84062], [3627], [4210], [1728], [7291], [79987], [1656], [1490], [1803], [26224], [8678], [3600], [7204], [125], [4297], [7128], [5156], [6401], [4049], [2688], [80339], [4157], [268], [6403], [9021], [7046], [2149], [7018], [1240], [2316], [3570], [9218], [103], [1278], [155], [50616], [5654], [7508], [6288], [5294], [781], [3574], [102], [6262], [2643], [4041], [8792], [1910], [6473], [2073], [4544], [760], [80781], [1392], [2178], [6863], [9241]]
Arthropathy:[[4313], [3569], [7422], [59341], [3077], [10216], [4982], [4282], [8600], [4210], [1280], [7056], [249], [25939], [8792], [2512], [8838], [56172], [3081]]
Unspecified disorder of joint:[[7157], [7124], [2099], [348], [7422], [51741], [7040], [5159], [6774], [4790], [5578], [1499], [841], [672], [2908], [7249], [596], [5743], [4233], [836], [5467], [2260], [3084], [5144], [5321], [4609], [64127], [1385], [7852], [6387], [2147], [7132], [7046], [960], [142], [8743], [2290], [4170], [7128], [2316], [4297], [2149], [5294], [4208], [2782]]
Joint Diseases:[[9370], [7099], [3146], [5027], [50616], [3574], [655], [1311], [1520], [9869], [11167], [143903]]
Joint disorder unspecified:[[7157], [7124], [2099], [348], [7422], [51741], [7040], [5159], [6774], [4790], [5578], [1499], [841], [672], [2908], [7249], [596], [5743], [4233], [836], [5467], [2260], [3084], [5144], [5321], [4609], [64127], [1385], [7852], [6387], [2147], [7132], [7046], [960], [142], [8743], [2290], [4170], [7128], [2316], [4297], [2149], [5294], [4208], [2782]]
Joint Disease:[[7124], [3569], [3553], [7099], [3576], [5133], [1277], [7132], [8600], [1385], [5027], [6401], [1280], [2149], [3371], [1392], [1311], [4929], [2209], [282618], [5653], [2588], [9361], [4239], [8483]]
Unspecified disorder of joint site unspecified:[[7157], [51741], [2099], [7124], [348], [7422], [6774], [7040], [4790], [672], [836], [5159], [5578], [2260], [596], [2908], [1499], [142], [841], [4233], [5743], [4609], [7249], [7852], [6387], [2147], [960], [1385], [7046], [5321], [64127], [7132], [8743], [4170], [4297], [2316], [7128], [2149], [5294], [4208]]
Arthrosis:[[]]
Joint disorder:[[2272], [7157], [8379], [861], [1636], [1312], [7124], [5999], [3569], [7494], [3845], [348], [1401], [4524], [1565], [1815], [79068], [51741], [3815], [2099], [7422], [177], [3553], [7040], [3759], [3586], [627], [8728], [4318], [7099], [9370], [5578], [841], [3952], [1499], [54715], [6347], [5159], [4160], [3458], [4846], [4790], [3479], [655], [7249], [2908], [6774], [2944], [3123], [6662], [596], [1602], [5743], [4035], [51738], [3106], [3605], [3576], [672], [4313], [3592], [3077], [6531], [4233], [4482], [2952], [5467], [5727], [5444], [3146], [1493], [5027], [4314], [5321], [3084], [2950], [4609], [64127], [2153], [5144], [1385], [7097], [154], [7852], [6696], [6387], [3603], [335], [4312], [4843], [1002], [2147], [6659], [4153], [9469], [406991], [3162], [4000], [960], [50943], [3606], [836], [7132], [8600], [5979], [3557], [9378], [1588], [4968], [1139], [3565], [142], [8743], [4340], [2247], [3552], [3481], [2562], [3672], [3630], [4282], [5173], [22943], [2260], [2290], [1280], [1277], [3934], [3360], [6352], [7276], [23245], [64478], [3953], [135], [3039], [650], [302], [3784], [860], [5741], [50964], [4170], [84062], [3627], [4210], [1728], [7291], [79987], [1656], [1490], [1803], [26224], [8678], [3600], [7204], [125], [4297], [7128], [5156], [6401], [4049], [2688], [80339], [4157], [268], [6403], [9021], [7046], [2149], [7018], [1240], [2316], [3570], [9218], [103], [1278], [155], [50616], [5654], [7508], [6288], [5294], [781], [3574], [102], [6262], [2643], [4041], [8792], [1910], [6473], [2073], [4544], [760], [80781], [1392], [2178], [6863], [9241]]
Arthropathy unspecified site unspecified:[[7422], [59341]]
Arthrosis NOS:[[4843], [4842], [4846], [1956], [7422], [3091], [351], [2099], [6774], [5243], [5743], [1499], [6622], [3479], [29126], [3458], [339345], [154], [23411], [6648], [3162], [355], [6714], [857], [6667], [1027], [1559], [8743], [3791], [3757], [3320], [1756], [56729], [796], [5295], [4792], [4035], [801], [1509], [111365141], [383], [3753], [23569], [823], [953], [5592], [6097], [9722], [384], [23564], [79924], [6541], [2982], [11184], [406963], [7270], [2983], [2232], [2977], [340719]]
Joint disease:[[7124], [3569], [3553], [7099], [3576], [5133], [1277], [7132], [8600], [1385], [5027], [6401], [1280], [2149], [3371], [1392], [1311], [4929], [2209], [282618], [5653], [2588], [9361], [4239], [8483]]
Arthropathies:[[960], [1493], [3565], [929], [2214], [3566], [3575], [3037], [10216], [3036]]
Arthropathy unspecified:[[7422], [59341]]
