Keratoses Actinic:[[7157], [1029], [673], [596], [3265], [3240]]
AK - Actinic keratosis:[[7157], [1029], [3265], [1030], [4811]]
Keratinocytic intraepidermal neoplasia:[[]]
Keratosis Actinic:[[7157], [1956], [1029], [4318], [5743], [673], [7421], [596], [4313], [2146], [5594], [8626], [50943], [3265], [5595], [4436], [4323], [2312], [959], [5465], [4157], [2690], [1030], [9076], [4286], [7078], [10630], [5037], [7299], [6663], [3662], [406987], [4171], [3872], [4060], [9075], [3563], [2315], [4811], [90417]]
Actinic keratosis:[[7157], [1956], [1029], [4318], [5743], [673], [7421], [596], [4313], [2146], [5594], [8626], [50943], [3265], [5595], [4436], [4323], [2312], [959], [5465], [4157], [2690], [1030], [9076], [4286], [7078], [10630], [5037], [7299], [6663], [3662], [406987], [4171], [3872], [4060], [9075], [3563], [2315], [4811], [90417]]
Keratosis NOS:[[1956], [4035], [351], [5743]]
Solar keratosis:[[7157], [5290], [1956], [673], [4318], [5743], [2944], [4313], [5594], [2952], [2261], [4157], [4286], [4321], [6392], [2315]]
Senile keratosis:[[7157], [351], [2944], [2952], [1268]]
Actinic keratoses:[[7157], [1029], [673], [596], [3265], [3240]]
Hyperplastic keratosis:[[7157], [5290], [1956], [673], [3845], [1029], [5743], [596], [8626], [2146], [2261], [4436], [1030]]
SK - Solar keratosis:[[7157], [5290], [1956], [4318], [5743], [5594], [4313], [2261]]
Senile keratoma:[[351], [7157], [348], [2099], [1401], [4137], [7515], [2944], [5054], [2952], [6647], [23411], [2068], [2067], [581], [7276], [841], [4089], [4968], [650], [1268], [7052], [23621], [898], [7508], [7486], [5604], [1509], [6288], [2], [1269], [80781], [30061], [7498], [57447], [7051], [494336], [26353], [3908], [4052], [6406], [284217], [55851], [1305], [7779], [442907], [8406], [100379571], [131578], [284612], [646506]]
Atrophic keratosis:[[7157], [4318], [351], [596], [4313], [8626], [4323], [5460]]
