Seborrhoeic verruca:[[]]
Seborrheic keratosis NOS:[[1956]]
Seborrheic verruca:[[]]
Seborrhoeic keratosis:[[351], [2261], [9615]]
Verruca seborrheica:[[54106], [7098], [90865], [3456], [4585], [3438]]
Keratosis Seborrheica:[[51360], [7157], [5290], [1956], [4035], [1029], [4318], [3845], [351], [5743], [673], [7421], [488], [596], [2944], [619540], [4313], [5594], [1832], [2952], [2146], [3815], [50943], [8626], [3848], [3265], [5595], [2261], [4436], [5460], [4323], [959], [2312], [5465], [1268], [4157], [2690], [4311], [1030], [4286], [7078], [10630], [3290], [9076], [4254], [5037], [7299], [79719], [6663], [3662], [406987], [4171], [51371], [4321], [54583], [7220], [6392], [3872], [4060], [6303], [1075], [9075], [3563], [3857], [2315], [8710], [26154], [29997], [4811], [147409], [90417], [9615]]
Seborrheic Keratosis:[[5290], [1956], [3845], [1029], [596], [3815], [8626], [3265], [5460], [1268], [4311], [3290], [4254], [54583], [4060], [29997]]
BCP - Basal cell papilloma:[[1029], [596], [958]]
Seborrheic Keratoses:[[7157], [596], [5290], [2261]]
Pigmented basal cell papilloma:[[1029], [596], [7422], [5728], [2475], [50943], [6774], [673]]
Keratosis seborrhoeica:[[51360], [7157], [5290], [1956], [4035], [1029], [4318], [3845], [351], [5743], [673], [7421], [488], [596], [2944], [619540], [4313], [5594], [1832], [2952], [2146], [3815], [50943], [8626], [3848], [3265], [5595], [2261], [4436], [5460], [4323], [959], [2312], [5465], [1268], [4157], [2690], [4311], [1030], [4286], [7078], [10630], [3290], [9076], [4254], [5037], [7299], [79719], [6663], [3662], [406987], [4171], [51371], [4321], [54583], [7220], [6392], [3872], [4060], [6303], [1075], [9075], [3563], [3857], [2315], [8710], [26154], [29997], [4811], [147409], [90417], [9615]]
basal cell papilloma:[[7157], [1029], [1956], [596], [3586], [3569], [7422], [207], [2064], [7124], [595], [960], [8626], [958], [5728], [7015], [23513], [2475], [5925], [50943], [5133], [6774], [6714], [29126], [5747], [6513], [1026], [768], [836], [947], [5743], [6624], [5290], [3845], [4313], [3119], [9368], [332], [3082], [1050], [2950], [4288], [4968], [4524], [673], [5300], [6696], [2944], [331], [6256], [6598], [3925], [55107], [4502], [10474]]
Basal cell papilloma:[[7157], [1029], [1956], [596], [3586], [3569], [7422], [207], [2064], [7124], [595], [960], [8626], [958], [5728], [7015], [23513], [2475], [5925], [50943], [5133], [6774], [6714], [29126], [5747], [6513], [1026], [768], [836], [947], [5743], [6624], [5290], [3845], [4313], [3119], [9368], [332], [3082], [1050], [2950], [4288], [4968], [4524], [673], [5300], [6696], [2944], [331], [6256], [6598], [3925], [55107], [4502], [10474]]
KERATOSIS SEBORRHEIC:[[5290], [7157], [1956], [1029], [3845], [596], [3815], [2261], [8626], [3265], [5460], [1268], [4311], [4254], [3290], [54583], [4060], [29997]]
Seborrheic keratosis:[[5290], [1956], [3845], [1029], [596], [3815], [8626], [3265], [5460], [1268], [4311], [3290], [4254], [54583], [4060], [29997]]
Keratosis seborrheica:[[51360], [7157], [5290], [1956], [4035], [1029], [4318], [3845], [351], [5743], [673], [7421], [488], [596], [2944], [619540], [4313], [5594], [1832], [2952], [2146], [3815], [50943], [8626], [3848], [3265], [5595], [2261], [4436], [5460], [4323], [959], [2312], [5465], [1268], [4157], [2690], [4311], [1030], [4286], [7078], [10630], [3290], [9076], [4254], [5037], [7299], [79719], [6663], [3662], [406987], [4171], [51371], [4321], [54583], [7220], [6392], [3872], [4060], [6303], [1075], [9075], [3563], [3857], [2315], [8710], [26154], [29997], [4811], [147409], [90417], [9615]]
Seborrhoeic wart:[[]]
Basosquamous papilloma:[[]]
Verruca seborrhoeica:[[54106], [7098], [90865], [3456], [4585], [3438]]
Seborrheic wart:[[]]
