Herpes simplex keratitis:[[282617]]
HSV keratitis:[[3586], [7097], [7099], [54106], [282617], [30835], [4057], [51311]]
Keratitis Herpetic:[[3605], [7097], [54106], [1673]]
Keratitides Herpes Simplex:[[5818], [7098], [7157], [7124], [3661], [348], [4790], [7040], [207], [351], [2064], [4318], [3123], [1499], [7099], [7015], [3458], [7187], [5970], [1234], [1026], [332], [5290], [7097], [3690], [472], [3105], [5371], [3565], [836], [6667], [5879], [3725], [4000], [54106], [114548], [1471], [6772], [4869], [282617], [7132], [148022], [861], [3456], [3685], [4088], [3596], [1191], [4683], [7189], [10855], [998], [545], [2312], [4792], [5610], [23586], [1958], [3932], [6382], [3678], [1977], [2547], [8651], [3312], [7514], [10664], [5294], [8517], [5604], [7520], [3428], [4691], [81622], [340061], [6591], [29110], [8737], [2833], [1378], [1616], [9575], [7082], [25939], [283131], [7874], [546], [6775], [9076], [6890], [488], [4361], [3190], [1861], [1072], [912], [1514], [9531], [9759], [10892], [4599], [1654], [8764], [3482], [1965], [7251], [57506], [2237], [5978], [942], [6404], [637], [8473], [5429], [10111], [5587], [1785], [3181], [6590], [941], [1460], [115004], [10015], [4283], [9451], [1520], [4478], [6891], [3665], [5734], [71], [282618], [2571], [28996], [4001], [3054], [5251], [6773], [5605], [1759], [5732], [5873], [925], [9734], [5313], [134], [4938], [8301], [10014], [10747], [6373], [11035], [3694], [6428], [200315], [7317], [8740], [29843], [3337], [8349], [10482], [3977], [5861], [5359], [8815], [6672], [8575], [366], [667], [1475], [64806], [10189], [8851], [5819], [3660], [3642], [2965], [56829], [23186], [25803], [4301], [1831], [56300], [23650], [6047], [22954], [547], [2674], [5494], [8370], [1975], [9739], [10276], [25842], [1512], [9046], [6432], [3696], [81876], [28999]]
Keratitides Herpetic:[[348], [3605], [7097], [6772], [54106], [3627], [1673], [2643], [4283], [3428], [6373], [10480]]
Herpetic keratitis:[[54106], [1673]]
Ocular Herpes Simplex:[[3456]]
Ophthalmic herpes simplex:[[6382], [25803]]
Herpes simplex ophthalmicus:[[7098]]
Keratitis Herpes Simplex:[[114548], [7099], [7097], [54106], [282617]]
