Renal Medullary Necrosis:[[7124], [8600], [768], [7157], [3569], [7422], [4790], [4582], [1956], [3091], [207], [7369], [29126], [6774], [5743], [7015], [1906], [3845], [7421], [3605], [1029], [1499], [4851], [3565], [4313], [406991], [960], [595], [796], [6696], [5133], [1026], [1027], [3791], [407040], [10413], [2100], [3558], [4288], [1191], [5925], [23405], [378938], [3303], [6790], [3570], [1910], [406936], [5777], [2641], [6198], [4878], [1909], [2668], [6019]]
Renal papillary necrosis:[[3576], [355], [7133], [8743], [356], [4233], [7157], [7422], [8771], [1956], [4609], [7040], [3091], [3586], [207], [4318], [4790], [3553], [3952], [7015], [5970], [6774], [596], [3146], [1401], [1029], [5743], [29126], [2064], [3479], [5728], [1499], [3845], [2625], [406991], [6347], [595], [4780], [7852], [1432], [7097], [1906], [3717], [4313], [6772], [5594], [3958], [6696], [1027], [841], [7421], [23411], [3605], [5468], [4851], [3815], [960], [4193], [4582], [50943], [836], [51738], [2146], [3082], [2100], [7076], [7291], [1026], [4288], [3791], [5133], [3135], [406938], [6352], [3106], [407040], [682], [2247], [8772], [406947], [2335], [6648], [5599], [10413], [3552], [6667], [2056], [581], [1490], [1116], [7098], [5071], [6401], [5329], [10631], [4316], [6615], [1277], [1191], [796], [2150], [406937], [2261], [23405], [331], [7424], [5925], [2305], [7077], [5265], [4804], [6790], [3065], [1869], [378938], [8877], [8314], [947], [3620], [8542], [1786], [9971], [7052], [3596], [51561], [5580], [5155], [58191], [9076], [406936], [284], [7046], [2852], [5176], [406989], [5175], [407021], [3329], [6198], [7078], [7037], [6678], [5562], [3875], [1909], [6403], [406987], [1051], [246778], [7039], [406973], [3554], [8660], [406941], [56848], [407010], [6421], [406881], [23600], [6277], [5716], [10197], [407012], [6374], [407054], [835], [4841], [406884], [57591], [406972], [406954], [574032], [84417], [768218], [192343]]
Medullary necrosis:[[7124], [8600], [8792], [7157], [3569], [7422], [4790], [4582], [1956], [3091], [207], [29126], [6774], [5743], [3605], [3845], [672], [7015], [796], [7421], [3565], [1029], [1499], [1906], [4851], [4313], [406991], [960], [595], [1026], [2100], [5925], [10413], [6696], [5133], [1027], [1191], [3791], [407040], [5896], [3558], [4288], [23405], [6790], [3303], [3570], [4893], [5897], [7369], [5777], [378938], [6198], [2641], [768], [494324], [4878], [2668], [1910], [406936], [3976], [1909], [1734], [6019]]
Necrotizing papillitis:[[5903], [7157], [7099], [7422], [7124], [3569], [7040], [4790], [3123], [3576], [3553], [1080], [3458], [3605], [4879], [3162], [50943], [857], [64127], [4282], [387], [4153], [5879], [4288], [929], [1950], [4314], [56729], [3481], [196], [90865], [149233], [4057], [3551], [3566], [1673], [3659], [4092], [2169], [1839], [4179], [112744], [55054], [406933], [3156], [11082], [3920], [1287], [4478], [55894], [728], [389], [7066], [6283], [10020], [23643], [2220], [57154], [1373], [9075], [554210], [6282], [83706], [2760], [59307], [84666], [100302276], [6728]]
Renal Papillitis Necrotizing:[[7157], [7099], [7422], [7124], [3569], [7040], [4790], [1950], [3553], [3576], [3123], [4879], [3458], [3162], [50943], [857], [1080], [3605], [4282], [56729], [387], [4288], [5879], [64127], [4153], [929], [3481], [90865], [4314], [196], [3566], [2169], [3551], [1287], [728], [4092], [406933], [4179], [112744], [11082], [4478], [7066], [6282], [554210], [9075]]
Papillary Necrosis Kidney:[[7422], [3576], [355], [7133], [8743], [356], [7157], [8771], [4318], [7040], [1956], [3091], [3586], [4790], [4582], [4233], [3952], [207], [6774], [1401], [2064], [3553], [3605], [6347], [5970], [3479], [1499], [406991], [3146], [5743], [596], [5728], [29126], [4313], [7015], [6696], [3845], [1029], [7421], [3958], [3717], [23411], [4780], [1906], [7097], [841], [672], [595], [836], [7852], [5468], [50943], [51738], [1432], [8772], [5594], [4609], [3106], [406947], [6772], [406938], [1027], [581], [3135], [960], [627], [2100], [2625], [3815], [682], [4851], [6352], [4193], [1026], [3552], [3082], [7076], [10413], [2056], [1490], [1116], [7098], [5071], [7424], [6648], [5133], [3791], [1191], [23405], [5599], [4893], [2261], [7077], [5329], [6667], [796], [2335], [1277], [4255], [2146], [7474], [3593], [6790], [2247], [331], [5925], [3620], [10631], [378938], [4316], [7046], [9971], [2150], [4804], [3880], [8542], [8877], [947], [3065], [5265], [51561], [6615], [5580], [58191], [406937], [3084], [1786], [7052], [3689], [2852], [5176], [3329], [6198], [5562], [3875], [6403], [5155], [284], [6678], [7078], [7037], [1909], [7039], [5175], [1051], [4217], [8314], [56848], [3856], [8660], [3554], [406987], [4791], [148022], [406936], [494324], [23600], [6997], [5716], [10197], [5696], [6277], [5795], [835], [407010], [57591], [6421], [6385], [4841], [6281], [9308], [10653], [406972], [84417], [9448], [678], [84231], [192343]]
Necrotising papillitis:[[5903], [10747]]
Necrotising renal papillitis:[[]]
Renal Papillitides Necrotizing:[[7157], [7099], [7422], [7124], [3569], [7040], [4790], [1950], [3553], [3576], [3123], [4879], [3458], [3162], [50943], [857], [1080], [3605], [4282], [56729], [387], [4288], [5879], [64127], [4153], [929], [3481], [90865], [4314], [196], [3566], [2169], [3551], [1287], [728], [4092], [406933], [4179], [112744], [11082], [4478], [7066], [6282], [554210], [9075]]
Necrotizing renal papillitis:[[]]
Papillary necrosis:[[3576], [355], [7133], [8743], [356], [8771], [7157], [7422], [4233], [1956], [7040], [3091], [3586], [207], [4318], [4790], [2064], [3553], [3952], [5970], [7015], [3146], [6774], [1401], [3845], [3717], [1029], [5743], [841], [29126], [672], [596], [3479], [3605], [5728], [1499], [406991], [6347], [4780], [595], [1432], [7852], [836], [7097], [4313], [5594], [3958], [1027], [4609], [6696], [6772], [7421], [23411], [406938], [8772], [2100], [7291], [627], [1906], [4288], [5468], [3552], [6352], [4851], [3815], [960], [3106], [4193], [4582], [51738], [50943], [7098], [1026], [5599], [4893], [1116], [1277], [3082], [2261], [7076], [2146], [7424], [406947], [5071], [6667], [23405], [3791], [5133], [796], [5925], [2335], [3135], [6401], [6648], [4255], [1191], [3593], [407040], [581], [331], [682], [10413], [6790], [3880], [8877], [2247], [4804], [5265], [947], [10631], [5329], [3620], [2625], [3065], [1869], [9971], [51561], [2150], [6615], [2056], [3084], [406937], [7474], [1490], [3596], [1786], [2305], [5580], [378938], [4316], [9076], [7052], [6198], [2852], [4586], [7077], [3689], [3329], [284], [7046], [5562], [3875], [6403], [7078], [5155], [7037], [407035], [407021], [1051], [6678], [7039], [5175], [5176], [246778], [4217], [2194], [58191], [8314], [1048], [406989], [8542], [406987], [3856], [3554], [4585], [148022], [4791], [406973], [1909], [406941], [494324], [406936], [406881], [8660], [1734], [6997], [56848], [5716], [10197], [5696], [6277], [407012], [5795], [23600], [6374], [407054], [407010], [835], [6421], [6385], [4841], [57591], [6281], [406955], [406884], [3161], [406954], [574032], [9308], [10653]]
Renal medullary necrosis:[[7124], [8600], [768], [7157], [3569], [7422], [4790], [4582], [1956], [3091], [207], [7369], [29126], [6774], [5743], [7015], [1906], [3845], [7421], [3605], [1029], [1499], [4851], [3565], [4313], [406991], [960], [595], [796], [6696], [5133], [1026], [1027], [3791], [407040], [10413], [2100], [3558], [4288], [1191], [5925], [23405], [378938], [3303], [6790], [3570], [1910], [406936], [5777], [2641], [6198], [4878], [1909], [2668], [6019]]
