Renal stones:[[7369], [7421], [367], [9058], [6696], [3383], [525], [358], [846], [7076], [9365], [2335], [5741], [5328], [4256], [1591], [155], [84876], [149461], [10257], [259], [9474], [148], [6519], [10686], [407031], [80326], [1186], [11136]]
KIDNEY STONES:[[7421], [7369], [6696], [846], [9365], [5741], [23562], [4256], [9474], [189], [259], [3642], [353], [407031], [525], [55811], [9058], [58510]]
Nephrolith:[[]]
Renal Calculus:[[]]
Stone in kidney:[[6696], [249], [26762], [7369], [6279], [5967], [7421], [7040], [348], [3569], [1401], [6569], [6347], [23411], [846], [3934], [51738], [5444], [2147], [8074], [999], [9365], [960], [116085], [3082], [197], [650], [5741], [3557], [23435], [2335], [796], [5328], [23562], [1594], [1591], [84876], [84557], [9368], [28996], [259], [799], [6891], [189], [6550], [23314], [525], [55503], [9075], [55872], [6336], [65010], [142680], [9058], [160851]]
Kidney stones:[[7421], [7369], [6696], [846], [9365], [5741], [23562], [4256], [9474], [189], [259], [3642], [353], [407031], [525], [55811], [9058], [58510]]
Renal Calculi:[[56606]]
Stone Kidney:[[6696], [249], [26762], [7369], [6279], [5967], [7421], [7040], [348], [3569], [1401], [6569], [6347], [23411], [846], [3934], [51738], [5444], [2147], [8074], [999], [9365], [960], [116085], [3082], [197], [650], [5741], [3557], [23435], [2335], [796], [5328], [23562], [1594], [1591], [84876], [84557], [9368], [28996], [259], [799], [6891], [189], [6550], [23314], [525], [55503], [9075], [55872], [6336], [65010], [142680], [9058], [160851]]
NEPHROLITHIASIS CALCIUM OXALATE:[[7421], [6696], [846], [406947], [197], [84876], [160851], [10861], [799]]
Renal stone:[[6696], [116085], [6279], [5967], [7421], [6569], [7040], [348], [3569], [7369], [1401], [999], [9058], [6347], [5444], [23411], [960], [846], [3934], [525], [3082], [51738], [8074], [2147], [9365], [407040], [2335], [3557], [9368], [650], [197], [5741], [5328], [26762], [796], [1591], [249], [84876], [84557], [1594], [259], [6891], [28996], [23314], [56302], [6550], [9075], [142680]]
Kidney Calculus:[[]]
Stones Kidney:[[7369], [358], [11136], [7421], [6696], [367], [23562], [3383], [846], [9365], [58510], [5741], [7076], [2335], [4256], [5328], [10257], [84876], [1591], [9474], [259], [189], [525], [80326], [6519], [1186], [353], [886], [7434], [3642], [407031], [10686], [55811], [9058], [149461], [55034]]
Kidney stone:[[7421], [2147], [23411], [6696], [3934], [3082], [846], [5741], [84876], [249], [26762], [7369], [28996], [259], [799], [9075], [55872], [6336], [65010], [23562], [142680], [9058]]
Calculus of kidney:[[3569], [3605], [3553], [114548], [4256], [3552]]
Renal calculi:[[56606]]
Kidney calculus:[[]]
Renal calculus:[[]]
Nephrolithiasis:[[7421], [358], [6569], [4318], [3553], [999], [2161], [9368], [2944], [6696], [2952], [846], [1184], [183], [929], [3934], [4982], [6934], [406947], [9075], [8074], [197], [2876], [84876], [249], [160851], [1672], [1591], [56606], [7369], [22891], [10636], [7031], [116085], [5087], [4543], [11185], [799], [56302], [6519], [7361], [525], [345456], [65010], [56246], [5136], [84182], [10861], [284889]]
Kidney Calculi:[[]]
