EPM2:[[7957], [378884]]
Lafora Disease:[[7957], [7157], [378884], [28996], [1856], [4826], [5507], [5509]]
Lafora Progressive Myoclonus Epilepsy:[[7957], [378884], [5509]]
Lafora Myoclonic Epilepsy:[[378884]]
Progressive Myoclonic Epilepsy Lafora Type:[[378884]]
EPM2A:[[7957], [378884], [9852], [2932], [8878], [3308], [8678], [5315], [5562], [7415], [2289], [10273], [9049], [5710], [7334], [5563], [5289], [6310], [10197], [10963], [6996], [10728], [5702], [10614], [22948], [6134], [5536], [55611], [5689], [10210], [6733], [27247], [9868], [5565], [1967], [22824], [30849], [10953], [7411], [9377], [5507], [22870], [79892], [9701], [23277], [10042], [5509], [8987], [57037]]
Epilepsy Progressive Myoclonic 2A:[[4204], [773], [4541]]
LAFORA BODY DISEASE:[[]]
Lafora disease:[[7957], [7157], [378884], [28996], [1856], [4826], [5507], [5509]]
Epilepsy Progressive Myoclonic 2:[[3569], [950], [4204], [5428], [9570], [427], [2147], [3746], [84823], [154881], [773], [6792], [10715], [79587], [6334], [56978], [10501], [84138], [166336], [1822], [2629], [10059], [1476], [2055], [5274], [3798], [378884], [4541]]
MYOCLONIC EPILEPSY OF LAFORA:[[378884]]
LAFORA DISEASE:[[7957], [7157], [378884], [28996], [1856], [4826], [5507], [5509]]
LBD:[[5468], [2099], [367], [7421], [2908], [2100], [1956], [348], [5465], [3845], [3172], [6622], [5241], [6256], [5914], [5467], [7068], [10062], [5915], [8856], [9971], [3164], [3949], [4306], [3082], [4929], [6095], [2261], [255738], [2494], [1139], [2516], [2896], [3303], [7182], [1137], [1969], [285], [9970], [1138], [2048], [7067], [2104], [1143], [6382], [1136], [5916], [2101], [190], [2050], [2562], [7010], [6097], [2051], [7026], [7376], [2566], [3359], [2902], [5629], [8013], [2045], [8473], [8431], [2103], [5469], [2042], [10499], [2043], [9177], [6257], [1135], [2044], [51083], [23532], [1134], [10002], [6258], [9572], [2041], [2569], [22897], [1145], [7025], [3670], [10370], [2047], [8973], [1142], [89832], [2570], [7181], [2649], [10011], [7101], [9975], [2046], [2567], [285220], [2743], [2556], [1144], [2557], [2892], [57488], [7447], [10294], [2049], [2559], [2564], [55584], [8022], [8861], [6096], [1946], [23344], [2742], [2568], [3174], [1140], [387755], [10369], [4435], [8001], [10418], [2563], [29950], [285242], [2063], [22895], [170572], [57053], [10295], [284656], [55879], [200909], [83850], [200959], [353174], [387707]]
Lafora Body Disorder:[[7957], [7157], [178], [378884]]
MELF:[[7957], [3845], [999], [7852], [6387], [6275], [5426], [3855], [9547]]
Progressive Myoclonic Epilepsy Lafora:[[378884]]
Lafora body disease:[[]]
Progressive Myoclonus Epilepsy Lafora Type:[[7957], [378884], [5509]]
Lafora Body Disease:[[]]
Myoclonic Epilepsy of Lafora:[[378884]]
EPILEPSY PROGRESSIVE MYOCLONIC 2A:[[4204], [773], [4541]]
Progressive Myoclonic Epilepsy Type 2:[[950], [378884], [166336], [1476], [5274], [427], [4541]]
