Laryngeal Disease:[[]]
Disease of larynx NOS:[[7422], [1956], [3091], [29126]]
Disease of larynx:[[1029], [335], [7422], [1956], [7040], [4524], [7015], [5594], [7157], [10], [3315], [6794], [2064], [3091], [1789], [5728], [3845], [103], [4548], [999], [4609], [29126], [596], [595], [332], [7515], [960], [126], [50943], [4292], [4288], [2068], [5241], [3265], [2067], [4968], [407040], [1786], [5111], [8091], [4893], [1958], [6657], [7517], [4683], [4072], [2194], [43], [9], [79026], [2072], [4522], [9112], [6470], [1644], [2737], [6317], [4070], [81037], [55145], [2253], [83596], [58508], [5947], [7991], [10158], [116113]]
Larynx:[[7157], [1956], [7422], [7040], [4524], [1029], [2064], [3091], [5728], [3845], [7015], [999], [4609], [29126], [596], [5594], [595], [332], [7515], [960], [50943], [335], [4292], [4288], [2068], [5241], [10], [3265], [2067], [4968], [407040], [6657], [1786], [3315], [5111], [8091], [4893], [6794], [1958], [7517], [4683], [1789], [4072], [103], [2194], [4548], [9112], [43], [2737], [9], [126], [2072], [4070], [4522], [7913], [6317], [6470], [1644], [2253], [55145], [81037], [83596], [58508], [9400], [79026], [5947], [7991], [10158], [116113], [53836], [100302133], [724027]]
Disorder of the larynx:[[7157], [3845], [4524], [7422], [1956], [7040], [5111], [5728], [4893], [3091], [596], [7015], [5594], [4609], [2072], [960], [335], [50943], [4292], [1786], [2068], [4968], [5241], [6657], [3315], [6794], [103], [4548], [7991], [43], [126], [4522], [1644], [58508]]
Larynx Diseases:[[]]
Disorder of larynx:[[7157], [3845], [4524], [7422], [1956], [7040], [5111], [5728], [4893], [3091], [596], [7015], [5594], [4609], [2072], [960], [335], [50943], [4292], [1786], [2068], [4968], [5241], [6657], [3315], [6794], [103], [4548], [7991], [43], [126], [4522], [1644], [58508]]
Larynx Disease:[[]]
Laryngeal Diseases:[[]]
Unspecified disease of larynx:[[1029], [7422], [1956], [7040], [7157], [5594], [7015], [3315], [2064], [3091], [595], [999], [596], [4609], [960], [5111], [3265], [5241], [4893]]
