Saturnine poisoning:[[7157], [7124], [348], [3569], [7421], [1029], [5243], [1401], [4790], [4846], [2944], [4193], [5444], [4879], [1026], [2952], [2950], [3146], [7515], [183], [1906], [6648], [3934], [5071], [3082], [1471], [2157], [2068], [213], [217], [1728], [4353], [1571], [2067], [4968], [6285], [10135], [22943], [100124700], [7517], [551], [7345], [43], [4595], [2052], [9332], [3925], [2670], [2026], [1356], [8742], [7416], [210], [9423], [4155], [1647], [2170], [1441], [58157], [4521], [2993], [7155], [5015], [54578], [57412], [5359], [4489], [56302], [57510], [23143]]
Lead - toxic effect:[[10891], [348], [7157], [351], [7124], [4137], [5460], [1956], [6622], [7422], [3569], [7040], [6387], [3586], [1557], [6647], [8626], [3107], [5728], [3845], [7421], [3576], [1499], [207], [596], [5743], [999], [4318], [7099], [627], [6532], [5243], [3952], [673], [2950], [9370], [5594], [5444], [1026], [4313], [4780], [2944], [472], [120892], [7097], [3815], [3458], [1813], [355], [4000], [5595], [1493], [23435], [6347], [3146], [2932], [4851], [1432], [9429], [2908], [3375], [3064], [4312], [581], [5663], [196], [1576], [3162], [2332], [3105], [5133], [6331], [5621], [6648], [54106], [2521], [6352], [4843], [4255], [1788], [7276], [5071], [25], [356], [203228], [213], [4353], [2152], [4869], [3320], [847], [65018], [90865], [7098], [210], [10257], [30835], [5562], [5741], [3600], [23621], [5315], [11093], [1019], [7253], [135], [11315], [3958], [3240], [6382], [7133], [4582], [24], [10018], [2876], [7018], [4297], [4803], [4653], [5329], [1017], [998], [6198], [301], [1789], [9076], [983], [2778], [240], [773], [4049], [4842], [4852], [10273], [551], [7415], [768], [4067], [9927], [6335], [9817], [4129], [567], [7172], [407029], [2705], [4287], [3291], [43], [5037], [57379], [3875], [26762], [8989], [6506], [5376], [1861], [83990], [1581], [1734], [54600], [1674], [5216], [3931], [10332], [23400], [4069], [6440], [6507], [11035], [8714], [6314], [140803], [5274], [57165], [608], [64116], [255022]]
Toxic effect of unspecified lead compound:[[7157], [7124], [348], [1956], [7040], [207], [7422], [1026], [6387], [7421], [5594], [596], [1432], [5595], [472], [3064], [25], [581], [2332], [1017], [7253], [7133], [4067]]
Poisonings Lead:[[7157], [1956], [7124], [7422], [351], [348], [3569], [7040], [4524], [2099], [3091], [4137], [3586], [672], [6774], [3845], [7421], [2064], [3553], [5728], [367], [4790], [1080], [3576], [7015], [1499], [207], [2475], [6622], [5743], [1029], [7099], [4609], [627], [3952], [675], [1636], [596], [5290], [3077], [4318], [7852], [5243], [673], [4846], [999], [5468], [2950], [9370], [1401], [472], [3123], [3717], [29126], [6532], [6647], [2147], [51738], [4000], [4193], [1312], [4780], [4313], [3815], [183], [3479], [2944], [5594], [355], [1493], [4233], [595], [5444], [6347], [2932], [1026], [406991], [920], [6696], [4851], [50943], [3458], [5054], [120892], [1432], [4879], [3480], [7450], [7097], [3105], [1813], [5925], [3146], [1234], [3605], [5879], [2952], [5595], [1027], [2908], [23411], [2146], [960], [3606], [3690], [836], [6387], [1906], [9429], [335], [332], [4312], [142], [23435], [8626], [6714], [1565], [185], [154], [2706], [64127], [5133], [4204], [3630], [79068], [3135], [114548], [3565], [25], [5663], [3043], [177], [2322], [5979], [3162], [1557], [6331], [3383], [857], [3075], [2100], [4292], [1576], [5621], [2068], [5241], [841], [54106], [6648], [4153], [387], [6531], [3784], [2321], [10413], [2309], [2332], [1277], [3934], [8678], [4843], [3557], [3688], [7276], [338], [3320], [3039], [406947], [1543], [3064], [4582], [861], [5599], [3417], [4255], [238], [406938], [4288], [7161], [5071], [203228], [3958], [356], [4436], [4982], [10891], [324], [4314], [3791], [19], [3725], [1786], [7428], [2247], [3953], [6934], [3481], [2308], [581], [4023]]
Toxic effects of lead and its compounds:[[351], [7157], [1956], [4137], [120892], [6622], [3569], [7040], [3845], [5728], [5243], [207], [5743], [4780], [596], [4318], [7099], [627], [2950], [5594], [2944], [5444], [1026], [472], [4313], [5621], [1813], [7097], [2932], [1576], [3815], [9429], [5595], [1432], [4851], [196], [5071], [581], [1557], [43], [4843], [213], [3958], [6352], [5562], [1017], [4353], [2778], [65018], [9076], [7172], [9817], [768], [8989], [5037], [4129], [8714], [6507]]
Toxic effect of lead compound:[[7124], [7157], [348], [1956], [7040], [207], [7422], [3569], [6387], [5728], [3845], [1557], [7421], [6647], [3107], [5444], [3576], [5243], [596], [1026], [4318], [7099], [5594], [120892], [2944], [4780], [3952], [3458], [6347], [3815], [472], [6331], [7276], [5595], [5071], [3146], [1432], [9429], [6352], [3064], [25], [3162], [4312], [581], [5663], [2332], [196], [1576], [10257], [4353], [5562], [847], [11093], [65018], [23621], [24], [7253], [135], [7133], [4653], [1017], [301], [4067], [2778], [7172], [768], [9927], [6335], [4129], [8989], [3291], [57379], [23400], [4069], [140803]]
Lead compound poisoning:[[7157], [7124], [348], [3569], [7421], [4790], [5243], [5444], [4846], [1026], [4193], [2944], [5071], [3146], [4353], [2068], [3082], [2157], [4595]]
Lead poisoning:[[7421], [2950], [183], [100124700], [210], [56302], [57510]]
Plumbism:[[]]
Toxic effect of lead and its compounds (including fumes):[[7040], [2944]]
Toxic effects of lead and its compounds NOS:[[4843], [351], [1956], [6622], [5243], [5743]]
Poisoning Lead:[[7157], [7124], [348], [3569], [7421], [4790], [1029], [5243], [4846], [2950], [1401], [4193], [183], [5444], [2944], [1026], [4879], [3146], [2952], [1906], [2068], [6648], [3934], [210], [5071], [1471], [4968], [213], [3082], [2157], [10135], [4353], [6285], [22943], [100124700], [551], [43], [4595], [3925], [1356], [5359], [7416], [1647], [1441], [4489], [56302], [57510]]
