Leber Congenital Amaurosis:[[167691], [150082], [64802], [3000], [6121], [23418], [23746], [80184], [1406], [145226], [57096], [7287], [9227], [3614], [3769], [55812], [10383], [392255], [343035], [778], [24], [85015], [10318], [8615], [23164], [3092], [2026], [7798], [8476], [7399], [4647], [165530], [1495], [5961], [163786], [1121], [10537], [7840], [9657], [58513], [285440], [4867], [1261], [54806], [6101], [79812], [6785], [51667], [54714], [23307], [4901], [283234], [10198], [585], [9256], [5132], [64753], [9742], [148870], [114827], [115861], [23059], [57709]]
Lebers Amaurosis:[[6121], [1406], [57096]]
Leber Abiotrophy:[[]]
Leber's Amauroses:[[7157], [4137], [4535], [2052], [4976], [2026], [6121], [4538], [3858], [23746], [3000], [4508], [778], [10560], [4540], [4541], [665], [57096], [80207], [51067], [343035], [4007], [4576], [6775063], [6775098], [6775066]]
Congenital retinal blindness:[[3000], [6121], [6010], [24], [7422], [9187], [2779], [778], [343035], [2784], [4308], [64802], [60506], [23746], [80184], [57010], [2916], [5158], [4137], [57096], [3769], [4976], [1121], [4647], [1261], [9657], [5956], [2652], [115861], [23093], [128408]]
Congenital Retinal Blindness:[[3000], [6121], [6010], [24], [7422], [9187], [2779], [778], [343035], [2784], [4308], [64802], [60506], [23746], [80184], [57010], [2916], [5158], [4137], [57096], [3769], [4976], [1121], [4647], [1261], [9657], [5956], [2652], [115861], [23093], [128408]]
Leber Congenital Tapetoretinal Degeneration:[[]]
Leber's amaurosis:[[6121], [23746], [3000], [57096], [2026], [343035], [778], [10560]]
Leber amaurosis:[[167691], [64802], [150082], [6121], [23418], [3000], [23746], [80184], [1406], [145226], [57096], [9227], [3614], [7287], [10383], [3769], [55812], [392255], [343035], [24], [10318], [2026], [8615], [85015], [3092], [4647], [7399], [1495], [23164], [5961], [1121], [8476], [10537], [778], [7798], [7840], [285440], [163786], [4867], [1261], [54806], [9657], [6101], [58513], [6785], [54714], [51667], [165530], [79812], [4901], [585], [5132], [23307], [10198], [9742], [283234], [64753], [9256], [148870], [115861], [23059], [114827], [57709]]
Leber congenital amaurosis:[[167691], [150082], [64802], [3000], [6121], [23418], [23746], [80184], [1406], [145226], [57096], [7287], [9227], [3614], [3769], [55812], [10383], [392255], [343035], [778], [24], [85015], [10318], [8615], [23164], [3092], [2026], [7798], [8476], [7399], [4647], [165530], [1495], [5961], [163786], [1121], [10537], [7840], [9657], [58513], [285440], [4867], [1261], [54806], [6101], [79812], [6785], [51667], [54714], [23307], [4901], [283234], [10198], [585], [9256], [5132], [64753], [9742], [148870], [114827], [115861], [23059], [57709]]
Leber's Amaurosis:[[6121], [23746], [3000], [57096], [2026], [343035], [778], [10560]]
CRB - Congenital retinal blindness:[[]]
Leber Congenital Amauroses:[[167691], [64802], [150082], [3000], [6121], [23418], [23746], [80184], [1406], [4524], [145226], [57096], [7287], [9227], [3614], [10383], [3769], [55812], [392255], [778], [4535], [54539], [343035], [24], [4508], [4976], [10318], [2026], [8615], [85015], [3092], [7399], [4647], [1495], [23164], [5961], [1121], [8476], [10537], [7840], [7798], [285440], [163786], [4867], [1261], [54806], [9657], [6101], [58513], [6785], [54714], [51667], [165530], [79812], [4901], [585], [5132], [23307], [9742], [10198], [283234], [64753], [9256], [148870], [115861], [23059], [114827], [57709]]
Retinal Blindnesses Congenital:[[3000], [2218], [6121], [24], [2324], [5961], [54719], [146059], [5290], [857], [7422], [6010], [167691], [1080], [1401], [79147], [343035], [1545], [7040], [9187], [5631], [3569], [4524], [5054], [4901], [3091], [2147], [7124], [406987], [64802], [7157], [2697], [1956], [1636], [351], [4790], [7099], [3953], [23418], [3479], [23746], [4879], [23581], [207], [778], [4803], [55603], [1906], [6927], [673], [596], [2784], [80184], [59341], [9370], [4851], [4846], [7010], [3553], [1282], [1406], [5743], [182], [55624], [627], [406991], [5468], [3952], [5243], [4137], [2153], [2668], [1499], [3717], [4313], [3458], [5080], [145226], [3162], [3383], [2779], [332], [2512], [7097], [4208], [2321], [5781], [11277], [3486], [217], [1291], [1583], [3135], [4935], [861], [429], [51738], [7428], [1280], [4914], [2034], [4308], [6469], [652], [3934], [57096], [4843], [1001], [185], [338], [2056], [10159], [5027], [1277], [3481], [3614], [7042], [2260], [285], [1471], [3769], [6662], [196], [7068], [7287], [7076], [23405], [1409], [3627], [4915], [9227], [60506], [59272], [4018], [4976], [7048], [406937], [4087], [378938], [57010], [2735], [2670], [8854], [6786], [3570], [2688], [7133], [4615], [84876], [392255], [9353], [7077], [5158], [7056], [7018], [55812], [2006], [3673], [59], [1121], [5617], [3897], [7399], [186], [5015], [406984], [2916], [6247], [5076], [9839], [7299], [4772], [406958], [4179], [4284], [6101], [90167], [406907], [2048], [2026], [8085], [4647], [3205], [3670], [4547], [1131], [2495], [10466], [3549], [79644], [1948], [654], [11035], [285440], [1301], [7840], [776], [3730], [6646], [10537]]
Leber Abiotrophies:[[167691], [64802], [4524], [6121], [150082], [23418], [3000], [23746], [80184], [4535], [100188775], [1406], [4538], [4508], [145226], [4540], [4536], [3614], [9227], [10383], [7287], [24], [57096], [4541], [3769], [4976], [4519], [392255], [55812], [4514], [2026], [10318], [4647], [7399], [1495], [343035], [5961], [1121], [3092], [10537], [8615], [6389], [7840], [778], [4744], [285440], [4867], [1261], [54806], [4539], [6101], [8476], [23164], [6785], [54714], [4007], [163786], [9657], [4719], [7798], [58513], [51667], [4901], [85015], [585], [5132], [79812], [9742], [4694], [54539], [23307], [10198], [283234], [64753], [165530], [9256], [115861], [23059], [57709], [148870], [114827], [6775063], [6775098]]
Leber Amaurosis:[[167691], [64802], [150082], [6121], [23418], [3000], [23746], [80184], [1406], [145226], [57096], [9227], [3614], [7287], [10383], [3769], [55812], [392255], [343035], [24], [10318], [2026], [8615], [85015], [3092], [4647], [7399], [1495], [23164], [5961], [1121], [8476], [10537], [778], [7798], [7840], [285440], [163786], [4867], [1261], [54806], [9657], [6101], [58513], [6785], [54714], [51667], [165530], [79812], [4901], [585], [5132], [23307], [10198], [9742], [283234], [64753], [9256], [148870], [115861], [23059], [114827], [57709]]
