Subacute necrotizing encephalomyelopathy:[[]]
Subacute Necrotizing Encephalomyelitis:[[]]
Subacute Necrotizing Encephalopathy:[[]]
SNEM - Subacute necrotising encephalomyelopathy:[[]]
Subacute Necrotizing Encephalomyelopathies:[[]]
Subacute necrotizing encephalopathy:[[]]
Leigh syndrome:[[2475], [5428], [6464], [4508], [6834], [10128], [5160], [4540], [6389], [4724], [4537], [4536], [4538], [4512], [1892], [80704], [4722], [4719], [4541], [5190], [4723], [4720], [522], [374291], [4514], [4728], [4565], [84705], [4705], [1355], [51117], [91942], [29078], [4695], [137682], [55967], [123263], [79133], [51204], [84340], [4578], [100131801], [284184], [6775063], [6775074]]
Subacute necrotising encephalopathy:[[]]
Leighs disease:[[]]
Subacute necrotising encephalomyelopathy:[[]]
Leighs Disease:[[]]
Subacute Necrotizing Encephalomyelitides:[[]]
Subacute Necrotizing Encephalopathies:[[]]
Subacute Necrotizing Encephalomyelopathy:[[]]
LS:[[11019], [1776], [207], [6532], [9370], [673], [3123], [7099], [2475], [29126], [4292], [5290], [4851], [4780], [5133], [2932], [5781], [5621], [6352], [4436], [958], [2688], [7189], [1977], [4072], [2956], [2690], [5915], [4041], [5430], [5395], [9968], [4583], [2101], [1213], [6338], [80380], [4952], [4508], [6490], [6389], [406980], [4538], [4540], [3906], [51773], [6834], [10863], [23787], [374291], [10600]]
SNEM - Subacute necrotizing encephalomyelopathy:[[]]
Leigh's Disease:[[]]
Leigh Disease:[[6427], [9997], [1892], [4724], [522], [91942], [10102]]
Leigh Syndrome:[[2475], [5428], [6464], [4508], [6834], [10128], [5160], [4540], [6389], [4724], [4537], [4536], [4538], [4512], [1892], [80704], [4722], [4719], [4541], [5190], [4723], [4720], [522], [374291], [4514], [4728], [4565], [84705], [4705], [1355], [51117], [91942], [29078], [4695], [137682], [55967], [123263], [79133], [51204], [84340], [4578], [100131801], [284184], [6775063], [6775074]]
LEIGH SYNDROME:[[2475], [5428], [6464], [4508], [6834], [10128], [5160], [4540], [6389], [4724], [4537], [4536], [4538], [4512], [1892], [80704], [4722], [4719], [4541], [5190], [4723], [4720], [522], [374291], [4514], [4728], [4565], [84705], [4705], [1355], [51117], [91942], [29078], [4695], [137682], [55967], [123263], [79133], [51204], [84340], [4578], [100131801], [284184], [6775063], [6775074]]
Leigh's disease:[[]]
Leigh disease:[[6427], [9997], [1892], [4724], [522], [91942], [10102]]
