Tuberculoid leprosy:[[]]
Type T leprosy:[[3586], [1493], [26191], [3569], [348], [30835], [2064], [3123], [3559], [7535], [3593], [3557], [3932], [149233], [3576], [3605], [50943], [3106], [64127], [4843], [868], [3105], [7124], [3458], [3554], [7421], [3459], [6347], [4359], [7097], [7040], [406991], [4360], [3567], [8767], [3565], [2625], [6361], [836], [3553], [9927], [7099], [1540], [3958], [120892], [5428], [3091], [9966], [3620], [4049], [6890], [3627], [9173], [3594], [3119], [2944], [100507436], [1378], [972], [4851], [4976], [4153], [6556], [5071], [6648], [406938], [3075], [4282], [6401], [2833], [8915], [7096], [6403], [4803], [182], [6778], [6775], [340061], [8809], [10392], [6356], [7019], [1385], [57506], [65018], [1571], [22861], [3126], [2162], [112744], [4277], [27178], [3595], [350], [406995], [6362], [56244], [10747], [5251], [6504], [283234], [9020], [3804], [55894], [345611], [8029], [4048]]
Tuberculoid Leprosy:[[]]
Type TT leprosy:[[26191], [3586], [3569], [348], [2064], [3557], [1493], [4843], [7124], [7421], [3458], [149233], [3554], [7040], [3123], [7097], [6347], [3091], [9927], [5428], [836], [3553], [7099], [3576], [3565], [3605], [6648], [2944], [9173], [3075], [50943], [3119], [406938], [3958], [3627], [6401], [6556], [6775], [1571], [1385], [2162], [22861], [112744], [4048]]
Full tuberculoid leprosy:[[]]
Tuberculoid Leprosies:[[]]
Smooth leprosy:[[64127], [7124], [406991], [7097], [3569], [3586], [7040], [3593], [3553], [3458], [7099], [3091], [348], [3576], [4851], [6648], [7421], [6347], [2064], [3605], [3565], [5071], [4843], [9927], [3958], [406938], [836], [3627], [3620], [3559], [1385], [350], [182], [6778], [65018], [6356], [2833], [112744], [27178], [6361], [7919], [54472]]
TT - Full tuberculoid leprosy:[[]]
TT leprosy:[[7124], [7097], [149233], [3586], [7040], [7421], [3569], [3458], [348], [3553], [3091], [3576], [3123], [7099], [2064], [3565], [3605], [6648], [6347], [9173], [2944], [3075], [1493], [4843], [50943], [836], [3119], [26191], [406938], [3557], [3958], [3627], [1571], [6556], [6775], [1385], [6401], [5428], [2162], [9927], [112744], [3554], [22861], [4048]]
Tuberculoid leprosy [type T]:[[]]
Tuberculoid Hansen's disease (leprosy):[[]]
