Complete Hypoxanthine Guanine Phosphoribosyltransferase Deficiency:[[3251], [351]]
HYPOXANTHINE GUANINE PHOSPHORIBOSYLTRANSFERASE 1 DEFICIENCY:[[3251], [351]]
X Linked Hyperuricemia:[[348], [5468], [7422], [4524], [9370], [1401], [3251], [9429], [6347], [1906], [335], [114548], [183], [3934], [3570], [567], [6928], [2006], [7018], [116085], [2678], [2512]]
Lesch-Nyhan syndrome:[[3251], [351], [10411], [11069]]
LNS:[[7422], [50943], [836], [354], [10411], [7226], [925], [9289], [50652], [1999], [10894], [6614], [11069], [120425]]
Total Hypoxanthine-Guanine Phosphoribosyl Transferase Deficiency:[[]]
HPRT DEFICIENCY:[[3251], [2539], [50943], [5663], [2956], [10411], [5424], [10846], [11069], [56952], [284353]]
Choreoathetosis Self Mutilation Syndrome:[[]]
Lesch Nyhan Syndrome:[[3251], [351], [10411], [11069]]
Syndromes Choreoathetosis Self-Mutilation:[[]]
HPRT1 DEFICIENCY:[[3251], [6622], [5743], [2821], [353], [120892], [27232], [7534], [10059], [29968], [308], [5245], [4171], [3028], [4507], [7182], [50506], [1738], [23479], [2805], [9820], [81858], [211], [54187], [56952]]
Lesch-Nyhan Syndrome:[[3251], [351], [10411], [11069]]
Syndrome Choreoathetosis Self-Mutilation:[[]]
HGPRT Deficiency:[[3251], [351], [353]]
X-Linked Hyperuricemia:[[348], [1906], [114548], [3251]]
HPRT - Hypoxanthine-guanine phosphoribosyltransferase deficiency:[[3251]]
Hypoxanthine-Phosphoribosyl-Transferase Deficiency Diseases:[[]]
Choreoathetosis self-mutilation syndrome:[[]]
HPRT Deficiencies Complete:[[50943], [2539]]
Complete Hypoxanthine-Guanine Phosphoribosyltransferase Deficiency:[[3251], [351]]
Syndromes Primary Hyperuricemia:[[335], [7422], [4524], [1401], [9370], [114548], [6347], [183], [338], [5741], [4878], [2495]]
Complete HGPRT deficiency:[[3251], [351]]
Syndrome Primary Hyperuricemia:[[114548], [348], [338], [1401], [3570], [335], [1906], [4524], [7422], [9370], [5468], [2006], [3251], [6928], [6347], [183], [9429], [3934], [155], [567], [2678], [6288], [5741], [2512], [4878], [2875], [56606], [7351], [116085], [7018], [7498], [406935], [5972], [2495], [10257], [407048], [407049], [6301]]
X-Linked Primary Hyperuricemias:[[1896], [331], [546], [9131], [7454], [1654], [5251], [6473], [8239], [170302], [4693], [5631], [27316], [8242], [367], [4790], [57502], [11141], [10682], [50943], [23096], [2664], [65109], [4983], [27286], [4204], [2950], [23676], [57187], [2706], [55906], [2316], [1536], [3897], [8517], [695], [7552], [2623], [2158], [389856], [51284], [538], [8473], [554], [190], [9968], [1287], [6103], [6197], [6872], [1736], [4068], [2010], [412], [3561], [6247], [6774], [2273], [10075], [6567], [7317], [633], [1184], [8450], [4534], [4935], [3054], [7114], [10804], [778], [90167], [212], [1641], [5063], [3730], [10159], [4841], [265], [5422], [6102], [7543], [10735], [7403], [8091], [6658], [6855], [5456], [6191], [23133], [1741], [2182], [6134], [5956], [5199], [79718], [6853], [7157], [6611], [7319], [2892], [7504], [1678], [11152], [24137], [7547], [8237], [51360], [50945], [54413], [1288], [116442], [60401], [3188], [84707], [27328], [5165], [3569], [407], [1964], [2652], [7102], [51114], [24140], [22], [55859], [7124], [6907], [348], [958], [84061], [27018], [139212], [340533], [10046], [492], [415], [22866], [51132], [2187], [1193], [51309], [10149], [51566], [3091], [3586], [1183], [5613], [203547], [8406], [7015], [286410], [56271], [81887], [11043], [7099], [26609], [4846], [3576], [659], [79576], [114928], [425054], [80258], [27288], [2491], [8074], [9823], [2146], [340542], [254065], [55217], [9130], [494115], [139411], [30014], [84679], [55593], [51481], [836], [827], [63932], [959], [56159], [90316], [332], [55559], [55086], [1121], [9758], [472], [100131755], [64860], [84848], [55796], [6696], [7789], [8743], [3606], [8270], [581]]
Total HPRT Deficiencies:[[50943]]
Hypoxanthine-guanine phosphoribosyltransferase deficiency:[[3251], [351]]
HPRT Deficiency Complete:[[3251], [2539], [50943], [5663], [5424]]
LESCH-NYHAN SYNDROME:[[3251], [351], [10411], [11069]]
X Linked Primary Hyperuricemia:[[348], [5468], [7422], [4524], [335], [9370], [1401], [9429], [3251], [6347], [1906], [114548], [183], [3934], [3570], [567], [6928], [2006], [7018], [116085], [2678], [2512]]
Hypoxanthine Guanine Phosphoribosyltransferase Deficiency:[[3251], [351]]
X-Linked Primary Hyperuricemia:[[348], [1906], [114548], [3251]]
Choreoathetosis Self Mutilation Hyperuricemia Syndrome:[[]]
HPRT DEFICIENCY COMPLETE:[[3251], [2539], [50943], [5663], [5424]]
Hypoxanthine Phosphoribosyl Transferase Deficiency Disease:[[]]
Total HPRT Deficiency:[[50943], [5663], [2956], [10846]]
Lesch-Nyhan disease:[[351], [3251], [3350], [135], [7054], [56606], [1816]]
Deficiency of guanine phosphoribosyltransferase:[[3251], [351]]
Phosphoribosyltransferase Deficiency Guanine:[[3251], [7157], [351], [3630], [56952]]
Deficiency of IMP pyrophosphorylase:[[]]
HGPRT Deficiencies:[[]]
X-Linked Hyperuricemias:[[331], [546], [9131], [7454], [1654], [5251], [1896], [6473], [8239], [170302], [4693], [5631], [27316], [8242], [57502], [11141], [367], [10682], [23096], [2664], [50943], [65109], [4983], [27286], [4204], [23676], [2950], [57187], [2706], [55906], [2316], [1536], [7552], [3897], [8517], [695], [389856], [2623], [2158], [538], [51284], [8473], [554], [190], [9968], [1287], [6103], [6197], [6872], [1736], [9566], [4068], [2010], [412], [3561], [6247], [1254], [2273], [57760], [10075], [6567], [7317], [633], [1184], [8450], [4534], [4935], [4657], [3054], [778], [7114], [90167], [10804], [1680], [212], [50644], [1641], [5063], [3730], [10159], [4412], [5640], [7523], [265], [4841], [6102], [5422], [4378], [7543], [8245], [378484], [266678], [10735], [7403], [6658], [777642], [727716], [727715], [727714], [619510], [378882], [117189], [114890], [93991], [84434], [57792], [57791], [23694], [10118], [6116], [6104], [4429], [4416], [4406], [4387], [4384], [1275], [179], [6855], [1253], [5456], [6191], [23133], [1741], [2182], [57790], [105463129], [102775568], [102775565], [100820761], [100820759], [100820758], [100739996], [100689214], [100529118], [100302510], [100188769], [100188768], [100188765], [8259], [8246], [6134], [5956], [5199], [79718], [6853], [6611], [7319], [7504], [2892], [1678], [11152], [24137], [7547], [51360], [8237], [50945], [54413], [1288], [116442], [60401], [84707], [7157], [3188], [27328], [5165], [407], [51114], [1964], [2652], [7102], [24140], [22], [55859], [6907], [27018], [84061], [340533], [415], [10046], [492], [22866], [51132], [2187], [51309], [1193], [10149], [51566], [7124], [348], [5613], [1183], [203547], [8406], [56271], [3569], [286410], [81887], [11043], [26609]]
Deficiency of hypoxanthine phosphoribosyltransferase:[[3251], [56952]]
Syndrome Juvenile Hyperuricemia:[[114548], [1401], [1906], [7422], [4524], [6928], [6347], [3934], [5972], [7351]]
Deficiency of Guanine Phosphoribosyltransferase:[[3251], [351]]
Phosphoribosyltransferase Deficiencies Hypoxanthine:[[]]
Deficiency of Hypoxanthine Phosphoribosyltransferase:[[3251], [56952]]
X-linked hyperuricemia:[[348], [1906], [114548], [3251]]
Hypoxanthine Guanine Phosphoribosyltransferase 1 Deficiency:[[3251], [351]]
Total Hypoxanthine Guanine Phosphoribosyl Transferase Deficiency:[[]]
Total HGPRT deficiency:[[351]]
Phosphoribosyltransferase Deficiency Hypoxanthine:[[3251], [351], [56952]]
X-linked hyperuricaemia:[[7124], [1906]]
HGPRT Deficiency Disease Complete:[[]]
Deficiency of hypoxanthine-guanine phosphoribosyltransferase:[[3251], [351]]
Juvenile Gout Choreoathetosis Mental Retardation Syndrome:[[]]
Hypoxanthine-Phosphoribosyl-Transferase Deficiency Disease:[[]]
Phosphoribosyltransferase Deficiencies Guanine:[[7157]]
Syndromes Juvenile Hyperuricemia:[[7422], [4524], [1401], [114548], [6347]]
Complete hypoxanthine-guanine phosphoribosyltransferase deficiency:[[3251], [351]]
HGPRT deficiency:[[3251], [351], [353]]
Choreoathetosis Self-Mutilation Hyperuricemia Syndrome:[[]]
Lesch Nyhan Disease:[[351], [3251], [3350], [135], [7054], [56606], [1816]]
Lesch-Nyhan Disease:[[351], [3251], [3350], [135], [7054], [56606], [1816]]
