Myeloid Leukemia Philadelphia Positive:[[7422], [3717], [207], [25], [5159], [596], [7852], [6387], [4067], [29126], [6422], [407040], [811], [947], [1029], [114548], [613], [3559], [5133], [3934], [1030], [894], [10320], [4352], [574411], [5079], [407042], [406986], [57379], [407041], [3832], [290], [406907], [5793], [6518]]
Ph1-Positive Myelogenous Leukemia:[[]]
Philadelphia chromosome positive chronic myelogenous leukaemia:[[25], [3717], [596], [613], [6387], [7852], [811], [10320]]
Philadelphia chromosome positive chronic myelogenous leukemia:[[3717], [25], [613], [4352], [10320], [290]]
Myelogenous Leukemias Chronic:[[7132], [4869], [4684]]
Myelocytic Leukemias Chronic:[[861]]
Leukemia Myelogenous Chronic BCR-ABL Positive:[[25], [3553], [3569], [3717], [207], [7157], [861], [596], [3815], [613], [4851], [3952], [6774], [1499], [2322], [3265], [4790], [6387], [867], [4067], [7852], [4352], [10320], [4869], [3576], [5058], [6777], [332], [595], [811], [7490], [8877], [5243], [2534], [1012], [1027], [6648], [558], [6790], [6776], [4582], [3934], [9021], [171023], [3439], [939], [5609], [63976], [4856], [8239], [5094], [9046], [192343]]
Myelogenous Leukemia Chronic:[[10018], [56915], [25], [84955], [613], [578], [9920], [596], [7124], [7157], [332], [4524], [3569], [3586], [3717], [3091], [5243], [7077], [207], [3553], [4318], [6774], [1499], [4790], [3576], [7015], [3952], [861], [3479], [7852], [23411], [5444], [406991], [4851], [6387], [4582], [3815], [6648], [3958], [3934], [595], [6772], [2247], [5265], [4353], [1012], [2322], [581], [598], [9021], [3417], [1027], [7490], [6790], [2309], [4968], [867], [5465], [4869], [54790], [6776], [3439], [3265], [1788], [2335], [1387], [1786], [3418], [558], [4311], [5777], [8091], [1050], [171023], [4914], [406910], [3014], [1437], [1441], [10320], [5294], [2534], [6777], [5058], [4352], [4067], [6198], [3659], [80781], [2120], [2621], [107980440], [8877], [283], [27035], [5744], [10419], [637], [406934], [1965], [406995], [652995], [5079], [290], [107963955], [362], [3205], [3206], [5764], [317], [4069], [664], [3280], [63035], [6361], [3726], [939], [407046], [1511], [945], [4856], [6367], [5898], [868], [5094], [200315], [9166], [8239], [3821], [2526], [9141], [5609], [201633], [3207], [442901], [407047], [2020], [63976], [84295], [407027], [27], [7543], [973], [107963948], [57448], [407051], [9046], [27181], [84515], [9306], [318], [64783], [387066], [55031], [107126288], [192343]]
Ph1-Positive Myeloid Leukemia:[[]]
Philadelphia-Positive Myeloid Leukemias:[[]]
Ph1-Positive Myelogenous Leukemias:[[]]
Leukemias Chronic Granulocytic:[[4609], [7124], [4851], [861], [4297], [6688], [597]]
Myelogenous Leukemia Ph1 Positive:[[207]]
Leukemia Granulocytic Chronic:[[861], [4609], [4297], [7015], [7124], [7040], [6774], [4790], [1050], [207], [3576], [4851], [3553], [4353], [54106], [3934], [5925], [1441], [6688], [1991], [1869], [4088], [4087], [1051], [8878], [5580], [6198], [301], [1649], [3659], [2919], [1511], [4069], [3665], [1022], [597], [2920]]
Myeloid Leukemia Chronic:[[861], [2099], [10018], [7422], [355], [864], [3845], [5728], [4609], [3662], [7015], [3717], [596], [578], [7157], [6418], [3815], [7124], [25], [3162], [4524], [602], [332], [3586], [3091], [6774], [5243], [5970], [207], [4790], [4869], [1499], [3569], [613], [2322], [114548], [7040], [7852], [2944], [2475], [1029], [1788], [2952], [2950], [4318], [1050], [4193], [841], [3394], [4851], [29126], [5743], [7099], [1636], [351], [7421], [3553], [51176], [9370], [5159], [2146], [1536], [6387], [3576], [1535], [1030], [3952], [406947], [2120], [472], [2624], [3479], [4780], [4313], [1026], [5468], [4170], [406991], [23411], [3106], [999], [3146], [3135], [7515], [7097], [3458], [3791], [3620], [6347], [2064], [2932], [2065], [3559], [407040], [9590], [3605], [1577], [4879], [7490], [595], [3606], [64127], [5133], [1432], [3417], [9429], [5594], [6696], [672], [4282], [406938], [6647], [960], [3934], [867], [1543], [4582], [6648], [54790], [3958], [4353], [28], [6776], [2908], [3082], [8743], [4233], [2247], [10919], [6850], [5290], [54106], [3558], [2321], [6790], [84868], [1950], [5156], [581], [947], [598], [4297], [7128], [8600], [4893], [1027], [3725], [7076], [1803], [811], [100507436], [4684], [3418], [142], [356], [5329], [22914], [3688], [285], [25902], [836], [2068], [196], [10673], [1728], [8651], [648], [6279], [2309], [171023], [4292], [3320], [11093], [9021], [701], [10], [5562], [2122], [7161], [2034], [5781], [1441], [10413], [26191], [3953], [5347], [820], [952], [59067], [4968], [407008], [406906], [865], [3439], [54658], [2539], [3265], [558], [3308], [1571]]
Philadelphia-Positive Myeloid Leukemia:[[]]
Myeloid Leukemias Chronic:[[4609], [596], [25], [4524], [613], [5243], [673], [1030], [861], [857], [8743], [7490], [4869], [598], [3417], [2322], [54790], [2022], [4297], [648], [3481], [1387], [283120], [1788], [3418], [2122], [171023], [7078], [9332], [5294], [1269], [7514], [8829], [2120], [10419], [8797], [23705], [3205], [23532], [5817], [597], [4211], [3903], [84295], [23522], [9111], [1178]]
Ph1-Positive Myeloid Leukemias:[[]]
Myelocytic Leukemia Chronic:[[25], [332], [613], [5243], [3717], [3815], [3620], [861], [5925], [7490], [2322], [51284], [57379], [947], [283120], [4297], [23405], [7474], [100133941], [2623], [57650], [2120], [5451], [1647], [3485], [10628], [406979], [865], [4629], [406957], [7903]]
Myeloid Leukemia Ph1 Positive:[[207]]
