Myeloid Leukemia Acute M6:[[682], [2065], [581], [596], [4170], [598], [10018], [2122], [1269], [578], [8788]]
Erythroleukaemia FAB M6:[[]]
Erythroleukemias:[[2623], [6688], [79682]]
Acute erythroid leukaemia:[[6886], [861], [6774], [2623], [10320], [3717], [862], [7157], [1029], [51341], [1050], [207], [7040], [7422], [3091], [4851], [613], [3586], [673], [4609], [2624], [3553], [5594], [3576], [7852], [2120], [596], [2475], [1432], [6387], [355], [25], [3135], [5595], [5371], [2932], [54790], [6667], [3418], [5228], [947], [811], [857], [598], [328], [6688], [7161], [6777], [171023], [5156], [652], [4005], [1437], [1244], [4613], [5159], [53335], [3676], [7307], [2113], [5777], [4771], [23451], [22933], [27086], [3206], [843], [51119]]
M6 - Acute erythroleukemia:[[4170]]
Myelosis Erythremic:[[]]
Erythroleukemia:[[7157], [7040], [6774], [5743], [3717], [2950], [960], [3135], [3688], [3690], [6772], [4170], [6469], [7052], [2034], [3674], [6521], [3297], [3678], [23028], [4602], [3925], [2057], [2623], [4254], [6688], [5196], [111365141], [2313], [3636], [57591], [6223], [2114], [64324], [5739], [5916], [10979], [2672], [28951], [1606], [3298], [28982], [109951028], [4200], [2941], [373156], [9306], [57118], [55363], [161882], [114971], [84919], [106128906], [112679198], [108491832], [7954], [106707173], [108491837], [110740339], [108511947], [108663984], [116183085], [116158526], [115804260], [112872304], [111828491], [108491823], [121175340], [121175338], [121144502], [121144500], [121175339], [121175337], [121144503], [121144501], [121144499], [121144497], [110740348], [106660608], [109648314], [115995507], [112639999], [116309162], [111465019], [111365154], [110121455], [106799842], [111589208], [111556153], [111501765], [111429620], [111429611], [111365185], [111365158], [116158548], [112997545], [108510655], [108491830], [108491829], [108491827], [116309155], [116309153], [116309122], [111365192], [111365184], [111365160], [116186911], [116186910], [116186909], [116183096], [116183091], [110121477], [116186934], [116186918], [116186908], [116186907], [116186906], [116186905], [116186904], [116183095], [116183094], [116183093], [116183092], [116183090], [116183089], [116183088], [116183087], [116183086], [116183084], [116183083], [116183082], [116183079], [116158527], [116158510], [116158509], [116158508], [116158507], [116158505], [116158504], [116158503], [116158500], [116158499], [116158498], [116158497], [116158496], [116158493], [116158492], [116158491], [116158490], [116158489], [116158486], [116158483], [115947633], [113875006], [113788253], [113174986], [113174984], [113002592], [112997578], [112695090], [112577483], [112272569], [112268484], [112214170], [111875822], [112637025], [111365200], [111591502], [111556106], [111519897], [111413044], [111365161], [111519898], [111501791], [111413011], [111365221], [111365168], [111365159], [110121425], [110121214], [120807605], [120766156], [116309161], [116309160], [116309159], [116309158], [116309157], [116309156], [116309154], [116309152], [116309151], [116309150], [116309149], [116309148], [116309147], [116309146], [116309145], [116309144], [116309143], [116309142]]
Myeloses Erythremic:[[]]
Acute erythroid leukemia NOS:[[6774], [355], [7422], [3091], [3458], [3162], [8743], [351], [1027], [6667], [3757], [857]]
AML (acute myeloid leukemia) M6 type:[[2065], [581], [596], [2122], [4170], [10018], [8788], [598], [578], [1269]]
Erythremic myelosis:[[]]
Di Guglielmos Disease:[[]]
Erythraemic myelosis:[[]]
Acute erythroid leukemia:[[6886], [861], [10320], [862], [6774], [4780], [25], [51341], [2065], [2064], [3717], [8021], [5371], [1029], [2623], [613], [7076], [355], [1050], [7157], [4609], [6418], [2624], [596], [10661], [7124], [2120], [4300], [7422], [3091], [3458], [7994], [7040], [4778], [3586], [3162], [207], [3576], [2475], [7852], [5594], [4851], [673], [332], [3553], [6387], [1432], [3135], [8743], [836], [351], [1027], [2932], [3077], [5595], [1385], [2056], [6776], [54790], [947], [598], [811], [3418], [4602], [57817], [9021], [2305], [407008], [6667], [10413], [6688], [328], [1111], [406937], [2309], [2335], [3757], [406992], [196], [6777], [5156], [7161], [3308], [3315], [171023], [7037], [23028], [3486], [4928], [1437], [3676], [5465], [7307], [406910], [857], [948], [4005], [545], [23451], [53335], [3593], [843], [4067], [8837], [7052], [7057], [4088], [10631], [5777], [5159], [8878], [2057], [1244], [4211], [3297], [182], [652], [3397], [574411], [4613], [4853], [4087], [10664], [407018], [3659], [6678], [5788], [894], [100133941], [28], [6925], [3280], [51548], [27086], [4254], [863], [7874], [3589], [3276], [7001], [30061], [2495], [3206], [22933], [27250], [317], [1482], [3304], [978], [43], [406996], [246], [8714], [406936], [4267], [79727], [7036], [2931], [3726], [759], [64324], [6497], [2114], [619554], [969], [407037], [407000], [28514], [574447], [4214], [8328], [3214], [8835], [9935], [1031], [51119], [9739], [8805], [81620], [6208], [406957], [200424], [53947], [55544], [4354], [4200], [3212], [5134], [359948], [27287]]
Acute myeloid leukaemia M6 type:[[4170], [596], [598], [578], [1269]]
Disease Di Guglielmo:[[6521], [3123], [1029], [5621], [7422], [3569], [1401], [3106], [6261], [3990], [1956], [4747], [56606], [1636], [1734], [9388], [2222], [4790], [5594], [7157], [1785], [6331], [9429], [1733], [2321], [1735], [3091], [116150], [3845], [1080], [64135], [2475], [596], [10397], [546], [3572], [920], [2146], [4153], [4255], [5595], [3934], [581], [7428], [340061], [23621], [64772], [1786], [5578], [7316], [4297], [7351], [23586], [3456], [5562], [23118], [6401], [4683], [3767], [4363], [135], [6615], [5228], [10537], [7018], [6786], [350], [1812], [6573], [8517], [6890], [5321], [2512], [8565], [5927], [10919], [7314], [2495], [5184], [64849], [467], [5350], [5447], [116], [8085], [81030], [8290], [4985], [6520], [29128], [818], [29072], [64754], [26121], [6564], [7403], [79813], [406884], [10498], [1848], [493], [3927], [23135], [10765], [11091], [5886], [7032], [3337], [8671], [79576], [220], [284111], [8242], [6046], [11253], [9498], [340273], [9077], [200879], [55170], [22853], [26168], [80328], [51377], [9040], [29028], [84678], [144455], [9774], [23133], [51365], [9739], [4940], [6518], [4074], [6565], [56681], [64332], [9482], [348980], [9761], [27173], [54165], [6341], [9058], [6561], [10841], [79694], [353091], [283871], [57695], [10229], [148252], [54769], [154064], [5407], [192343], [84689]]
Erythroleukaemia:[[2057]]
Erythroleukemia FAB M6:[[]]
AML (acute myeloid leukaemia) M6 type:[[4170], [596], [598], [578], [1269]]
Leukemias Acute Erythroblastic:[[2322], [3717]]
Disease Di Guglielmo's:[[6521], [3123], [1029], [5621], [7422], [3569], [1401], [3106], [6261], [3990], [1956], [4747], [56606], [1636], [1734], [9388], [2222], [4790], [5594], [7157], [1785], [6331], [9429], [1733], [2321], [1735], [3091], [116150], [3845], [1080], [64135], [2475], [596], [10397], [546], [3572], [920], [2146], [4153], [4255], [5595], [3934], [581], [7428], [340061], [23621], [64772], [1786], [5578], [7316], [4297], [7351], [23586], [3456], [5562], [23118], [6401], [4683], [3767], [4363], [135], [6615], [5228], [10537], [7018], [6786], [350], [1812], [6573], [8517], [6890], [5321], [2512], [8565], [5927], [10919], [7314], [2495], [5184], [64849], [467], [5350], [5447], [116], [8085], [81030], [8290], [4985], [6520], [29128], [818], [29072], [64754], [26121], [6564], [7403], [79813], [406884], [10498], [1848], [493], [3927], [23135], [10765], [11091], [5886], [7032], [3337], [8671], [79576], [220], [284111], [8242], [6046], [11253], [9498], [340273], [9077], [200879], [55170], [22853], [26168], [80328], [51377], [9040], [29028], [84678], [144455], [9774], [23133], [51365], [9739], [4940], [6518], [4074], [6565], [56681], [64332], [9482], [348980], [9761], [27173], [54165], [6341], [9058], [6561], [10841], [79694], [353091], [283871], [57695], [10229], [148252], [54769], [154064], [5407], [192343], [84689]]
Leukemia Erythroblastic Acute:[[1956], [2064], [2065], [2322], [3717], [3952], [6776], [10413], [3084], [406893]]
Di Guglielmo's disease:[[]]
M6 - Acute erythroleukaemia:[[]]
Acute myeloid leukemia M6 type:[[2065], [682], [581], [596], [2122], [4170], [10018], [598], [8788], [578], [1269]]
