Acute Promyelocytic Leukemias:[[6777], [1436]]
Acute promyelocytic leukemia t(15;17)(q22;q11-12):[[6774], [2322], [4609], [355], [1050]]
AML M3:[[1956], [7124], [3569], [7040], [3815], [3091], [3576], [2322], [4869], [5594], [1050], [142], [1543], [3958], [3757], [1728], [55384], [4035], [3297], [5820], [7292], [2268]]
Myeloid Leukemia Acute M3:[[2322], [3815], [4869], [1050], [3569], [3091], [7124], [7040], [3576], [5594], [1543], [142], [1728], [3958], [3757], [5599], [3397], [4035], [3297], [2776], [5820], [55384], [2268], [80328], [404093]]
APL - Acute promyelocytic leukemia:[[5914], [2322], [5371], [7015], [6774], [4609], [7490], [406938], [1050], [6280], [7161], [302], [5580], [811], [6688], [7052], [283120], [4684], [6256], [3397], [5915], [1991], [7704], [10630], [283131], [966], [1978], [7409], [406911], [5820], [3398], [3087], [57761], [8900], [84106], [7318], [359948]]
Acute promyelocytic leukaemia FAB M3:[[2322], [1050]]
Acute myeloid leukemia t(15;17)(q22;q11-12):[[6774], [2322], [1050], [3091], [4609], [355], [356], [5294], [2034]]
Acute myeloid leukemia PML/RAR-alpha:[[6774]]
Acute promyelocytic leukaemia:[[7704], [6774], [5371], [2322], [7157], [5914], [1029], [4869], [1050], [5243], [4851], [673], [4609], [4683], [5594], [8626], [5728], [5743], [3576], [596], [2952], [3383], [2624], [2146], [7490], [355], [472], [406938], [929], [1432], [867], [1728], [1387], [407040], [648], [947], [6688], [6667], [10673], [4170], [1991], [6777], [811], [7161], [302], [7514], [6093], [23532], [406995], [3251], [3164], [10221], [843], [84106], [55904], [6603], [192343]]
Acute promyelocytic leukaemia PML/RAR-alpha:[[6774]]
Acute myeloid leukaemia t(15;17)(q22;q11-12):[[6774], [2322], [1050], [3091], [4609], [355]]
M3 - Acute promyelocytic leukemia:[[7124], [2322], [3576], [3383], [1050], [2162], [3397], [5820], [84106]]
Acute promyelocytic leukemia:[[7157], [5914], [7124], [5243], [7015], [2322], [6774], [1029], [5743], [4609], [3576], [5371], [960], [2952], [4851], [4926], [3383], [355], [1432], [7490], [10413], [406938], [929], [2152], [4170], [407040], [7161], [5329], [1387], [1051], [947], [302], [1050], [648], [5580], [811], [7052], [6280], [867], [3689], [283120], [23586], [5300], [4684], [6256], [2078], [6093], [6688], [898], [2162], [6777], [5604], [1991], [3659], [10630], [3397], [283131], [5742], [2185], [5915], [1612], [966], [1616], [1978], [3122], [5820], [23569], [7409], [406911], [406934], [7704], [290], [3055], [406995], [6095], [3398], [407000], [3087], [23532], [57761], [6281], [407042], [2648], [7155], [407041], [8900], [406967], [1523], [843], [11331], [54880], [366], [10221], [84159], [2242], [1031], [1053], [86], [1982], [53615], [1032], [407001], [23133], [11151], [55544], [84106], [494331], [115], [50486], [55332], [7127], [113], [7318], [7462], [359948], [3101], [373863], [85329], [192343]]
Acute promyelocytic leukemia (clinical):[[7157], [3122], [7124], [5243], [7015], [6774], [5914], [2322], [1029], [5743], [4609], [3576], [960], [2952], [4851], [3383], [355], [7490], [406938], [929], [10413], [5371], [648], [947], [811], [6280], [407040], [5329], [1050], [6095], [2078], [1432], [4926], [2152], [7161], [5604], [1387], [4170], [302], [4684], [283120], [867], [10630], [5300], [898], [10221], [5580], [1051], [6256], [3689], [7052], [3397], [2162], [1612], [1991], [23586], [6777], [6093], [6688], [5742], [5915], [3659], [23569], [1978], [2185], [406911], [1616], [5820], [966], [6281], [7409], [7704], [290], [406995], [3398], [407000], [359948], [54880], [23532], [1523], [407042], [8900], [406967], [843], [84159], [366], [1031], [1053], [1032], [23133], [50486], [11151], [494331], [115], [192343]]
Acute promyelocytic leukemia NOS:[[5243], [6774], [5743], [355], [23569]]
Acute promyelocytic leukaemia t(15;17)(q22;q11-12):[[6774], [2322], [1050], [4609], [355]]
APL:[[7040], [6774], [4790], [7015], [2322], [4609], [5594], [5371], [920], [332], [5914], [3075], [114548], [3958], [1027], [7490], [3791], [406938], [4869], [1050], [4089], [6280], [7291], [7161], [959], [5580], [811], [7052], [302], [285], [283120], [1536], [4684], [847], [1030], [350], [3397], [6256], [301], [5915], [1991], [7035], [3684], [10630], [308], [3716], [834], [6688], [7704], [283131], [966], [1978], [51176], [7409], [1839], [406911], [5820], [9636], [407024], [3398], [3394], [3087], [57761], [8900], [57412], [5916], [10549], [55806], [3434], [11345], [11274], [1592], [7703], [23604], [3212], [5462], [100506311], [84106], [359948], [51510], [7318], [57695]]
Progranulocytic Leukemia:[[]]
APML - Acute promyelocytic leukaemia:[[7704], [6774], [5371], [2322], [7157], [5914], [1029], [4869], [1050], [5243], [4851], [673], [4609], [4683], [5594], [8626], [5728], [5743], [3576], [596], [2952], [3383], [2624], [2146], [7490], [355], [472], [406938], [929], [1432], [867], [1728], [1387], [407040], [648], [947], [6688], [6667], [10673], [4170], [1991], [6777], [811], [7161], [302], [7514], [6093], [23532], [406995], [3251], [3164], [10221], [843], [84106], [55904], [6603], [192343]]
Acute myeloid leukaemia PML/RAR-alpha:[[6774]]
Acute promyelocytic leukaemia (clinical):[[7704], [6774], [5371], [2322], [7157], [1029], [4869], [5914], [1050], [5243], [4851], [673], [4609], [5728], [5743], [8626], [3576], [596], [2952], [3383], [2146], [4683], [7490], [5594], [355], [2624], [406938], [929], [648], [947], [472], [1728], [407040], [10673], [867], [1387], [811], [1432], [6667], [4170], [1991], [6688], [7161], [302], [7514], [6777], [10221], [6093], [3251], [23532], [406995], [3164], [843], [192343]]
Promyelocytic Leukemia Acute:[[5371], [2322], [7704], [84159], [6774], [1053], [5914], [7015], [1029], [648], [4170], [355], [4869], [1050], [4609], [867], [7157], [596], [4683], [2624], [8626], [4926], [7124], [7994], [5243], [55904], [5728], [5743], [3576], [3458], [1499], [3383], [5594], [960], [673], [2952], [4851], [3479], [2146], [7490], [4780], [406938], [1080], [472], [1387], [1432], [407040], [1728], [947], [114548], [10673], [4684], [2078], [929], [2152], [6688], [6772], [5879], [6647], [1051], [5329], [6777], [811], [10413], [6280], [1991], [6667], [7161], [7514], [406911], [57167], [1616], [283120], [406934], [302], [5604], [23586], [1612], [545], [23532], [3689], [290], [843], [1436], [5300], [7052], [283131], [2162], [6256], [6093], [5580], [406995], [3397], [6198], [898], [5972], [10499], [3329], [3659], [1025], [5820], [84557], [407041], [7329], [5742], [10630], [2185], [3251], [23569], [5915], [966], [3164], [3122], [1978], [10221], [3398], [407042], [3087], [2494], [7409], [8900], [1511], [57761], [406967], [5916], [5598], [3055], [81631], [6095], [2648], [5499], [4069], [84106], [54880], [6281], [2274], [11331], [7155], [1523], [407000], [55145], [366], [1031], [6478], [1982], [2242], [80326], [86], [53615], [11151], [1032], [1820], [407001], [23133], [55544], [50486], [7318], [113], [494331], [115], [7462], [55332], [7127], [373863], [359948], [6603], [3101], [192343], [85329]]
M3 ANLL:[[3383]]
APL - Acute promyelocytic leukaemia:[[7704], [5371], [6774], [2322], [5914], [4869], [1050], [4609], [5594], [7490], [406938], [6688], [1991], [811], [7161], [302], [84106]]
Acute promyelocytic leukemia PML/RAR-alpha:[[6774]]
Acute promyelocytic leukemia FAB M3:[[2322], [1050]]
FAB M3:[[3815], [2322], [1050], [4035]]
LEUKEMIA ACUTE PROMYELOCYTIC:[[5371], [2322], [7704], [84159], [6774], [1053], [5914], [7015], [1029], [648], [4170], [355], [4869], [1050], [4609], [867], [7157], [596], [4683], [2624], [8626], [4926], [7124], [7994], [5243], [55904], [5728], [5743], [3576], [3458], [1499], [3383], [5594], [960], [673], [2952], [4851], [3479], [2146], [7490], [4780], [406938], [1080], [472], [1387], [1432], [407040], [1728], [947], [114548], [10673], [4684], [2078], [929], [2152], [6688], [6772], [5879], [6647], [1051], [5329], [6777], [811], [10413], [6280], [1991], [6667], [7161], [7514], [406911], [57167], [1616], [283120], [406934], [302], [5604], [23586], [1612], [545], [23532], [3689], [290], [843], [1436], [5300], [7052], [283131], [2162], [6256], [6093], [5580], [406995], [3397], [6198], [898], [5972], [10499], [3329], [3659], [1025], [5820], [84557], [407041], [7329], [5742], [10630], [2185], [3251], [23569], [5915], [966], [3164], [3122], [1978], [10221], [3398], [407042], [3087], [2494], [7409], [8900], [1511], [57761], [406967], [5916], [5598], [3055], [81631], [6095], [2648], [5499], [4069], [84106], [54880], [6281], [2274], [11331], [7155], [1523], [407000], [55145], [366], [1031], [6478], [1982], [2242], [80326], [86], [53615], [11151], [1032], [1820], [407001], [23133], [55544], [50486], [7318], [113], [494331], [115], [7462], [55332], [7127], [373863], [359948], [6603], [3101], [192343], [85329]]
APML - Acute promyelocytic leukemia:[[7157], [5914], [7124], [5243], [7015], [2322], [6774], [1029], [5743], [4609], [3576], [5371], [960], [2952], [4851], [4926], [3383], [355], [1432], [7490], [10413], [406938], [929], [2152], [4170], [407040], [7161], [5329], [1387], [1051], [947], [302], [1050], [648], [5580], [811], [7052], [6280], [867], [3689], [283120], [23586], [5300], [4684], [6256], [2078], [6093], [6688], [898], [2162], [6777], [5604], [1991], [3659], [10630], [3397], [283131], [5742], [2185], [5915], [1612], [966], [1616], [1978], [3122], [5820], [23569], [7409], [406911], [406934], [7704], [290], [3055], [406995], [6095], [3398], [407000], [3087], [23532], [57761], [6281], [407042], [2648], [7155], [407041], [8900], [406967], [1523], [843], [11331], [54880], [366], [10221], [84159], [2242], [1031], [1053], [86], [1982], [53615], [1032], [407001], [23133], [11151], [55544], [84106], [494331], [115], [50486], [55332], [7127], [113], [7318], [7462], [359948], [3101], [373863], [85329], [192343]]
M3 - Acute promyelocytic leukaemia:[[2322], [4869], [1050], [5594], [3576], [3383], [1728], [84106]]
