Plasma cell leukaemia disease:[[3586], [6774], [1029], [3569], [7422], [3383], [7040], [7157], [2308], [5243], [4851], [60468], [673], [8600], [3845], [7852], [4609], [595], [5743], [3576], [3662], [930], [4170], [6714], [4893], [7161], [598], [10673], [952], [2623], [4772], [931], [7514], [27086], [2208], [974], [192343]]
Plasma cell leukemia NOS:[[]]
Plasma cell leukemia morphology:[[7157], [673], [4609], [4684]]
Plasmacytic leukaemia:[[2113]]
Plasma cell leukaemia morphology:[[7157], [673], [3569], [3586], [7040], [6774], [4609], [7422], [7852], [1029], [3845], [3576], [4893], [2623], [4772], [192343]]
Plasma Cell Leukemias:[[1786]]
Plasmacytic leukemia:[[]]
Plasmacytic Leukemias:[[]]
Plasma Cell Leukemia:[[7157], [673], [4609], [4684], [94025], [6425]]
Plasmacytic Leukemia:[[]]
Plasma cell leukaemia:[[7157], [3586], [3569], [673], [7040], [7422], [7852], [6774], [5243], [3845], [4851], [4609], [1029], [595], [5743], [3576], [3383], [6714], [4170], [2308], [8600], [4893], [7161], [598], [10673], [7514], [952], [2623], [3662], [930], [4772], [27086], [931], [2208], [60468], [974], [192343]]
Plasma cell leukemia:[[7157], [673], [4609], [4684], [94025], [6425]]
Plasma cell leukemia disease:[[7157], [4684], [673], [4609], [94025], [6425]]
