HCL - Hairy cell leukaemia:[[673], [952]]
Reticuloendothelioses Leukemic:[[7157], [7124], [3717], [3091], [4609], [7422], [50650], [7852], [5243], [3569], [4318], [7040], [4524], [596], [207], [2475], [1029], [3815], [5728], [1499], [6774], [7099], [4790], [1636], [7015], [2322], [9370], [4869], [3845], [673], [861], [25], [1026], [4313], [332], [3458], [6387], [3106], [4193], [3479], [29126], [960], [5594], [4851], [355], [7490], [406991], [4297], [595], [1432], [5290], [5970], [6696], [2146], [4170], [4233], [836], [472], [3105], [1813], [1027], [142], [1050], [8743], [3383], [581], [50943], [5925], [3135], [3417], [2932], [3688], [5133], [79068], [6648], [9429], [613], [5595], [3791], [3757], [2068], [5747], [6657], [114548], [4255], [5460], [406938], [7161], [929], [3082], [1869], [2157], [4843], [5347], [4023], [3320], [2335], [841], [5599], [54106], [3558], [7291], [5578], [2305], [2321], [5329], [2697], [6790], [2152], [2067], [4763], [7298], [8842], [196], [407040], [682], [356], [648], [2261], [5580], [7076], [3620], [3559], [3689], [1803], [9518], [1786], [331], [598], [1788], [10673], [100507436], [5371], [947], [5295], [406937], [860], [5027], [10320], [3956], [4363], [6280], [4893], [2034], [5591], [5156], [4854], [952], [283120], [7424], [10855], [3418], [1111], [6776], [4684], [10018], [5914], [2120], [2625], [5058], [862], [4311], [2078], [4904], [3932], [6093], [8837], [59067], [3205], [7172], [7249], [1977], [84868], [8829], [2735], [22914], [5741], [8795], [6256], [55294], [7514], [604], [5610], [7037], [406913], [1536], [4602], [842], [4804], [558], [7535], [1236], [6198], [5175], [1437], [54790], [6279], [1000], [10664], [6376]]
Hairy cell leukaemia:[[595], [7040], [5594], [57379], [407006], [933], [673], [5595], [952], [407004], [862], [3492]]
LRE - Leukemic reticuloendotheliosis:[[]]
Hairy cell leukemia NOS:[[3458], [1027]]
Reticuloendotheliosis Leukemic:[[5970]]
Leukaemic reticuloendotheliosis:[[]]
Leukemias Hairy Cell:[[595], [1027], [3559], [673], [6664], [5604], [399], [862]]
LRE - Leukaemic reticuloendotheliosis:[[]]
Leukemia Hairy Cell:[[7040], [595], [3280], [1803], [10412], [5594], [30009], [1027], [57379], [2017], [3458], [388585], [367], [3559], [407006], [4790], [939], [933], [862], [11126], [2335], [7048], [301], [4088], [673], [4345], [8553], [5595], [6664], [79365], [4092], [5604], [952], [7448], [3687], [3439], [5499], [639], [399], [407004], [4791], [3492], [5966], [79400], [83416], [55729], [4618], [8871]]
Hairy cell leukemia:[[673], [7040], [10412], [4790], [3458], [5594], [595], [5595], [1027], [3559], [5604], [952], [301], [407006], [57379], [30009], [2017], [4791], [407004], [4345], [5966], [3492], [3687], [939], [933], [399], [11126], [83416], [8871], [4618]]
Hairy cell leukemia (clinical):[[673], [7040], [3559], [4790], [3458], [595], [1027], [5594], [5604], [5595], [952], [407006], [301], [30009], [57379], [3492], [2017], [4791], [407004], [4345], [939], [5966], [3687], [933], [399], [11126], [83416]]
Leukemic reticuloendotheliosis:[[]]
HCL - Hairy cell leukemia:[[673], [4790], [10412], [1027], [3559], [301], [952]]
Hairy cell leukaemia (clinical):[[7040], [595], [5594], [407006], [57379], [933], [673], [5595], [952], [862], [407004], [3492]]
