AHL:[[64072]]
Hemorrhagic Encephalomyelitides Acute:[[7124], [3717], [3569], [4524], [7422], [348], [2022], [1471], [4318], [3586], [7040], [1401], [1636], [3091], [627], [9370], [7099], [3383], [3123], [4790], [3553], [5743], [3576], [3146], [3458], [351], [5444], [2099], [5594], [1234], [6347], [3605], [332], [7450], [6387], [114548], [335], [3162], [154], [3077], [4780], [177], [3690], [2153], [1906], [3958], [3105], [282617], [1432], [2157], [2321], [4843], [3688], [7412], [3627], [7132], [4982], [3791], [2335], [836], [11093], [285], [338], [7098], [3725], [9332], [3039], [2100], [59067], [1559], [551], [54106], [7056], [3685], [5624], [6401], [406992], [5327], [23586], [7057], [302], [4049], [30835], [284], [2162], [64805], [83700], [3456], [5340], [6382], [79001], [2161], [2026], [4691], [100048912], [3767], [4599], [51561], [2149], [12], [7010], [2159], [3676], [6833], [7037], [406950], [659], [406907], [3439], [2776], [5045], [6890], [7448], [387715], [6356], [51311], [57506], [3426], [2050], [5345], [6281], [5730], [282618], [406909], [81793], [406980], [10267]]
Syndrome Hurst:[[]]
Leukoencephalitides Acute Hemorrhagic:[[7124], [3717], [3569], [4524], [7422], [348], [2022], [1471], [4318], [3586], [7040], [1401], [1636], [3091], [627], [9370], [7099], [3383], [3123], [4790], [3553], [5743], [3576], [3146], [3458], [351], [5444], [2099], [5594], [1234], [6347], [3605], [332], [7450], [6387], [114548], [335], [3162], [154], [3077], [4780], [177], [3690], [2153], [1906], [3958], [3105], [282617], [1432], [2157], [2321], [4843], [3688], [7412], [3627], [7132], [4982], [3791], [2335], [836], [11093], [285], [338], [7098], [3725], [9332], [3039], [2100], [59067], [1559], [551], [54106], [7056], [3685], [5624], [6401], [406992], [5327], [23586], [7057], [302], [4049], [30835], [284], [2162], [64805], [83700], [3456], [5340], [6382], [79001], [2161], [2026], [4691], [100048912], [3767], [4599], [51561], [2149], [12], [7010], [2159], [3676], [6833], [7037], [406950], [659], [406907], [3439], [2776], [5045], [6890], [7448], [387715], [6356], [51311], [57506], [3426], [2050], [5345], [6281], [5730], [282618], [406909], [81793], [406980], [10267]]
Acute haemorrhagic leucoencephalitis:[[348], [7040], [5468], [1636], [3123], [3106], [5054], [6347], [4153], [4879], [3146], [7450], [177], [2157], [11093], [6285], [2022], [54210], [5320], [2670], [406942], [7037], [4352], [3959], [146433]]
Acute hemorrhagic leukoencephalitis:[[3426]]
Hemorrhagic Encephalomyelitis Acute:[[7124], [3569], [7422], [3586], [3383], [3458], [3605], [5594], [1432], [3627], [7098], [3676]]
Hursts Disease:[[]]
Acute hemorrhagic leukoencephalitis of Weston Hurst:[[]]
Acute haemorrhagic leucoencephalitis of Weston Hurst:[[]]
Leukoencephalitis Acute Hemorrhagic:[[3426]]
Hurst's Disease:[[]]
Leukoencephalitis Acuta Hemorrhagica:[[]]
Hurst Disease:[[]]
ACUTE HEMORRHAGIC LEUKOENCEPHALITIS:[[3426]]
Encephalomyelitis Acute Necrotizing Hemorrhagic:[[7124], [3569], [7422], [3605], [3458]]
Hurst's disease:[[]]
