Large granular lymphocytic leukaemia:[[7040], [7157], [596], [6774], [3569], [3586], [5743], [3576], [5728], [4170], [6777], [80781]]
Leukemia Lymphocytic Large Granular:[[596], [4170], [7040], [7157], [6774], [7124], [3569], [4790], [3586], [5743], [51744], [3576], [5728], [3458], [3605], [4292], [2247], [8743], [3559], [6772], [100507436], [4288], [6777], [22914], [4843], [6382], [4791], [5966], [80781], [3811], [10578], [5414]]
Lymphoproliferative Disease of Granular Lymphocytes:[[6774], [3586], [3569], [7040], [7124], [4790], [3559], [7157], [3458], [51744], [3845], [3627], [4283], [3811], [3821], [3822], [6965], [6964]]
Aggressive NK Cell Leukemia:[[1956], [2064], [4170], [864], [3845], [4609], [355], [1029], [2322], [3592], [7157], [7124], [7040], [6774], [3717], [3569], [673], [3586], [3091], [5728], [4318], [4790], [29126], [7852], [3458], [2475], [5594], [3553], [1027], [2146], [3135], [841], [3718], [4851], [7099], [1030], [3106], [5133], [2624], [3952], [406947], [3105], [2932], [9370], [142], [6387], [5595], [3558], [100507436], [4684], [3958], [3688], [5468], [3565], [3606], [6790], [5788], [4288], [356], [3620], [3559], [1432], [6772], [84868], [2309], [4282], [1234], [54106], [558], [598], [7161], [2214], [7430], [10673], [3265], [6352], [6777], [196], [3627], [2212], [5111], [7098], [4088], [3133], [1437], [378938], [998], [23705], [2896], [4067], [652], [7133], [407018], [943], [406942], [820], [30009], [406995], [1236], [940], [3398], [2621], [912], [406958], [6890], [4478], [3687], [3577], [3601], [23135], [10507], [8835], [201294], [6938], [406954], [57823], [2650], [192343]]
LGLL - Large granular lymphocytic leukaemia:[[6774]]
Aggressive Natural Killer Cell Leukemia:[[2064], [3592], [355], [4609], [3925], [7157], [3815], [7040], [3135], [3133], [207], [3952], [6774], [924], [100507436], [841], [3606], [5594], [1027], [3576], [3458], [3106], [6777], [6347], [3105], [84868], [9370], [558], [3479], [5595], [406947], [3558], [1432], [920], [4582], [4684], [23705], [6714], [2309], [54790], [2214], [3953], [7128], [6352], [4312], [9021], [6776], [5604], [5580], [6382], [5111], [406952], [5788], [51284], [6597], [6502], [2621], [912], [6348], [1398], [1236], [969], [201294], [6957], [57823], [27087], [50615], [2650]]
Lymphoproliferative Disease of Large Granular Lymphocytes:[[6774], [3586], [7040], [3569], [7124], [4790], [7157], [3559], [3458], [3845], [51744], [4283], [3811], [3821], [3822], [6965], [6964]]
Large granular lymphocytic leukemia:[[7040], [596], [7157], [6774], [7124], [4790], [3569], [3586], [5743], [3576], [5728], [3458], [4292], [3605], [4170], [4288], [2247], [8743], [3559], [100507436], [6772], [4843], [6777], [6382], [22914], [4791], [80781], [5966], [3811], [10578], [5414]]
Leukemia LGL:[[6774], [3996], [1788], [673], [5728], [3606], [54790], [7128], [6352], [6351]]
Leukemias LGL:[[673], [5728], [1788], [54790]]
LGLL - Large granular lymphocytic leukemia:[[6774], [6772]]
Large granular lymphocytosis:[[]]
Large Granular Lymphocyte Leukemia:[[3576], [3605], [6696], [7040], [4170], [7157], [6774], [4791], [596], [7124], [3569], [5743], [3586], [4790], [3458], [10578], [57823], [5728], [6647], [3559], [8743], [4582], [6772], [2247], [100507436], [4288], [22914], [6777], [6469], [4843], [7052], [6382], [5966], [5657], [1326], [3601], [2315], [7305], [6965], [6964], [1043], [1844], [53637], [10870]]
