Oral Leukoplakias:[[10630]]
Oral Keratosis:[[]]
Leukokeratosis of oral mucosa:[[3853], [388698]]
Oral leukokeratosis:[[3872], [3853], [388698]]
Oral Leukoplakia:[[7157], [1956], [2944], [2064], [1029], [999], [2952], [2950], [4313], [595], [4851], [472], [6387], [7515], [2146], [3688], [1027], [4089], [2068], [217], [1950], [8842], [6657], [1571], [8878], [648], [216], [8091], [1019], [7077], [6678], [3371], [10630], [3159], [27178], [3965], [6278], [407015], [6373], [140885], [5473], [1163], [8099], [1669]]
Oral leukoplakia:[[7157], [1956], [2944], [2064], [1029], [999], [2952], [2950], [4313], [595], [4851], [472], [6387], [7515], [2146], [3688], [1027], [4089], [2068], [217], [1950], [8842], [6657], [1571], [8878], [648], [216], [8091], [1019], [7077], [6678], [3371], [10630], [3159], [27178], [3965], [6278], [407015], [6373], [140885], [5473], [1163], [8099], [1669]]
Oral Keratoses:[[]]
Leukoplakia of oral mucosa:[[7157], [1956], [3586], [2064], [4318], [999], [4313], [7097], [472], [7515], [4292], [4843], [4436], [6657], [388698]]
Oral Leukokeratosis:[[3872], [3853], [388698]]
Oral Leukokeratoses:[[55107], [7157], [8099], [1956], [7124], [7422], [3569], [7040], [4524], [2064], [3091], [3586], [2099], [4318], [207], [4790], [7421], [3553], [1029], [5728], [5743], [1499], [7099], [6934], [1401], [3576], [7015], [6774], [4609], [220064], [1636], [999], [2475], [29126], [7852], [2944], [3458], [348], [4193], [4313], [5243], [673], [595], [6347], [672], [1026], [332], [2952], [406991], [7097], [2950], [960], [367], [4851], [4233], [596], [3606], [6387], [5054], [5290], [7515], [50943], [675], [627], [472], [1543], [177], [3952], [1027], [8626], [5594], [3383], [2146], [51738], [5133], [1234], [3565], [4255], [6667], [3480], [406938], [4288], [10413], [6696], [9370], [3845], [4846], [3479], [6532], [324], [3162], [5970], [355], [4314], [4292], [1576], [406947], [3717], [3605], [4780], [1312], [6657], [3958], [4312], [1559], [5468], [4436], [6790], [857], [3688], [3630], [4137], [2153], [841], [9429], [3815], [7291], [929], [3265], [1565], [1830], [4843], [2147], [5925], [2068], [3135], [3146], [5747], [5444], [2932], [5879], [4879], [1950], [1557], [6352], [6513], [836], [2022], [4282], [4582], [1906], [3119], [3077], [5460], [2646], [5595], [1019], [356], [5329], [6714], [6772], [3934], [3725], [1571], [2247], [154], [23411], [1577], [2100], [1493], [10], [217], [6648], [183], [7431], [8743], [1869], [2706], [7424], [5328], [64127], [4089], [768], [7098], [54106], [1432], [3558], [682], [7048], [4153], [6469], [7450], [2261], [648], [2260], [7490], [4323], [142], [1277], [5979], [7298], [3557], [4869], [948], [581], [4170], [3690], [2263], [8842], [10263]]
Leucoplakia of oral mucosa:[[7157], [1956], [7124], [3569], [7040], [2064], [2099], [3586], [4318], [367], [5743], [7099], [999], [3576], [7015], [4313], [406991], [7097], [472], [7515], [4292], [4436], [4843], [3558], [2697], [6657], [7291], [5460], [331], [7052], [2312], [285], [567], [23586], [135], [947], [1536], [358], [92140], [4804], [50507], [10273], [284], [406986], [4092], [5515], [9575], [5742], [4361], [468], [80781], [406928], [27035], [5395], [4176], [406], [10551], [8864], [1001], [990], [3635], [6997], [59340], [5187], [10733], [54739], [4100], [23581], [3853], [27030], [810], [6707], [388698], [3854], [528], [752014], [10732]]
