Megakaryoblastic Leukemia Acute:[[57591], [8301], [4297], [3717], [3815], [4352], [2120], [2099], [7040], [9429], [1312], [2623], [2078], [3690], [2033], [406911], [3718], [948], [1436], [2735], [4254], [863], [406912], [3110], [10578], [114609], [407055], [8125], [53947], [64783], [84662]]
Malignant megakaryocytosis:[[]]
Thrombocytic leukaemia:[[7704], [7157], [64919], [673], [207], [4524], [3569], [7040], [7422], [5243], [4851], [3717], [3586], [3845], [3553], [1029], [2099], [2944], [3091], [6774], [2322], [5594], [4609], [3123], [861], [7852], [5728], [5743], [7099], [4869], [4846], [596], [3576], [6532], [675], [3106], [4193], [2475], [2952], [4297], [595], [1026], [5290], [2950], [2146], [472], [6387], [1234], [7097], [1493], [3105], [3146], [25], [1565], [3383], [355], [3606], [79068], [5925], [1543], [3135], [3417], [2932], [1432], [6667], [3480], [5595], [7490], [142], [6714], [857], [5133], [4153], [9429], [5781], [1050], [324], [8626], [406938], [387], [929], [7428], [7276], [4170], [4023], [406947], [5241], [5888], [867], [5599], [5371], [5578], [6790], [2067], [407040], [8600], [328], [1728], [7161], [1387], [1490], [11200], [598], [811], [2308], [8091], [4210], [4893], [613], [2539], [2885], [648], [5027], [4683], [10320], [331], [1788], [2022], [5159], [7128], [84868], [10673], [302], [5156], [864], [54790], [6850], [7153], [4363], [7424], [3418], [2784], [4613], [7172], [3115], [7535], [7517], [652], [7514], [862], [3932], [6597], [6093], [7474], [5228], [1977], [9212], [8651], [947], [952], [2113], [5777], [5617], [4771], [5914], [5292], [5579], [684], [407006], [1244], [1991], [6573], [27161], [5430], [2623], [8877], [6777], [2120], [2833], [57379], [3676], [1437], [3164], [5590], [6688], [578], [1269], [2624], [8792], [80781], [22933], [1514], [2324], [330], [3662], [23451], [3251], [406942], [9531], [7012], [1654], [56616], [6402], [3976], [406987], [407007], [8797], [4929], [3718], [406950]]
Acute megakaryoblastic leukaemia morphology:[[3717], [7040], [2099], [4297], [2623]]
Megakaryocytic Leukemias Acute:[[619554]]
Megakaryoblastic leukemia:[[57591], [4297], [57496], [8301], [4352], [3717], [2099], [3815], [7040], [2120], [9429], [2623], [1312], [2033], [2078], [3690], [3718], [948], [2735], [406911], [1436], [4254], [5216], [1859], [6722], [7094], [863], [114609], [3110], [406912], [10578], [407055], [83706], [8125], [4118], [53947], [5217], [29984], [64783], [84662], [10180], [4293]]
Megakaryoblastic Leukemias Acute:[[3717], [3815], [4297], [2120], [8301], [2078], [406911], [1436]]
FAB M7:[[861]]
Acute megakaryoblastic leukemia FAB M7:[[]]
Megakaryocytic Leukemia:[[207], [4982], [861], [2623], [875], [3589], [5293], [57591], [978], [10221], [9070]]
Megakaryoblastic leukaemia:[[7040], [3717], [2099], [4297], [2623], [9429], [2120], [3718]]
Acute myeloid leukemia M7:[[861], [9429], [54790], [10599], [8788], [3683]]
Megakaryocytic Leukemias:[[619554]]
Megakaryocytic leukemia:[[207], [4982], [861], [2623], [875], [3589], [5293], [57591], [978], [10221], [9070]]
Megakaryocytic leukaemia:[[7704], [7157], [207], [3717], [3569], [7422], [861], [4851], [6774], [3553], [5594], [2475], [7097], [6667], [2932], [3480], [7490], [2623], [407040], [5371], [5578], [6790], [10320], [598], [811], [5156], [5159], [7128], [862], [947], [2113], [2120], [6688], [7066], [6886], [10221], [7392], [55363]]
Megakaryocytic Leukemia Acute:[[861], [57591], [207], [4982], [2623], [875], [3589], [5293], [10221], [978], [9070]]
Acute megakaryoblastic leukemia:[[9429], [2623], [4297], [948], [2120], [4352], [1436], [3718], [406911], [57591], [8301], [406912], [407055], [8125], [3110], [863], [64783], [84662]]
Acute megakaryoblastic leukaemia FAB M7:[[]]
M7 - Acute megakaryoblastic leukemia:[[9429]]
Thrombocytic leukemia:[[1956], [861], [25], [2064], [2065], [5371], [4297], [4170], [648], [8301], [6886], [10018], [6513], [5894], [860], [10320], [5366], [4311], [355], [864], [4352], [2313], [578], [2066], [3662], [2322], [6418], [6275], [3977], [862], [80312], [7704], [7068], [3925], [6455], [57591], [867], [8028], [5087], [3845], [602], [84159], [1029], [8115], [613], [7015], [8085], [4609], [51341], [596], [7066], [7067], [1644], [3717], [23365], [2099], [1053], [7994], [23522], [4299], [9757], [5898], [4303], [3815], [4300], [7157], [58508], [3195], [4301], [55904], [79870], [28982], [581], [5090], [6575], [4343], [924], [27], [4869], [3431], [30012], [5781], [7124], [6887], [4298], [57326], [7422], [574028], [4763], [5899], [3569], [7040], [4291], [4524], [8626], [6574], [59], [3600], [6541], [1050], [841], [3394], [8178], [1788], [8079], [8887], [5713], [10301], [8847], [3091], [3586], [26511], [8021], [7102], [4318], [4683], [10962], [6774], [5243], [673], [207], [4790], [1030], [5914], [5728], [5743], [6164], [1499], [3576], [23411], [4066], [27286], [4988], [5089], [2475], [29126], [127933], [10206], [3952], [2120], [7852], [2944], [2624], [6227], [3458], [57496], [4193], [9213], [7421], [5142], [56915], [11262], [2625], [29959], [51176], [5594], [595], [348], [1026], [3669], [332], [2952], [406991], [2950], [9370], [960], [30851], [4851], [627], [3123], [80714], [472], [6387], [55640], [4780], [672], [5079], [3553], [79621], [2908], [7515], [5970], [83852], [2146], [367], [351], [2063], [3479], [3135], [3146], [4313], [2932], [64857], [3383], [3162], [55213], [7099], [10412], [220107], [6988]]
Acute megakaryoblastic leukemia morphology:[[2623], [4297], [4352], [8301]]
M7 - Acute megakaryoblastic leukaemia:[[9429]]
Acute megakaryoblastic leukemia NOS:[[]]
Acute megakaryocytic leukemia:[[207], [4982], [861], [2623], [3589], [5293], [57591], [10221]]
Myeloid Leukemia Acute M7:[[861], [9429], [54790], [10599], [8788], [3683]]
Megakaryocytic myelosis:[[57591], [7157], [7422], [3569], [6774], [3717], [4318], [207], [3553], [2475], [3479], [3458], [7097], [5594], [4780], [4851], [861], [2932], [6667], [3480], [3791], [388815], [2623], [4982], [7490], [407040], [5578], [2321], [6790], [3481], [598], [1958], [5156], [406937], [6469], [4323], [948], [811], [7057], [5371], [2034], [10855], [9021], [5159], [7128], [6403], [2078], [4904], [4627], [3456], [8829], [875], [947], [8795], [10320], [2113], [406913], [6776], [23028], [2811], [407018], [2776], [3439], [3925], [1025], [4092], [2934], [407008], [5581], [4352], [406952], [2120], [64805], [7874], [5196], [7248], [3276], [51206], [6688], [2902], [3482], [7173], [7066], [2122], [6915], [701], [1460], [3589], [9451], [6418], [2313], [406982], [5154], [10661], [10666], [5293], [862], [79727], [3280], [7391], [990], [7704], [4502], [26524], [6886], [10014], [9113], [5087], [1601], [5739], [2114], [978], [4211], [574447], [51053], [5786], [406902], [10221], [8021], [81620], [619554], [55170], [10825], [10163], [9070], [3214], [8936], [4778], [7707], [6208], [1748], [7392], [2151], [10810], [4300], [1263], [8328], [863], [51177], [57215], [5089], [55363], [54518], [84662], [161882], [7564], [10042], [10781]]
Acute megakaryoblastic leukaemia:[[3717], [7040], [4297], [2120], [2099], [9429], [2623], [3718]]
