T-Cell Leukemia-Lymphoma HTLV-I-Associated:[[50943], [6774]]
Adult T-cell lymphoma/leukaemia:[[7157], [4609], [1788], [207], [8626], [7422], [5243], [5728], [595], [3569], [7040], [3480], [6774], [54790], [4851], [3586], [596], [4869], [3717], [472], [3845], [2475], [2146], [355], [5133], [1026], [3606], [2120], [406947], [7852], [4193], [7490], [387], [10320], [5781], [3146], [3418], [6790], [7276], [5156], [6777], [2022], [3718], [4363], [5777], [7424], [3662], [9531], [1233], [29072]]
Leukemia-Lymphoma HTLV-Associated:[[]]
Leukemia-Lymphoma T-Cell Acute HTLV-I-Associated:[[6774], [50943]]
Human T Lymphotropic Virus Associated Leukemia Lymphoma:[[]]
Leukemia Lymphoma T Cell Acute HTLV I Associated:[[7015], [84868], [3123], [3586], [7040], [6513], [6774], [7422], [3662], [4851], [3600], [3569], [50943], [6352], [841], [959], [7157], [355], [207], [924], [7128], [4790], [3383], [3567], [4318], [3458], [7295], [572], [54790], [3956], [2247], [23705], [8837], [23405], [991], [3726]]
Adult T-cell leukaemia/lymphoma (clinical):[[596], [861], [1233]]
Adult T-cell leukaemia:[[3586], [3576], [7157], [3123], [5896], [79068], [1788], [4609], [3106], [6886], [4005], [207], [4929], [3569], [3553], [596], [673], [7040], [8626], [5243], [1493], [7422], [3135], [595], [3480], [4851], [5728], [861], [2322], [3606], [3383], [4869], [1029], [3718], [25], [6387], [3717], [3845], [3146], [7099], [5594], [6774], [54790], [5290], [472], [2475], [2099], [7852], [5133], [7097], [613], [355], [7490], [1026], [5743], [5781], [2120], [2146], [5777], [6777], [10320], [8651], [387], [4846], [4193], [4297], [406947], [3417], [5925], [2932], [1432], [9429], [942], [598], [652], [4153], [5595], [6790], [3662], [3418], [929], [4893], [4208], [5156], [1050], [6667], [7474], [7276], [4363], [6659], [648], [7424], [2022], [4772], [7153], [947], [1233], [5590], [3635], [7514], [406893], [6688], [4771], [2623], [896], [3492], [57447], [57379], [84106], [3976], [406995], [2324], [1269], [27122], [9531], [4919], [29072], [10803], [2208], [64109], [23532], [406922], [693175]]
Adult T-cell lymphoma/leukemia (HTLV-1-associated):[[355], [7422], [207], [29126], [4790], [5133], [3605], [50943], [3146], [3725]]
T-Cell Leukemia-Lymphoma Adult:[[6886], [3195], [50943], [7157], [29126], [4609], [596], [7040], [207], [602], [3559], [10850], [4790], [3383], [4851], [3718], [1029], [6774], [2475], [3717], [3600], [23411], [1026], [567], [387], [10320], [2908], [3725], [23705], [55294], [4233], [598], [581], [3082], [929], [3682], [1030], [4843], [7412], [4297], [5079], [7474], [1436], [768], [213], [5062], [648], [6659], [6935], [406937], [7037], [1233], [4092], [5245], [3561], [5744], [1485], [896], [406995], [3939], [9961], [57142], [4102], [55869], [599], [10460], [406994], [2355], [4103], [2826], [80314], [100500880]]
T-Cell Leukemia-Lymphomas Adult:[[23705], [5300], [896]]
Adult T-cell leukemia/lymphoma (HTLV-1 positive):[[7040], [207], [596], [7157], [4609], [6774], [50943], [4790], [3558], [29126], [3725], [602], [4318], [3383], [1026], [355], [3662], [5133], [1524], [4843], [8651], [23705], [5777], [598], [5744], [3727], [599]]
Adult T-cell lymphoma/leukemia (HTLV-1-associated) NOS:[[355], [7422], [29126]]
T-Cell Leukemia-Lymphomas HTLV-I-Associated:[[]]
T-Cell Leukemia-Lymphomas Human:[[23705], [896], [924], [5300]]
Adult T-cell lymphoma/leukemia:[[4609], [1788], [10320], [4311], [355], [7157], [8626], [3662], [7015], [596], [1021], [3815], [3845], [7124], [3717], [7422], [4869], [8085], [5728], [3569], [5243], [207], [595], [2120], [7040], [6774], [3586], [5781], [54790], [3600], [29126], [4790], [3119], [332], [3480], [1499], [2475], [472], [4851], [5133], [23411], [2146], [1026], [406947], [3559], [5079], [3605], [7852], [406991], [4193], [3606], [7490], [50943], [2625], [4780], [4313], [3146], [8743], [3791], [4684], [920], [387], [6790], [3418], [238], [4288], [356], [6772], [4582], [3958], [3725], [5156], [604], [6777], [3718], [3558], [7424], [1803], [4363], [1436], [6776], [3557], [23705], [407008], [3738], [4843], [3066], [943], [10257], [23405], [5777], [3627], [8678], [6280], [10563], [3956], [567], [2022], [8837], [25939], [2956], [3574], [1233], [9531], [1028], [9961], [3578], [5551], [3567], [6362], [29072], [274], [3560], [3561], [4923], [3812], [6964], [2826]]
Adult T-cell lymphoma:[[7157], [1021], [4609], [1788], [7124], [8626], [7422], [27332], [5728], [3119], [595], [5243], [207], [3569], [7040], [3480], [6774], [54790], [3586], [6622], [596], [7015], [29126], [55245], [4790], [332], [3815], [1499], [2475], [472], [1401], [355], [3845], [4851], [5133], [3717], [3605], [2146], [3606], [4869], [1026], [406947], [50943], [2120], [85480], [3559], [4288], [238], [406991], [7852], [23411], [3596], [4193], [4313], [387], [920], [7490], [4582], [4780], [3146], [5781], [8743], [3791], [3557], [4311], [604], [10320], [4684], [3558], [3958], [3600], [4843], [3725], [4094], [3418], [6790], [6772], [1803], [7276], [3627], [943], [356], [10563], [5156], [1436], [3956], [23405], [2022], [3718], [6777], [3066], [8678], [2956], [6280], [23705], [567], [4363], [5777], [7424], [6776], [3574], [2625], [407008], [5079], [8837], [57531], [10257], [3662], [25939], [1028], [5551], [3578], [9531], [1233], [2627], [3567], [8085], [6356], [274], [6362], [29072], [9961], [386653], [4923], [3560], [3738], [3561], [7317], [3812], [7072], [7060], [9260], [6964], [6346], [2826]]
Adult T-cell leukemia/lymphoma:[[596], [4609], [602], [5366], [7157], [4790], [207], [7040], [6774], [1029], [2475], [50943], [29126], [4318], [1026], [4851], [23411], [4233], [355], [5133], [3725], [3558], [387], [598], [3559], [6772], [3383], [567], [23705], [8651], [4843], [4582], [3082], [55294], [54790], [196], [1803], [3662], [5777], [213], [943], [768], [841], [1030], [406937], [23405], [3718], [6935], [3716], [7412], [1436], [4316], [7474], [1233], [3939], [7037], [1524], [896], [4092], [5744], [2026], [7014], [6659], [6362], [991], [57142], [9961], [3561], [55869], [3727], [5062], [1485], [4102], [599], [10460], [406994], [3682], [2355], [4103], [10850], [2826], [80314], [100500880]]
Adult T-cell leukaemia/lymphoma (HTLV-1 positive):[[596]]
T-Cell Leukemias Adult:[[4851], [2120]]
Adult T-cell leukaemia/lymphoma:[[596], [861], [1233]]
Adult T-cell lymphoma/leukaemia (HTLV-1 +):[[7157], [4609], [207], [7422], [6774], [7040], [3586], [355], [596], [1026], [5133], [472], [2146], [3606], [3146], [4363], [5777], [3662]]
T Cell Leukemia Lymphoma HTLV I Associated:[[7015], [7040], [7422], [4851], [6513], [841], [207], [6774], [3662], [7157], [4790], [4318], [50943], [54790], [924], [355], [3383], [23705], [23405], [991], [3727]]
Adult T-cell lymphoma/leukemia (HTLV-1 +):[[4609], [355], [7157], [3662], [7015], [596], [7422], [7124], [207], [4790], [6774], [7040], [29126], [3586], [332], [5133], [1026], [50943], [472], [3605], [2146], [3146], [3606], [3725], [4363], [3558], [23705], [4843], [5777], [8678], [25939], [3578]]
Human T Cell Leukemia Lymphoma:[[]]
Human T Lymphotropic Virus-Associated Leukemia-Lymphoma:[[]]
T Cell Leukemia Lymphoma Adult:[[596], [595], [4609], [6886], [5366], [3195], [6513], [7157], [602], [207], [4790], [7422], [5728], [7040], [4851], [1029], [2475], [4318], [6774], [50943], [54790], [7015], [29126], [1026], [23411], [355], [4233], [5133], [4067], [3605], [3559], [4602], [3725], [3558], [55294], [598], [23705], [387], [7490], [8743], [3383], [3082], [3662], [6772], [567], [8651], [1030], [4843], [4582], [1436], [1803], [196], [213], [2033], [23405], [5777], [1233], [768], [841], [943], [406937], [3718], [6935], [4854], [1050], [3716], [4316], [7474], [3682], [7412], [3939], [4005], [7037], [2026], [51284], [1524], [896], [4092], [5744], [7014], [3727], [6659], [6362], [991], [9961], [3561], [406995], [57142], [55869], [1485], [5062], [3560], [599], [4102], [55872], [10460], [406994], [2355], [22806], [4103], [10850], [2826], [80314], [100500880]]
ATLL:[[7157], [7040], [6774], [1029], [29126], [596], [1026], [5133], [3958], [6935], [598], [940], [7486], [3716], [54790], [5744], [3718], [1436], [23705], [5062], [57447], [1233], [597], [3727], [599], [64919], [924], [2355], [80314], [55968], [2826]]
Leukemia-Lymphomas HTLV-Associated:[[]]
T-Cell Leukemia-Lymphoma Human:[[6886], [50943], [7157], [8115], [29126], [3195], [7040], [596], [917], [207], [4790], [3383], [6774], [1029], [10320], [4609], [23411], [2475], [3559], [4851], [3717], [1026], [602], [213], [3718], [51341], [3600], [27004], [387], [7037], [3725], [23705], [567], [2908], [896], [9623], [4233], [581], [142], [598], [929], [10850], [3082], [4843], [10018], [7412], [648], [55294], [7474], [6935], [406937], [768], [4297], [406995], [1030], [1901], [4092], [6659], [6946], [5744], [5062], [5079], [5245], [6426], [3939], [3280], [3561], [1436], [1233], [57142], [6929], [1485], [55869], [9961], [3682], [407014], [599], [4102], [10460], [442920], [406994], [4103], [2355], [22809], [7750], [1791], [2826], [80314], [89795], [100500880], [192343]]
Adult T-cell leukemia:[[5366], [7157], [4790], [7040], [207], [4318], [4609], [6774], [1029], [50943], [2475], [29126], [596], [23411], [1026], [4851], [4233], [3383], [355], [5133], [4582], [3725], [387], [3082], [6772], [4843], [598], [213], [841], [3558], [196], [55294], [1803], [23705], [406937], [3559], [768], [7412], [6935], [567], [4316], [23405], [7474], [8651], [7037], [5777], [54790], [1524], [1030], [3662], [3716], [4092], [6441], [943], [5744], [1233], [3939], [1436], [7014], [3718], [2026], [10628], [6659], [991], [57142], [6362], [7013], [3727], [5062], [896], [55869], [824], [9961], [1485], [3561], [602], [4899], [969], [10460], [406994], [55775], [4102], [10401], [599], [58508], [10803], [3682], [63976], [4103], [1154], [2355], [10850], [64236], [2826], [80314], [50859], [100500880]]
Adult T-cell leukemia/lymphoma (clinical):[[596], [4609], [7157], [4233], [602], [4790], [207], [7040], [6774], [3559], [1029], [2475], [29126], [50943], [4318], [4851], [23411], [355], [1026], [5133], [3558], [3383], [6772], [3725], [4582], [3082], [4843], [567], [387], [8651], [598], [6935], [943], [1803], [768], [23705], [7412], [55294], [54790], [406937], [5777], [213], [3662], [1030], [3716], [23405], [841], [3718], [1436], [4316], [2026], [1233], [7037], [7474], [3939], [4092], [6659], [5744], [9961], [1524], [896], [6362], [57142], [55869], [1485], [4102], [10460], [3682], [10850]]
T-Cell Leukemia Adult:[[5366], [6513], [1588], [6886], [4609], [7157], [3195], [595], [207], [7040], [4790], [30012], [5728], [7422], [4851], [7015], [596], [4318], [1029], [2475], [6774], [50943], [54790], [23411], [4067], [29126], [4233], [3605], [1026], [355], [3383], [55294], [7490], [3082], [5133], [4582], [8743], [3559], [23705], [4843], [3725], [598], [213], [841], [3558], [387], [6772], [1803], [2033], [196], [6935], [406937], [1436], [4854], [23405], [768], [1030], [22943], [1050], [3662], [3682], [4316], [7412], [1233], [567], [7474], [8651], [7037], [5777], [51284], [6441], [1524], [4602], [3716], [4092], [943], [5744], [7014], [3718], [2026], [3727], [3939], [10628], [6659], [991], [57142], [6362], [406995], [7013], [1485], [824], [9961], [5062], [896], [55869], [4005], [3561], [969], [602], [3560], [4899], [599], [10460], [406994], [55775], [4102], [10401], [55872], [63976], [58508], [10803], [22806], [2355], [4103], [1154], [10850], [64236], [2826], [80314], [50859], [100500880]]
HTLV Associated Leukemia Lymphoma:[[]]
T Cell Leukemia Adult:[[5366], [6513], [1588], [6886], [4609], [7157], [3195], [595], [207], [7040], [4790], [30012], [5728], [7422], [4851], [7015], [596], [4318], [1029], [2475], [6774], [50943], [54790], [23411], [4067], [29126], [4233], [3605], [1026], [355], [3383], [55294], [7490], [3082], [5133], [4582], [8743], [3559], [23705], [4843], [3725], [598], [213], [841], [3558], [387], [6772], [1803], [2033], [196], [6935], [406937], [1436], [4854], [23405], [768], [1030], [22943], [1050], [3662], [3682], [4316], [7412], [1233], [567], [7474], [8651], [7037], [5777], [51284], [6441], [1524], [4602], [3716], [4092], [943], [5744], [7014], [3718], [2026], [3727], [3939], [10628], [6659], [991], [57142], [6362], [406995], [7013], [1485], [824], [9961], [5062], [896], [55869], [4005], [3561], [969], [602], [3560], [4899], [599], [10460], [406994], [55775], [4102], [10401], [55872], [63976], [58508], [10803], [22806], [2355], [4103], [1154], [10850], [64236], [2826], [80314], [50859], [100500880]]
