AML M4:[[6774], [3845], [3569], [3091], [1029], [2322], [4790], [999], [4297], [4893], [1788], [1543], [3265], [3315], [4035], [4928], [10320], [5915], [100507056], [10801], [5359], [2268], [3229], [137196]]
Myeloid Leukemia Naegeli Type:[[]]
Naegeli-type monocytic leukemia:[[]]
Acute myelomonocytic leukaemia:[[861], [6774], [867], [3717], [3845], [7157], [5781], [4869], [3569], [1050], [1788], [4297], [3586], [4609], [4210], [2146], [1026], [7097], [54790], [4893], [929], [1387], [171023], [811], [5228], [6688], [302], [2067], [5159], [1437], [1441], [406942], [3718], [7307], [57379], [23451], [3206], [26040], [9590], [23157]]
AMML - Acute myelomonocytic leukaemia:[[861], [6774], [867], [3717], [3845], [7157], [5781], [4869], [3569], [1050], [1788], [4297], [3586], [4609], [4210], [2146], [1026], [7097], [54790], [4893], [929], [1387], [171023], [811], [5228], [6688], [302], [2067], [5159], [1437], [1441], [406942], [3718], [7307], [57379], [23451], [3206], [26040], [9590], [23157]]
AMML - Acute myelomonocytic leukemia:[[861], [4297], [1050], [5170], [10801], [4928], [865], [4629], [10962], [84324], [84223]]
Naegeli-type monocytic leukaemia:[[]]
Naegeli-Type Myeloid Leukemia:[[]]
Acute myelomonocytic leukaemia (clinical):[[861], [6774], [3717], [3845], [867], [7157], [5781], [4869], [3569], [1050], [1788], [3586], [4609], [4297], [2146], [4210], [7097], [4893], [1026], [929], [54790], [171023], [1387], [811], [5228], [2067], [302], [5159], [1437], [6688], [23451], [3718], [1441], [406942], [7307], [57379], [26040], [3206]]
Acute myelomonocytic leukemia (clinical):[[861], [4297], [1050], [5170], [10801], [4928], [865], [4629]]
FAB M4:[[2322], [4297], [4035]]
Acute myelomonocytic leukemia NOS:[[]]
Myelomonocytic Leukemia Acute:[[861], [867], [6774], [1053], [4297], [3845], [3717], [5781], [3815], [8028], [4869], [5894], [5903], [1788], [1050], [4763], [80312], [4609], [3569], [7157], [7124], [3586], [4790], [865], [2146], [1026], [332], [4893], [10962], [54790], [4210], [7097], [6347], [1387], [2321], [3791], [1385], [64127], [171023], [929], [6776], [811], [23092], [6688], [7056], [5806], [6427], [1441], [3718], [4928], [1437], [406934], [57379], [7307], [302], [23028], [406942], [1436], [9590], [5159], [2067], [23451], [4853], [945], [9235], [26040], [10801], [5293], [4629], [3206], [6654], [3055], [5170], [407010], [389421], [7403], [10661], [1667], [8764], [2268], [151888], [161742], [200424], [1668], [8328], [23157], [219285], [84324], [107197952], [84223]]
Acute myelomonocytic leukemia FAB M4:[[4297]]
Acute myelomonocytic leukaemia FAB M4:[[4297]]
M4 - Acute myelomonocytic leukemia:[[4297], [10801], [4928]]
Acute myelomonocytic leukemia:[[861], [4297], [1050], [5170], [10801], [4928], [865], [4629], [10962], [84324], [84223]]
Myeloid Leukemia Acute M4:[[6774], [2322], [3845], [10320], [1788], [1029], [3569], [3091], [4790], [4297], [4893], [1543], [999], [4928], [3265], [3308], [4035], [10801], [100507056], [5359], [9935], [2268], [1917], [137196]]
M4 - Acute myelomonocytic leukaemia:[[6774], [3845], [3569], [1788], [4297], [4893]]
Myelomonocytic Leukemias Acute:[[861], [3717], [3845], [7157], [4869], [3815], [4297], [7124], [1788], [4609], [332], [2146], [54790], [929], [2321], [1387], [865], [3791], [171023], [6688], [6427], [4928], [23028], [1436], [8028], [7307], [3206], [7403]]
