Myelogenous leukemia:[[862], [25], [7157], [613], [4524], [56915], [7124], [3569], [3717], [3091], [5243], [3586], [207], [3553], [4318], [1499], [6774], [4790], [84955], [861], [3576], [3952], [7015], [3479], [596], [7852], [3815], [2322], [23411], [595], [5444], [332], [406991], [4851], [6387], [4582], [9920], [3417], [6648], [3958], [1027], [3934], [4869], [581], [7490], [6772], [2247], [5265], [2335], [3265], [6790], [4353], [598], [4968], [2309], [1387], [1786], [4763], [5465], [1788], [10018], [867], [1050], [100131234], [9021], [2534], [8091], [3014], [5058], [9163], [7077], [5777], [3418], [6502], [54790], [4311], [6776], [4914], [5294], [558], [6198], [1437], [4691], [10320], [107980440], [3659], [3439], [8877], [4067], [5744], [578], [6777], [2120], [3732], [4352], [10419], [406910], [80781], [11168], [283], [652995], [2621], [1965], [27035], [637], [1012], [5079], [3206], [317], [406934], [171023], [664], [3205], [290], [406995], [2348], [107963955], [5764], [1441], [362], [6361], [3280], [4928], [407046], [10859], [4069], [1630], [1511], [6367], [3726], [939], [868], [945], [5094], [200315], [9166], [8239], [4856], [5898], [8013], [2526], [5609], [3563], [9141], [2268], [3821], [5813], [3207], [2020], [63976], [84295], [407027], [27], [442901], [28951], [407047], [7543], [973], [201633], [57448], [4778], [107963948], [407051], [2086], [27181], [84515], [9046], [9306], [55870], [22915], [318], [64783], [387066], [127933], [55031], [63035], [5814], [23305], [1849], [107126288], [100302219], [192343]]
Granulocytic leukemia:[[]]
myelogenous leukemia:[[862], [25], [7157], [613], [4524], [56915], [7124], [3569], [3717], [3091], [5243], [3586], [207], [3553], [4318], [1499], [6774], [4790], [84955], [861], [3576], [3952], [7015], [3479], [596], [7852], [3815], [2322], [23411], [595], [5444], [332], [406991], [4851], [6387], [4582], [9920], [3417], [6648], [3958], [1027], [3934], [4869], [581], [7490], [6772], [2247], [5265], [2335], [3265], [6790], [4353], [598], [4968], [2309], [1387], [1786], [4763], [5465], [1788], [10018], [867], [1050], [100131234], [9021], [2534], [8091], [3014], [5058], [9163], [7077], [5777], [3418], [6502], [54790], [4311], [6776], [4914], [5294], [558], [6198], [1437], [4691], [10320], [107980440], [3659], [3439], [8877], [4067], [5744], [578], [6777], [2120], [3732], [4352], [10419], [406910], [80781], [11168], [283], [652995], [2621], [1965], [27035], [637], [1012], [5079], [3206], [317], [406934], [171023], [664], [3205], [290], [406995], [2348], [107963955], [5764], [1441], [362], [6361], [3280], [4928], [407046], [10859], [4069], [1630], [1511], [6367], [3726], [939], [868], [945], [5094], [200315], [9166], [8239], [4856], [5898], [8013], [2526], [5609], [3563], [9141], [2268], [3821], [5813], [3207], [2020], [63976], [84295], [407027], [27], [442901], [28951], [407047], [7543], [973], [201633], [57448], [4778], [107963948], [407051], [2086], [27181], [84515], [9046], [9306], [55870], [22915], [318], [64783], [387066], [127933], [55031], [63035], [5814], [23305], [1849], [107126288], [100302219], [192343]]
Myelogenous leukaemia:[[862], [7157], [25], [613], [3717], [4524], [207], [861], [3569], [2322], [5243], [4851], [3553], [3586], [3091], [6774], [4869], [7852], [3576], [596], [3106], [595], [6387], [3417], [7490], [1050], [867], [6790], [598], [1387], [811], [1788], [8091], [54790], [10320], [3418], [5777], [1437], [8877], [6777], [2120], [578], [80781], [171023], [3206], [1441], [995], [3205], [406995], [28951], [442915], [9124], [192343]]
granulocytic leukemia:[[]]
Myelogenous Leukemia:[[862], [25], [7157], [613], [4524], [56915], [7124], [3569], [3717], [3091], [5243], [3586], [207], [3553], [4318], [1499], [6774], [4790], [84955], [861], [3576], [3952], [7015], [3479], [596], [7852], [3815], [2322], [23411], [595], [5444], [332], [406991], [4851], [6387], [4582], [9920], [3417], [6648], [3958], [1027], [3934], [4869], [581], [7490], [6772], [2247], [5265], [2335], [3265], [6790], [4353], [598], [4968], [2309], [1387], [1786], [4763], [5465], [1788], [10018], [867], [1050], [100131234], [9021], [2534], [8091], [3014], [5058], [9163], [7077], [5777], [3418], [6502], [54790], [4311], [6776], [4914], [5294], [558], [6198], [1437], [4691], [10320], [107980440], [3659], [3439], [8877], [4067], [5744], [578], [6777], [2120], [3732], [4352], [10419], [406910], [80781], [11168], [283], [652995], [2621], [1965], [27035], [637], [1012], [5079], [3206], [317], [406934], [171023], [664], [3205], [290], [406995], [2348], [107963955], [5764], [1441], [362], [6361], [3280], [4928], [407046], [10859], [4069], [1630], [1511], [6367], [3726], [939], [868], [945], [5094], [200315], [9166], [8239], [4856], [5898], [8013], [2526], [5609], [3563], [9141], [2268], [3821], [5813], [3207], [2020], [63976], [84295], [407027], [27], [442901], [28951], [407047], [7543], [973], [201633], [57448], [4778], [107963948], [407051], [2086], [27181], [84515], [9046], [9306], [55870], [22915], [318], [64783], [387066], [127933], [55031], [63035], [5814], [23305], [1849], [107126288], [100302219], [192343]]
Leukemia Granulocytic:[[861], [5371], [4297], [862], [7015], [4609], [1053], [1050], [7124], [7040], [6774], [5914], [4790], [207], [3576], [4851], [3553], [4353], [5925], [54106], [3934], [6688], [1869], [983], [1051], [8878], [4088], [5580], [1991], [1441], [3684], [6198], [4087], [216], [3659], [7329], [1649], [301], [8850], [5915], [2919], [3190], [7337], [1511], [3665], [4069], [3981], [1022], [597], [2920], [10550], [8328], [6239], [3204], [494331], [1847], [100506311], [85329]]
Granulocytic leukaemia:[[207], [7040], [4851], [6774], [3553], [861], [4609], [1050], [3576], [4297], [5925], [5371], [862], [6688], [5914], [2113], [1991], [1441]]
Myelocytic Leukemias:[[861]]
Non-lymphocytic leukemia:[[79444]]
Myeloid Leukemia:[[861], [8301], [860], [864], [6418], [3845], [7015], [3717], [2099], [3815], [7157], [2322], [4869], [7422], [4524], [1050], [1788], [4291], [3091], [6774], [5243], [207], [4790], [8079], [1499], [3569], [5728], [3586], [4609], [7124], [2475], [7040], [2120], [7852], [2944], [2624], [1029], [29959], [596], [2952], [2950], [4318], [2146], [4193], [2065], [672], [4851], [29126], [9429], [2064], [5743], [7099], [1636], [351], [7421], [332], [3417], [3553], [7490], [9370], [6387], [406947], [1026], [3576], [25], [3952], [355], [595], [472], [4170], [999], [3479], [4780], [4313], [5468], [406991], [23411], [3106], [3135], [3146], [7515], [3162], [7097], [3791], [3559], [3458], [4297], [407040], [6347], [2932], [8201], [4893], [5290], [6647], [960], [5594], [1577], [4233], [1432], [3605], [867], [4879], [1027], [8743], [5970], [3725], [3606], [64127], [5133], [1543], [865], [10], [5781], [613], [2908], [947], [6790], [3620], [2078], [6696], [581], [3690], [5347], [4292], [4282], [2068], [3418], [1728], [406938], [3480], [10413], [648], [3065], [142], [3934], [54790], [4763], [598], [3688], [3320], [836], [6776], [4582], [4255], [6648], [1030], [5578], [8021], [2305], [3958], [3265], [2033], [4353], [811], [3757], [5888], [5599], [114548], [7291], [387], [54658], [356], [5329], [3082], [6850], [2247], [3953], [1789], [4684], [2335], [10018], [84868], [3064], [841], [9590], [54106], [7517], [3558], [7161], [5156], [2321], [2309], [1950], [1387], [1869], [2067], [1786], [4363], [331], [2308], [3486], [1111], [2263], [6688], [196], [4968], [8600], [8878], [328], [983]]
Myeloid Leukemias:[[4524], [5243], [673], [4609], [596], [4869], [2322], [857], [25], [7490], [8743], [861], [3417], [4297], [3481], [1387], [598], [648], [2022], [283120], [1788], [613], [216], [7514], [3418], [5294], [1030], [8829], [54790], [7078], [9332], [2120], [1269], [10419], [2122], [23705], [8797], [171023], [3205], [4005], [8828], [5817], [23532], [4211], [23774], [597], [3903], [2242], [7862], [175], [4301], [5819], [84295], [4299], [83595], [7994], [23522], [9111], [1178], [55512], [5457], [51428], [116173], [84707], [64857], [27154], [25766]]
Non-lymphocytic leukaemia:[[]]
Myeloid leukaemia (category):[[861], [4297], [4170], [929], [864], [862], [7157], [2322], [7704], [3845], [3717], [4869], [51341], [2099], [207], [64919], [3586], [4524], [3569], [7040], [4298], [7422], [596], [5243], [673], [1788], [4851], [5728], [55904], [3091], [6774], [2944], [4609], [1029], [2950], [7099], [7852], [3553], [2952], [3146], [2475], [2120], [2624], [4193], [1026], [2146], [3576], [5743], [7097], [3417], [5594], [25], [6387], [5371], [7490], [5133], [1234], [3135], [5290], [9429], [5781], [472], [84868], [355], [595], [1437], [867], [4846], [54790], [1432], [6532], [3606], [675], [3106], [1543], [2932], [4893], [613], [5159], [1387], [1728], [598], [811], [10320], [3418], [142], [6790], [648], [1493], [5888], [5599], [6688], [6667], [947], [6850], [857], [79068], [8091], [3480], [5595], [5914], [5777], [4153], [5578], [2623], [5156], [4363], [387], [7514], [1441], [7428], [331], [2308], [8600], [3205], [7517], [2539], [7161], [9590], [5292], [2067], [7424], [4210], [328], [1977], [8651], [7474], [171023], [10673], [2885], [6777], [5027], [4683], [7153], [952], [1991], [2022], [578], [5579], [7128], [3662], [23451], [6093], [27161], [9212], [3206], [652], [7307], [3932], [6580], [5617], [23532], [57379], [3676], [1244], [3164], [8877], [4005], [1269], [3976], [8797], [22933], [912], [4772], [1514], [11156], [27086], [6402], [53335], [3718], [80781], [942], [2324], [330], [2938], [4208], [56616], [57650], [1915], [7066], [9475], [1647], [930], [1399], [3635], [26040], [57447], [6886], [239], [100507056], [4919], [51135], [8431], [29072], [2220], [28951], [10221], [6515], [56339], [1024]]
Myeloid leukaemia:[[861], [4297], [4170], [929], [864], [862], [2322], [7704], [7157], [3845], [3717], [51341], [4869], [2099], [1050], [207], [64919], [3586], [4524], [3569], [4298], [7040], [7422], [5243], [1788], [4851], [5728], [55904], [596], [3091], [6774], [2944], [4609], [673], [1029], [2950], [7099], [7852], [3553], [3146], [2120], [2475], [2952], [2624], [1026], [3123], [2146], [4193], [3576], [5743], [7097], [5594], [25], [6387], [3417], [7490], [5133], [3135], [1234], [5290], [9429], [5371], [5781], [355], [595], [472], [406947], [84868], [1437], [867], [54790], [4846], [1432], [6532], [3606], [675], [3106], [1543], [407040], [2932], [4893], [613], [5159], [1387], [1728], [598], [811], [10320], [3418], [406938], [142], [6790], [648], [1493], [6688], [5888], [5599], [6667], [947], [6850], [857], [79068], [8091], [3480], [5595], [5914], [5777], [2623], [5578], [4153], [5156], [4363], [387], [1441], [7514], [7428], [331], [2308], [8600], [3205], [7517], [7161], [9590], [5292], [2067], [7424], [4210], [1977], [328], [8651], [2539], [7474], [171023], [10673], [2885], [6777], [5027], [4683], [7153], [952], [1991], [578], [2022], [5579], [7128], [3662], [23451], [6093], [27161], [9212], [3206], [407006], [652], [7307], [3932], [6580], [5617], [23532], [57379], [3676], [1244], [3164], [4005], [8877], [1269], [3976], [8797], [22933], [406950], [912], [407004], [4772], [1514], [11156], [27086], [7012], [6402], [53335], [3718], [80781], [942], [2324], [330], [2938], [4208], [406942], [56616], [406987], [407007], [57650], [406995], [1915], [7066], [407024], [406893], [9475], [1647], [6659], [930], [1399]]
Myelocytic leukaemia:[[5243], [3717], [2322], [861], [4297], [25], [5925], [7490], [613], [7474], [947], [2623], [2120], [57379], [1647], [57650], [57447], [84106], [574030]]
Myeloid leukemia:[[861], [8301], [860], [864], [6418], [3845], [7015], [3717], [2099], [3815], [7157], [2322], [4869], [7422], [4524], [1050], [1788], [4291], [3091], [6774], [5243], [207], [4790], [8079], [1499], [3569], [5728], [3586], [4609], [7124], [2475], [7040], [2120], [7852], [2944], [2624], [1029], [29959], [596], [2952], [2950], [4318], [2146], [4193], [2065], [672], [4851], [29126], [9429], [2064], [5743], [7099], [1636], [351], [7421], [332], [3417], [3553], [7490], [9370], [6387], [406947], [1026], [3576], [25], [3952], [355], [595], [472], [4170], [999], [3479], [4780], [4313], [5468], [406991], [23411], [3106], [3135], [3146], [7515], [3162], [7097], [3791], [3559], [3458], [4297], [407040], [6347], [2932], [8201], [4893], [5290], [6647], [960], [5594], [1577], [4233], [1432], [3605], [867], [4879], [1027], [8743], [5970], [3725], [3606], [64127], [5133], [1543], [865], [10], [5781], [613], [2908], [947], [6790], [3620], [2078], [6696], [581], [3690], [5347], [4292], [4282], [2068], [3418], [1728], [406938], [3480], [10413], [648], [3065], [142], [3934], [54790], [4763], [598], [3688], [3320], [836], [6776], [4582], [4255], [6648], [1030], [5578], [8021], [2305], [3958], [3265], [2033], [4353], [811], [3757], [5888], [5599], [114548], [7291], [387], [54658], [356], [5329], [3082], [6850], [2247], [3953], [1789], [4684], [2335], [10018], [84868], [3064], [841], [9590], [54106], [7517], [3558], [7161], [5156], [2321], [2309], [1950], [1387], [1869], [2067], [1786], [4363], [331], [2308], [3486], [1111], [2263], [6688], [196], [4968], [8600], [8878], [328], [983]]
Myeloid leukemia - category:[[861], [8301], [860], [864], [6418], [3845], [7157], [7015], [3717], [2099], [3815], [4869], [2322], [7422], [4524], [1788], [4291], [3091], [6774], [5243], [207], [4790], [8079], [1499], [3569], [5728], [3586], [7124], [4609], [2475], [596], [7040], [7852], [2944], [2120], [2624], [1029], [2952], [29959], [2950], [4193], [2064], [4318], [2146], [2065], [672], [4851], [1636], [29126], [3417], [9429], [5743], [7099], [9370], [351], [7421], [332], [3553], [7490], [472], [999], [6387], [1026], [3576], [3952], [25], [355], [595], [4170], [3479], [4780], [4313], [5468], [23411], [960], [3106], [3135], [3146], [7515], [6647], [3162], [7097], [3791], [3559], [3458], [4297], [6347], [2932], [5290], [4893], [5970], [5594], [1577], [4233], [1432], [3605], [867], [4879], [1027], [8743], [2078], [3606], [64127], [5133], [2068], [1543], [10], [865], [5781], [2908], [613], [6790], [947], [3620], [6696], [581], [3690], [4292], [5347], [4282], [3418], [1728], [3480], [3265], [10413], [648], [142], [3065], [3934], [54790], [4763], [3688], [598], [3320], [836], [4582], [6776], [6648], [4255], [5578], [1030], [3958], [2305], [2033], [8021], [4353], [811], [3757], [5888], [84868], [5599], [114548], [7291], [387], [356], [5329], [3082], [6850], [1786], [2247], [3953], [1789], [4684], [2335], [10018], [3064], [841], [54106], [7517], [3558], [7161], [9590], [5156], [2321], [2260], [2309], [1950], [1387], [1869], [2067], [4363], [331], [2308], [3486], [1111], [2263], [196], [4968], [6688], [8600], [8878], [328], [983], [558], [682], [5460], [1385], [7076], [26191], [1571]]
Myelocytic Leukemia:[[5243], [3717], [332], [3815], [5925], [25], [2322], [7490], [861], [3620], [4297], [23405], [613], [283120], [7474], [947], [51284], [100133941], [57379], [2623], [3485], [2120], [10628], [5451], [57650], [10499], [1647], [57447], [10644], [406979], [3398], [9961], [865], [4629], [56648], [7994], [406957], [693120], [7903], [84106], [653145], [102157402], [728113]]
Myelocytic leukemia:[[5243], [3717], [332], [3815], [5925], [25], [2322], [7490], [861], [3620], [4297], [23405], [613], [283120], [7474], [947], [51284], [100133941], [57379], [2623], [3485], [2120], [10628], [5451], [57650], [10499], [1647], [57447], [10644], [406979], [3398], [9961], [865], [4629], [56648], [7994], [406957], [693120], [7903], [84106], [653145], [102157402], [728113]]
Myelogenous Leukemias:[[4869], [7132], [4684]]
Myeloid leukemia unspecified NOS:[[2099], [7422], [6774], [3091], [1499], [351], [5743], [3791], [355], [1027], [8743], [3320], [4792]]
Unspecified myeloid leukemia:[[7157], [2099], [7015], [7422], [207], [4869], [6774], [4790], [4193], [3091], [1499], [1029], [7040], [1026], [351], [7124], [4609], [672], [7852], [596], [1432], [3725], [867], [2064], [595], [5743], [3791], [5468], [25], [2033], [472], [836], [4170], [7421], [5599], [5594], [355], [6387], [598], [1387], [999], [387], [2260], [4233], [613], [1017], [5894], [3559], [4297], [998], [2932], [4893], [1027], [5970], [3065], [960], [3064], [2908], [8743], [581], [2308], [64127], [5347], [5159], [5781], [3265], [142], [3320], [983], [5578], [7048], [3688], [331], [1111], [5111], [5888], [114548], [3558], [7161], [4792], [6850], [811], [8837], [2335], [841], [8651], [558], [2321], [5329], [10018], [1950], [7424], [7128], [1385], [1021], [285], [5610], [3932], [5300], [1977], [2534], [5371], [7186], [5315], [51176], [7514], [6868], [3190], [7249], [8829], [1436], [4067], [8517], [6455], [7295], [4791], [3297], [4914], [5294], [1025], [7010], [10013], [1398], [3716], [5601], [5321], [5515], [208], [1978], [975], [7070], [4208], [1647], [7454], [4194], [3732], [468], [283], [1901], [8741], [572], [1445], [7465], [2274], [2923], [1399], [1965], [408], [993], [25942], [10499], [6497], [7704], [2114], [2736], [7297], [6416], [3635], [6423], [602], [6608], [1022], [55743], [994], [5905], [8900], [1031], [64866], [5520], [2290], [55872], [5163], [694], [8569], [10006], [5927], [4301], [10054], [2889], [7392], [144455], [23085], [203], [54820], [6196], [819], [9454], [22859]]
Myeloid leukaemia - category:[[861], [4297], [4170], [929], [864], [862], [7157], [2322], [7704], [3845], [3717], [4869], [51341], [2099], [207], [64919], [3586], [4524], [3569], [7040], [4298], [7422], [596], [5243], [673], [1788], [4851], [5728], [55904], [3091], [6774], [2944], [4609], [1029], [2950], [7099], [7852], [3553], [2952], [3146], [2475], [2120], [2624], [4193], [1026], [2146], [3576], [5743], [7097], [3417], [5594], [25], [6387], [5371], [7490], [5133], [1234], [3135], [5290], [9429], [5781], [472], [84868], [355], [595], [1437], [867], [4846], [54790], [1432], [6532], [3606], [675], [3106], [1543], [2932], [4893], [613], [5159], [1387], [1728], [598], [811], [10320], [3418], [142], [6790], [648], [1493], [5888], [5599], [6688], [6667], [947], [6850], [857], [79068], [8091], [3480], [5595], [5914], [5777], [4153], [5578], [2623], [5156], [4363], [387], [7514], [1441], [7428], [331], [2308], [8600], [3205], [7517], [2539], [7161], [9590], [5292], [2067], [7424], [4210], [328], [1977], [8651], [7474], [171023], [10673], [2885], [6777], [5027], [4683], [7153], [952], [1991], [2022], [578], [5579], [7128], [3662], [23451], [6093], [27161], [9212], [3206], [652], [7307], [3932], [6580], [5617], [23532], [57379], [3676], [1244], [3164], [8877], [4005], [1269], [3976], [8797], [22933], [912], [4772], [1514], [11156], [27086], [6402], [53335], [3718], [80781], [942], [2324], [330], [2938], [4208], [56616], [57650], [1915], [7066], [9475], [1647], [930], [1399], [3635], [26040], [57447], [6886], [239], [100507056], [4919], [51135], [8431], [29072], [2220], [28951], [10221], [6515], [56339], [1024]]
Myeloid leukemia (category):[[861], [8301], [860], [864], [6418], [3845], [7157], [7015], [3717], [2099], [3815], [4869], [2322], [7422], [4524], [1788], [4291], [3091], [6774], [5243], [207], [4790], [8079], [1499], [3569], [5728], [3586], [7124], [4609], [2475], [596], [7040], [7852], [2944], [2120], [2624], [1029], [2952], [29959], [2950], [4193], [2064], [4318], [2146], [2065], [672], [4851], [1636], [29126], [3417], [9429], [5743], [7099], [9370], [351], [7421], [332], [3553], [7490], [472], [999], [6387], [1026], [3576], [3952], [25], [355], [595], [4170], [3479], [4780], [4313], [5468], [23411], [960], [3106], [3135], [3146], [7515], [6647], [3162], [7097], [3791], [3559], [3458], [4297], [6347], [2932], [5290], [4893], [5970], [5594], [1577], [4233], [1432], [3605], [867], [4879], [1027], [8743], [2078], [3606], [64127], [5133], [2068], [1543], [10], [865], [5781], [2908], [613], [6790], [947], [3620], [6696], [581], [3690], [4292], [5347], [4282], [3418], [1728], [3480], [3265], [10413], [648], [142], [3065], [3934], [54790], [4763], [3688], [598], [3320], [836], [4582], [6776], [6648], [4255], [5578], [1030], [3958], [2305], [2033], [8021], [4353], [811], [3757], [5888], [84868], [5599], [114548], [7291], [387], [356], [5329], [3082], [6850], [1786], [2247], [3953], [1789], [4684], [2335], [10018], [3064], [841], [54106], [7517], [3558], [7161], [9590], [5156], [2321], [2260], [2309], [1950], [1387], [1869], [2067], [4363], [331], [2308], [3486], [1111], [2263], [196], [4968], [6688], [8600], [8878], [328], [983], [558], [682], [5460], [1385], [7076], [26191], [1571]]
Leukemias Granulocytic:[[7124], [4851], [4297], [861], [4609], [216], [2113], [6688], [862], [597], [3204]]
Myeloid leukemia no International Classification of Diseases for Oncology subtype:[[]]
Myeloid leukemia unspecified:[[7157], [2099], [7015], [7422], [207], [4869], [6774], [4790], [4193], [3091], [1499], [1029], [7040], [1026], [351], [7124], [4609], [672], [7852], [596], [1432], [3725], [867], [2064], [595], [5743], [3791], [5468], [25], [2033], [472], [836], [4170], [7421], [5599], [5594], [355], [6387], [598], [1387], [999], [387], [2260], [4233], [613], [1017], [5894], [3559], [4297], [998], [2932], [4893], [1027], [5970], [3065], [960], [3064], [2908], [8743], [581], [2308], [64127], [5347], [5159], [5781], [3265], [142], [3320], [983], [5578], [7048], [3688], [331], [1111], [5111], [5888], [114548], [3558], [7161], [4792], [6850], [811], [8837], [2335], [841], [8651], [558], [2321], [5329], [10018], [1950], [7424], [7128], [1385], [1021], [285], [5610], [3932], [5300], [1977], [2534], [5371], [7186], [5315], [51176], [7514], [6868], [3190], [7249], [8829], [1436], [4067], [8517], [6455], [7295], [4791], [3297], [4914], [5294], [1025], [7010], [10013], [1398], [3716], [5601], [5321], [5515], [208], [1978], [975], [7070], [4208], [1647], [7454], [4194], [3732], [468], [283], [1901], [8741], [572], [1445], [7465], [2274], [2923], [1399], [1965], [408], [993], [25942], [10499], [6497], [7704], [2114], [2736], [7297], [6416], [3635], [6423], [602], [6608], [1022], [55743], [994], [5905], [8900], [1031], [64866], [5520], [2290], [55872], [5163], [694], [8569], [10006], [5927], [4301], [10054], [2889], [7392], [144455], [23085], [203], [54820], [6196], [819], [9454], [22859]]
