Subacute myeloid leukemia:[[6774], [7124], [2624], [4318], [7099], [1636], [406947], [3479], [3458], [3146], [3559], [3605], [5133], [3606], [6696], [406938], [836], [356], [3558], [7076], [3439], [406995]]
Atypical chronic myeloid leukemia BCR/ABL-negative NOS:[[]]
Philadelphia-Negative Myeloid Leukemia:[[]]
Myelogenous Leukemia Ph1 Negative:[[207]]
Atypical chronic myeloid leukemia BCR/ABL negative:[[25], [207], [596], [1499], [3717], [4609], [6774], [7852], [613], [6776], [2122]]
Myeloid leukemia subacute:[[6774], [7124], [2624], [4318], [7099], [1636], [406947], [3479], [3458], [3146], [3559], [3605], [5133], [3606], [6696], [406938], [836], [356], [3558], [7076], [3439], [406995]]
ACML:[[26040]]
Atypical chronic myeloid leukemia:[[7157], [7124], [2099], [3845], [7422], [5243], [1029], [1499], [207], [3717], [7040], [3569], [5728], [6774], [4609], [7015], [4790], [5743], [25], [4318], [2475], [596], [3952], [7852], [29126], [2146], [3458], [595], [7515], [6790], [4233], [5133], [114548], [1432], [613], [3791], [9429], [3958], [1027], [3725], [387], [3953], [4869], [3757], [3320], [6776], [9590], [331], [5159], [947], [283120], [7508], [604], [5777], [5376], [407006], [2122], [10320], [407008], [1441], [1028], [5079], [1398], [11009], [171023], [8650], [107963955], [6608], [52], [5108], [3140], [26040], [192343]]
Myeloid Leukemia Philadelphia Negative:[[207], [1029], [596], [6422], [407040], [3717], [7422], [25], [29126], [811], [4067], [947], [6387], [1030], [114548], [7852], [3559], [5133], [613], [10320], [5159], [57379], [3934], [406986], [574411], [5079], [4352], [407042], [894], [407041], [406907], [290], [3832], [5793]]
Philadelphia-Negative Myeloid Leukemias:[[]]
Ph1-Negative Myelogenous Leukemia:[[]]
Ph1-Negative Myelogenous Leukemias:[[]]
Atypical chronic myeloid leukemia BCR/ABL-negative:[[3717]]
Ph1-Negative Myeloid Leukemia:[[]]
Subacute myeloid leukaemia:[[6774], [7099], [3146], [2624], [5133], [406947], [3606], [406938], [406995]]
Atypical chronic myeloid leukemia Philadelphia chromosome (Ph1) negative:[[]]
Myeloid Leukemia Ph1 Negative:[[207]]
Leukemia Myeloid Chronic Atypical:[[4297], [25], [1956], [3845], [2099], [2065], [2064], [4609], [596], [7015], [7124], [3717], [3815], [613], [4615], [1029], [7422], [5728], [7157], [10320], [4311], [4869], [1050], [290], [7040], [841], [3569], [207], [1499], [3091], [6774], [2120], [5970], [4790], [5243], [4193], [7852], [1536], [2475], [114548], [5743], [29126], [5781], [4318], [865], [3458], [673], [5159], [1026], [6387], [5133], [9590], [2146], [9370], [3952], [7097], [5594], [348], [3791], [7515], [4313], [1387], [50943], [960], [595], [6347], [1432], [3958], [406938], [351], [9429], [6790], [999], [5290], [1027], [64127], [6647], [4582], [7056], [4282], [1080], [54106], [6776], [1441], [407008], [6696], [947], [3688], [5079], [3725], [4879], [2033], [4233], [2122], [171023], [3320], [5879], [4292], [3315], [331], [196], [5595], [23586], [5888], [5777], [7514], [857], [3953], [3757], [4968], [4345], [3459], [283120], [5578], [4277], [2034], [7133], [3303], [11093], [4255], [8091], [5579], [1436], [4210], [406913], [387], [25939], [26040], [8878], [406934], [2896], [1869], [7508], [604], [7048], [5460], [407006], [7050], [5580], [2290], [6678], [6469], [5058], [6403], [53335], [407007], [3965], [11009], [11186], [943], [1647], [27086], [405], [7012], [3661], [1514], [5376], [1028], [8650], [63976], [107963955], [2324], [3939], [7001], [4629], [1915], [1398], [389421], [4267], [6608], [83596], [52], [5108], [759], [3209], [406997], [3140], [192343], [50802]]
LEUKEMIA CHRONIC MYELOID ATYPICAL:[[4297], [25], [1956], [3845], [2099], [2065], [2064], [4609], [596], [7015], [7124], [3717], [3815], [613], [4615], [1029], [7422], [5728], [7157], [10320], [4311], [4869], [1050], [290], [7040], [841], [3569], [207], [1499], [3091], [6774], [2120], [5970], [4790], [5243], [4193], [7852], [1536], [2475], [114548], [5743], [29126], [5781], [4318], [865], [3458], [673], [5159], [1026], [6387], [5133], [9590], [2146], [9370], [3952], [7097], [5594], [348], [3791], [7515], [4313], [1387], [50943], [960], [595], [6347], [1432], [3958], [406938], [351], [9429], [6790], [999], [5290], [1027], [64127], [6647], [4582], [7056], [4282], [1080], [54106], [6776], [1441], [407008], [6696], [947], [3688], [5079], [3725], [4879], [2033], [4233], [2122], [171023], [3320], [5879], [4292], [3315], [331], [196], [5595], [23586], [5888], [5777], [7514], [857], [3953], [3757], [4968], [4345], [3459], [283120], [5578], [4277], [2034], [7133], [3303], [11093], [4255], [8091], [5579], [1436], [4210], [406913], [387], [25939], [26040], [8878], [406934], [2896], [1869], [7508], [604], [7048], [5460], [407006], [7050], [5580], [2290], [6678], [6469], [5058], [6403], [53335], [407007], [3965], [11009], [11186], [943], [1647], [27086], [405], [7012], [3661], [1514], [5376], [1028], [8650], [63976], [107963955], [2324], [3939], [7001], [4629], [1915], [1398], [389421], [4267], [6608], [83596], [52], [5108], [759], [3209], [406997], [3140], [192343], [50802]]
Atypical chronic myeloid leukaemia Philadelphia chromosome (Ph1) negative:[[]]
Leukemia Myeloid Chronic Atypical BCR-ABL Negative:[[25], [5728], [596], [207], [7157], [3717], [4609], [3569], [3815], [4790], [5970], [613], [2475], [1499], [3952], [4869], [10320], [1027], [4193], [6774], [5781], [6387], [947], [960], [7852], [5243], [5159], [595], [6790], [3725], [4582], [5594], [6776], [6696], [171023], [9429], [2122], [5595], [283120], [5888], [196], [6678], [5058], [63976], [192343]]
Atypical chronic myeloid leukaemia:[[4297], [7157], [2099], [3845], [7422], [5728], [3717], [4609], [596], [207], [25], [1029], [7040], [4869], [3569], [6774], [5243], [3091], [673], [613], [4193], [1050], [5159], [7852], [2475], [5743], [1026], [7097], [2146], [6387], [5133], [5594], [2120], [6532], [1432], [1387], [595], [5290], [9590], [406938], [4153], [9429], [6790], [5781], [1441], [857], [947], [10320], [171023], [5595], [5777], [8091], [5888], [331], [4210], [5578], [7514], [5579], [387], [5617], [407006], [26040], [1514], [7012], [1647], [53335], [27086], [407007], [2324], [1915], [50802], [192343]]
Atypical chronic myeloid leukaemia BCR/ABL negative:[[25], [207], [596], [3717], [4609], [4193], [6774], [613], [7852], [5594], [5888]]
Ph1-Negative Myeloid Leukemias:[[]]
