Lewy body dementia:[[6622], [348], [2629], [351], [4137], [4313], [6531], [23435], [648], [6620], [1139], [1508], [1524], [3684], [590], [5664], [5336], [968], [199], [7447]]
Dementia of the Lewy body type:[[348], [2629], [4318], [6622], [4313], [4846], [4137], [7276], [5663], [23435], [23400], [8878], [351], [4129], [4311], [6571], [1471], [6647], [950], [203228], [6532], [5071], [120892], [177], [1312], [5664], [1524], [4314], [2876], [65018], [835], [6531], [1508], [590], [9518], [1814], [3060], [648], [1139], [3684], [5336], [1889], [6623], [199], [968], [51142]]
Lewy Body Type Senile Dementia:[[]]
DIFFUSE LEWY BODY DISEASE:[[6622], [4137], [5071], [5663], [1814], [361], [358], [4929], [6623], [6620], [10313]]
DLB:[[348], [6622], [351], [4137], [1565], [2629], [7249], [7345], [3060], [823], [1639], [5160], [5653], [6620], [57103], [643387]]
Diffuse Lewy body disease:[[6622], [4137], [5071], [5663], [1814], [361], [358], [4929], [6623], [6620], [10313]]
Lewy body disease:[[6622], [348], [4137], [351], [4846], [6696], [120892], [177], [5071], [2629], [23435], [5663], [1471], [1814], [4311], [361], [358], [590], [84557], [7054], [2810], [4929], [2002], [835], [6623], [11337], [6620], [25978], [11345], [10313], [51142], [57704], [23317], [51667], [22853], [22895], [114088], [91734]]
Senile dementia of the Lewy body type:[[]]
Senile Lewy body dementia:[[351], [348], [4137]]
SDLT - senile dementia of Lewy body type:[[]]
Cortical Lewy body disease:[[]]
Lewy Body Disease:[[6622], [348], [4137], [351], [4846], [6696], [120892], [177], [5071], [2629], [23435], [5663], [1471], [1814], [4311], [361], [358], [590], [84557], [7054], [2810], [4929], [2002], [835], [6623], [11337], [6620], [25978], [11345], [10313], [51142], [57704], [23317], [51667], [22853], [22895], [114088], [91734]]
Lewy Body Disease Cortical:[[348], [6622], [4137], [351], [23435], [120892], [5071], [2629], [5663], [361], [1814], [590], [6620]]
Lewy body variant of Alzheimer's disease:[[348], [4846], [177], [6696], [4311], [6622], [4314], [5743], [351], [4137], [8878], [1312], [6532], [120892], [5071], [23435], [5663], [7276], [4313], [203228], [6647], [6531], [1471], [590], [1139], [5664], [2597], [1508], [361], [1524], [1814], [358], [468], [3684], [65018], [2934], [648], [4929], [7447], [2002], [835], [7942], [1889], [968], [1808], [4129], [10313], [199], [55737], [51142], [9718], [22853]]
DLBD - Diffuse Lewy body disease:[[6622], [4137], [5071], [5663], [1814], [361], [358], [4929], [6623], [6620], [10313]]
LEWY BODY DEMENTIA:[[6622], [348], [2629], [351], [4137], [4313], [6531], [23435], [648], [6620], [1139], [1508], [1524], [3684], [590], [5664], [5336], [968], [199], [7447]]
CLBD - Cortical Lewy body disease:[[]]
Lewy Body Dementia:[[6622], [348], [2629], [351], [4137], [4313], [6531], [23435], [648], [6620], [1139], [1508], [1524], [3684], [590], [5664], [5336], [968], [199], [7447]]
Dementia with Lewy bodies:[[4137], [348], [6622], [5663], [23435], [351], [2629], [8878], [203228], [120892], [5071], [2896], [10452], [1565], [1813], [3309], [6620], [1191], [1116], [5664], [331], [7048], [3350], [65018], [11315], [2670], [7249], [2876], [1137], [7019], [2170], [1356], [6616], [1981], [3060], [1103], [1742], [6804], [6623], [134], [1141], [23400], [5696], [6571], [9627], [950], [6855], [9607], [89832], [51667], [4885], [116442], [11346], [7781], [4336], [643387]]
Dementia with lewy bodies:[[4137], [348], [6622], [5663], [23435], [351], [2629], [8878], [203228], [120892], [5071], [2896], [10452], [1565], [1813], [3309], [6620], [1191], [1116], [5664], [331], [7048], [3350], [65018], [11315], [2670], [7249], [2876], [1137], [7019], [2170], [1356], [6616], [1981], [3060], [1103], [1742], [6804], [6623], [134], [1141], [23400], [5696], [6571], [9627], [950], [6855], [9607], [89832], [51667], [4885], [116442], [11346], [7781], [4336], [643387]]
Lewy Body Disease Diffuse:[[6622], [4137], [351], [120892], [5071], [5663], [2629], [4311], [358], [1814], [361], [4929], [6623], [6620], [10313]]
LBD - Lewy body disease:[[6622], [348], [4929], [22895]]
