Leydig cell tumors:[[3815], [6352], [595], [2064], [7124], [3640], [1000], [3627], [3479], [23405], [367], [3162], [324], [558], [5156], [2099], [3973], [3481], [3630], [2852], [5743], [5241], [51738], [7080], [3725], [2254], [59272], [1588], [546], [268], [2271], [2778], [668], [174], [358], [2516], [1001], [5443], [4842], [190], [3814], [8788], [8644], [794], [57447], [7296], [2494], [6770], [84432], [269], [10022]]
Tumors Interstitial Cell:[[3815], [7157], [596], [1029], [1956], [3586], [4851], [3569], [6469], [3383], [7422], [4254], [7040], [7412], [652], [4609], [406991], [6352], [595], [999], [7852], [207], [857], [7124], [960], [6387], [1000], [6662], [4582], [2247], [23705], [1499], [3576], [7474], [5175], [3688], [10630], [7070], [3627], [3146], [7010], [1803], [650], [50943], [959], [3684], [682], [5468], [7015], [5133], [3479], [4312], [4684], [3553], [6774], [5594], [2697], [846], [861], [6347], [3091], [780], [4233], [3280], [30009], [3123], [2255], [182], [3958], [4771], [351], [6868], [5159], [3673], [55107], [5950], [26762], [89780], [6362], [2335], [3162], [3458], [59], [4318], [324], [177], [3965], [2289], [5156], [4088], [406937], [2495], [7099], [1490], [10859], [2099], [947], [7942], [5781], [729230], [285], [5243], [7097], [4313], [4092], [4137], [5076], [3675], [10320], [1234], [1829], [5328], [3596], [5743], [4914], [1950], [6696], [1277], [2034], [4282], [2078], [3082], [2100], [3605], [948], [1401], [5329], [6622], [5595], [3480], [5241], [2735], [1524], [2932], [8743], [7291], [2296], [3956], [3371], [7076], [51738], [3329], [7431], [10631], [54106], [627], [7080], [1462], [9518], [7077], [406996], [1437], [6280], [2833], [9475], [9423], [27086], [3326], [90865], [6382], [2056], [1839], [8740], [8314], [7481], [2150], [1588], [3566], [284340], [8837], [4316], [406928], [546], [4314], [135], [133], [3297], [7528], [3934], [867], [406985], [406947], [54567], [5806], [9927], [406987], [7520], [1471], [4615], [100124700], [2249], [4982], [80781], [4907], [4297], [85480], [7113], [5265], [1116], [406932]]
Leydig cell tumor benign:[[23405], [2852]]
Leydig cell tumour benign:[[3815], [595], [6352], [2064], [7124], [3479], [367], [23405], [324], [3162], [7080], [2099], [5743], [5156], [3481], [2852], [5241], [51738], [1588], [2271], [358], [2516], [6013], [794]]
Tumor Leydig Cell:[[3815], [7124], [6352], [595], [2064], [3640], [1000], [324], [3627], [367], [3479], [23405], [3162], [3481], [558], [5156], [2852], [2099], [3973], [3630], [5743], [51738], [5241], [7080], [3725], [2254], [59272], [1588], [2271], [358], [268], [546], [2778], [1001], [668], [5443], [174], [4842], [57447], [3814], [57154], [8644], [6019], [6013], [3778], [7296], [8788], [2516], [1081], [2494], [3290], [84432], [794], [50846], [4257], [120227], [7739], [28974]]
Benign interstitial cell tumor:[[]]
Benign Leydig cell tumor:[[23405], [2852]]
Benign interstitial cell tumour:[[3815], [7157], [1029], [596], [1956], [3569], [3586], [7422], [4851], [7040], [6469], [406991], [595], [999], [6352], [7852], [207], [7124], [857], [960], [4582], [1499], [4609], [6387], [3576], [23705], [6662], [2247], [7474], [7070], [1803], [7015], [3479], [4312], [5133], [50943], [682], [3553], [6774], [6347], [3091], [5468], [4233], [3958], [351], [4318], [3606], [3673], [324], [5159], [4771], [59], [2335], [3162], [406937], [2099], [7080], [5743], [4313], [5156], [729230], [3082], [7099], [1950], [5328], [1401], [5076], [5329], [185], [6696], [7291], [4914], [2100], [6622], [2078], [3605], [3371], [7076], [2296], [2034], [5241], [3480], [3956], [627], [2735], [51738], [6280], [7077], [9518], [6382], [8314], [406947], [3934], [133], [4316], [1588], [5265], [1116], [100124700], [283120], [2919], [1634], [7113], [7345], [7012], [406940], [57016], [192343]]
Interstitial cell tumor:[[]]
Interstitial cell tumor benign:[[]]
Interstitial cell tumour benign:[[3815], [7157], [1029], [596], [1956], [3569], [3586], [7422], [4851], [7040], [6469], [406991], [595], [999], [6352], [7852], [207], [7124], [857], [960], [4582], [1499], [4609], [6387], [3576], [23705], [6662], [2247], [7474], [7070], [1803], [7015], [3479], [4312], [5133], [50943], [682], [3553], [6774], [6347], [3091], [5468], [4233], [3958], [351], [4318], [3606], [3673], [324], [5159], [4771], [59], [2335], [3162], [406937], [2099], [7080], [5743], [4313], [5156], [729230], [3082], [7099], [1950], [5328], [1401], [5076], [5329], [185], [6696], [7291], [4914], [2100], [6622], [2078], [3605], [3371], [7076], [2296], [2034], [5241], [3480], [3956], [627], [2735], [51738], [6280], [7077], [9518], [6382], [8314], [406947], [3934], [133], [4316], [1588], [5265], [1116], [100124700], [283120], [2919], [1634], [7113], [7345], [7012], [406940], [57016], [192343]]
Leydig cell tumour no ICD-O subtype:[[2064]]
Interstitial cell tumour:[[3815], [7157], [596], [1029], [1956], [3586], [3569], [4851], [7422], [6469], [3383], [7040], [7412], [4254], [406991], [3689], [3106], [6352], [595], [999], [7852], [207], [7124], [857], [960], [4609], [6387], [3576], [1499], [4582], [23705], [6662], [1000], [7474], [2247], [5175], [3688], [7070], [3627], [10630], [1803], [3146], [959], [4312], [7015], [5133], [50943], [682], [3479], [6774], [10673], [5468], [861], [3553], [6347], [2697], [3091], [5594], [3280], [4233], [780], [351], [3458], [3958], [3606], [3673], [6868], [26762], [50616], [5159], [324], [4771], [59], [3162], [2335], [4318], [9966], [1490], [406937], [4088], [5156], [729230], [4313], [2099], [7099], [3082], [7132], [7097], [1950], [5743], [285], [5781], [64127], [1401], [948], [5328], [185], [4282], [5243], [5076], [5329], [657], [4914], [8743], [7291], [2932], [6622], [6696], [3371], [2296], [2100], [2034], [5595], [3480], [3329], [3605], [406996], [3956], [5241], [2078], [10631], [7076], [7133], [627], [1437], [2735], [4092], [7431], [51738], [7128], [6280], [2833], [9423], [2150], [7080], [27086], [7481], [3566], [7077], [2056], [4317], [9518], [6382], [8837], [867], [7528], [54567], [4314], [90865], [8314], [133], [406985], [3934], [3297], [406947], [9927], [406987], [4982], [6737], [7520], [4316], [8862], [5806], [5649], [1588], [5265], [546], [1116], [4297], [4283], [130497], [7014], [2214], [3783], [100124700], [283120], [9863], [9365], [2919], [8061], [1081], [360], [9332], [1634], [7113], [1559], [4321], [7345], [54822], [9173], [56034], [862], [7012], [2638], [633], [406940], [6649], [5524], [57016], [1585]]
Tumor Interstitial Cell:[[1029], [7157], [3815], [7124], [4254], [596], [3576], [3586], [3569], [1956], [4582], [4851], [23705], [3383], [6469], [959], [7412], [7422], [10673], [999], [6352], [652], [7040], [682], [3689], [406991], [3106], [595], [6868], [207], [7852], [857], [960], [3965], [4609], [7132], [6387], [7474], [1000], [324], [6662], [30835], [2247], [5175], [1499], [9966], [3146], [3627], [7070], [3688], [1803], [7010], [7133], [10630], [3082], [8743], [50943], [3479], [6403], [7128], [4312], [3684], [5468], [7015], [5133], [861], [3553], [8740], [2697], [6774], [6347], [5594], [3123], [4982], [4684], [3280], [650], [780], [846], [3091], [4233], [5806], [3458], [30009], [2255], [3606], [351], [3673], [182], [8741], [6362], [50616], [3958], [5159], [3162], [89780], [4771], [2335], [177], [6402], [6366], [6957], [5167], [55107], [59], [26762], [7099], [6361], [10859], [4088], [729230], [7337], [406937], [1490], [4318], [8718], [2289], [7097], [4204], [5156], [64127], [5781], [2495], [2248], [947], [3675], [1277], [285], [4282], [1950], [2099], [1829], [1524], [10320], [1234], [4137], [5243], [1401], [7942], [185], [3605], [4313], [1215], [183], [5076], [948], [6622], [5328], [3596], [5595], [4914], [7291], [8314], [54106], [5743], [3329], [2932], [10631], [6696], [627], [2034], [3956], [2078], [657], [2100], [3371], [5329], [3480], [4092], [5241], [406996], [2735], [2150], [283120], [27086], [2296], [51738], [1437], [9423], [5245], [284217], [407018], [1839], [6280], [7076], [1462], [90865], [9475], [2056], [7431], [7080], [406928], [9518], [2294], [7077], [4879], [6382], [7369], [406987], [8837]]
Leydig cell tumor:[[23405], [2852], [84432], [28974]]
Leydig cell tumor no International Classification of Diseases for Oncology subtype:[[]]
Leydig cell tumor no ICD-O subtype:[[]]
Leydig cell tumour:[[3815], [595], [6352], [2064], [7124], [1000], [3627], [3479], [367], [23405], [324], [3162], [558], [5156], [2099], [3630], [5743], [3481], [2852], [5241], [7080], [51738], [174], [3725], [2271], [358], [1588], [1001], [546], [8644], [2516], [668], [1081], [6013], [3814], [794], [123]]
Benign Leydig cell tumour:[[3815], [595], [6352], [2064], [7124], [3479], [367], [23405], [324], [3162], [7080], [2099], [5743], [5156], [3481], [2852], [5241], [51738], [1588], [2271], [358], [2516], [6013], [794]]
