Lipoma no ICD-O subtype:[[]]
Tumor Fatty:[[7124], [7157], [3992], [9415], [948], [2950], [7132], [355], [54898], [3576], [6319], [2167], [2194], [8600], [8743], [2170], [4982], [356], [959], [4582], [5728], [3082], [2168], [10999], [682], [5806], [9370], [2182], [348], [5315], [2171], [4830], [7099], [8074], [8795], [7158], [2180], [1896], [5465], [6288], [376497], [55107], [5468], [7184], [7251], [2864], [3490], [51703], [2237], [2173], [1915], [338557], [3959], [231], [367], [3569], [8694], [11000], [207], [4193], [672], [3952], [1326], [9516], [5743], [3091], [23411], [3479], [1956], [1401], [4023], [6622], [3690], [10891], [4524], [7422], [5467], [3717], [4790], [114902], [23405], [114899], [861], [3586], [7097], [2064], [7040], [6774], [3458], [5002], [3934], [2099], [2475], [79143], [79689], [7421], [6347], [1432], [5054], [1499], [2495], [627], [283120], [857], [4613], [6597], [4780], [3553], [4318], [351], [255738], [5594], [3845], [4609], [1636], [5562], [841], [5970], [3630], [1906], [7015], [960], [3383], [6720], [3605], [6513], [174], [7291], [929], [151176], [2944], [4846], [3667], [7057], [596], [177], [407040], [7852], [406991], [50943], [1543], [5444], [335], [3606], [4803], [1316], [64127], [6714], [51738], [2309], [6927], [9971], [3162], [4851], [7189], [185], [10135], [6934], [1026], [332], [2952], [3077], [2147], [3552], [6696], [2678], [4233], [1490], [4282], [213], [5071], [5781], [3480], [214], [240], [2146], [6352], [3953], [1080], [6662], [246], [142], [1869], [1147], [338], [406906], [3725], [3315], [5133], [56729], [406947], [6648], [3417], [406938], [1277], [208], [2308], [4000], [26133], [90865]]
LIPOMA:[[4026], [222662], [10184], [375612], [207], [340596], [1029], [4193], [10186], [375323], [5925], [1019], [8091], [947], [407000], [5523], [57496]]
Lipomas:[[1029], [5925], [8091], [5156], [3159], [57007], [4781], [26040], [8613], [57496], [65998]]
Lipomatas:[[]]
Tumors Fatty:[[948], [2950], [2194], [2167], [348], [55107], [5468], [7099], [7157], [9370], [4609], [2173], [7124], [11000], [3569], [84649], [5743], [207], [3091], [672], [1956], [7422], [3952], [2064], [7040], [2099], [4524], [2475], [23405], [5467], [4790], [6622], [3479], [5728], [3586], [1499], [1401], [857], [4318], [2495], [6774], [3845], [3690], [367], [3630], [3934], [7015], [23411], [6513], [174], [4780], [10891], [5594], [7421], [4193], [861], [596], [7852], [406991], [1543], [5444], [1432], [3576], [3553], [7097], [960], [4851], [355], [5054], [6347], [1026], [332], [6714], [6696], [4233], [3717], [3077], [6927], [3480], [214], [5970], [2146], [627], [51738], [50943], [351], [6662], [407040], [142], [1869], [3383], [8743], [4846], [5562], [5133], [335], [3605], [4582], [7291], [149233], [3417], [1576], [2308], [4803], [7057], [1374], [4288], [3667], [6720], [2321], [3458], [3953], [338], [3486], [5950], [2952], [406938], [177], [682], [3162], [2034], [356], [5329], [2944], [7076], [1906], [406947], [841], [29780], [3554], [246], [1490], [5781], [10135], [6469], [3725], [154], [6934], [3309], [3837], [208], [6615], [6647], [9518], [718], [10855], [2678], [4613], [1234], [387], [5578], [6506], [2625], [51094], [3620], [3552], [2078], [10062], [1191], [6597], [4282], [1268], [6648], [6678], [4982], [7494], [1471], [3557], [7077], [4311], [891], [90865], [2335], [7516], [8600], [100507436], [4602], [2309], [5071], [406937], [22943], [3082], [79602], [2152], [8074], [6352], [3315], [9201], [6093], [1385], [8878], [3784], [929], [3043], [5315], [1277], [10631], [5806], [1803], [7078]]
LIPOMATOSIS MULTIPLE:[[3845], [2260], [5290], [23411], [8091], [9927], [133690]]
Lipoma no International Classification of Diseases for Oncology subtype:[[]]
Lipoma NOS:[[]]
Lipoma:[[4026], [222662], [10184], [375612], [207], [340596], [1029], [4193], [10186], [375323], [5925], [1019], [8091], [947], [407000], [5523], [57496]]
Lipomatosis Multiple:[[3845], [2260], [5290], [23411], [8091], [9927], [133690]]
LIPO:[[8091], [7099], [3576], [1471], [4353], [567], [3990], [5830], [8473], [9388], [241], [8881], [8100], [51434], [24148], [51555], [80155], [9742], [9652], [81035], [9694], [79809], [123016], [83857], [79989], [283237], [79573], [150737], [148014], [319089]]
Lipoma unspecified site:[[4193], [207], [1029], [5925]]
Lipoma (clinical):[[4026], [207], [1029], [4193], [5925], [10184], [375612], [1019], [375323], [947], [8091], [407000]]
Lipomata:[[]]
