Listeria Infection:[[7015], [6657], [940], [624], [7184], [22933], [9636], [3827]]
Listeria Infections:[[]]
Listeriosis unspecified:[[7124]]
Listeriosis:[[7124], [29126]]
Circling disease:[[65217], [259236]]
Listerellosis:[[]]
Infection caused by Listeria:[[7157], [7124], [7015], [2475], [999], [3458], [64127], [3688], [4233], [5879], [3082], [5371], [387], [5578], [3456], [2316], [84868], [7431], [8878], [3315], [6657], [340061], [7345], [22933], [192343]]
Listerioses:[[]]
Listeria monocytogenes infection:[[7157], [7124], [999], [2475], [3458], [960], [3688], [64127], [23586], [387], [5578], [3456], [84868], [3082], [7431], [3575], [3315], [682], [998], [3002], [3428], [7187], [2316], [7184], [5320], [7345], [3695], [10096], [10097], [100506742], [440574], [192343]]
Infection due to Listeria monocytogenes:[[7157], [7124], [999], [2475], [3458], [960], [3688], [64127], [23586], [387], [5578], [3456], [84868], [3082], [7431], [3575], [3315], [682], [998], [3002], [3428], [7187], [2316], [7184], [5320], [7345], [3695], [10096], [10097], [100506742], [440574], [192343]]
Listeria infection:[[7015], [6657], [940], [624], [7184], [22933], [9636], [3827]]
