FHF - Fulminant hepatic failure:[[7124]]
Acute liver failure:[[3586], [2099], [4318], [367], [5743], [3458], [3146], [406991], [7097], [2932], [3162], [6696], [355], [3606], [177], [7098], [5329], [2638], [796], [406906], [3172], [5950], [5562], [174], [5428], [462], [407006], [9927], [3875], [1649], [406911], [3856], [3589], [6590], [6283], [34], [2203], [30001], [9104], [3682], [5068], [79792], [51594], [211], [81603], [60561], [100187716]]
Liver Failure Fulminant:[[7124], [3458], [4846], [7097], [6696], [355], [7098], [4843], [6283], [1716]]
Fulminating Liver Failures:[[]]
Liver Failure Fulminating:[[7124], [1956], [3586], [3569], [2099], [5743], [4318], [1401], [367], [5468], [3458], [4846], [29126], [7852], [3146], [2950], [3605], [4879], [406991], [7097], [355], [2932], [3162], [6696], [2146], [50943], [3606], [177], [5133], [114548], [3958], [1471], [3627], [7098], [4843], [718], [2321], [5329], [2638], [90865], [406906], [796], [5806], [378938], [3172], [2056], [283120], [9021], [5950], [7128], [5562], [174], [5428], [80339], [51520], [9332], [7474], [59067], [7137], [3456], [8651], [149233], [462], [26291], [51594], [5770], [9927], [407006], [3579], [1147], [3875], [3371], [51561], [9235], [9173], [834], [3676], [1672], [1649], [406907], [3856], [60561], [8771], [406911], [55687], [3577], [3589], [9451], [6590], [6095], [6283], [5732], [7114], [34], [6097], [2671], [11035], [80380], [4856], [552], [2947], [6761], [407014], [2203], [7159], [6554], [6555], [259197], [30001], [9104], [79626], [5068], [3682], [9420], [1716], [3950], [79792], [1737], [57410], [9111], [10010], [211], [374383], [8050], [81603], [442898], [100187716], [54793], [192343]]
Fulminant hepatic failure:[[7124], [7422], [4846], [4843], [959], [4852], [5155], [6351], [7432], [6283]]
Hepatic Failure Acute:[[7124], [7422], [4846], [5054], [4843], [959], [650], [4852], [5155], [3589], [6283], [6351], [7432], [2671]]
Acute hepatic failure:[[]]
Fulminating Hepatic Failures:[[]]
Fulminant Hepatic Failures:[[]]
Hepatic Failure Fulminant:[[7124], [7422], [4846], [4843], [959], [4852], [5155], [6351], [7432], [6283]]
ALF - Acute liver failure:[[5950], [3172], [6590], [2203], [79792]]
Liver Failure Acute:[[3569], [1471], [7124], [3586], [1956], [1401], [5468], [4318], [5743], [2950], [3458], [4846], [29126], [2099], [7852], [3146], [3605], [114548], [4879], [406991], [7097], [355], [3162], [6696], [2146], [50943], [3606], [177], [5133], [3958], [367], [3627], [2932], [2056], [2321], [5329], [4843], [7098], [90865], [406906], [796], [5806], [9332], [2638], [718], [59067], [7137], [9021], [149233], [26291], [55687], [5950], [462], [7128], [378938], [8651], [9173], [283120], [3371], [5562], [407006], [7474], [406911], [3456], [3875], [3172], [51594], [174], [5428], [9927], [1672], [51561], [3579], [3676], [5770], [9235], [406907], [834], [1649], [3577], [6761], [8771], [3856], [3589], [60561], [6095], [6283], [6590], [11035], [5068], [5732], [6097], [552], [2671], [80380], [34], [407014], [4856], [2947], [2203], [7159], [79626], [6555], [259197], [30001], [9104], [3682], [79792], [9111], [10010], [211], [374383], [81603], [100187716], [54793], [192343]]
Fulminant Liver Failures:[[]]
Hepatic Failure Fulminating:[[7124], [7422], [4846], [5054], [4843], [650], [959], [4852], [5155], [3589], [6351], [7432], [6283], [2671], [4358], [23225], [11232]]
