Normal pressure glaucoma:[[4524], [1545], [857], [19], [4653], [100048912], [10133], [858], [4846], [7157], [1543], [7124], [348], [4976], [6311], [1636], [217], [153], [3569], [4318], [144100], [7422], [7040], [5468], [7099], [1956], [2944], [3553], [1277], [28], [1906], [5243], [6688], [627], [154], [7421], [4878], [5743], [2099], [3091], [3586], [3576], [4790], [1029], [6774], [3123], [6648], [5054], [4313], [6647], [1499], [4843], [355], [23411], [2100], [4780], [2952], [7097], [7450], [5795], [80781], [10413], [5621], [5444], [7276], [177], [3082], [7076], [1909], [387], [2950], [2056], [6401], [7077], [5747], [3949], [4314], [2200], [5228], [1490], [5742], [358], [1289], [7132], [5599], [406952], [134430], [4586], [285], [4803], [1994], [5737], [1535], [7057], [5308], [2006], [4973], [2833], [7225], [1356], [6890], [9475], [10257], [4881], [9780], [4010], [1690], [192343]]
Normal Tension Glaucoma:[[100048912], [10133], [857], [4653], [4976], [4016], [7124], [348], [858], [4524], [4846], [3569], [7422], [7099], [3553], [7040], [3091], [1030], [4053], [5243], [3123], [3576], [60481], [999], [29110], [1026], [6647], [4312], [1906], [7450], [7097], [3480], [10413], [55133], [5621], [387], [3552], [2056], [5747], [3119], [134430], [5599], [358], [1490], [1909], [6401], [6093], [8878], [2296], [5428], [25937], [1535], [4878], [27178], [9475], [9780], [6507], [10451], [6505], [7410], [11240], [2581], [4881], [136371], [6775094]]
Low-tension glaucoma:[[]]
LTG - Low tension glaucoma:[[10133], [5243]]
Low tension glaucoma:[[348], [857], [4653], [10133], [7124], [4846], [4524], [7099], [3569], [7422], [3553], [7040], [3091], [1030], [5243], [3123], [3576], [999], [1026], [10413], [7097], [7450], [6647], [4312], [3480], [3552], [29110], [387], [2056], [60481], [5747], [1906], [5599], [3119], [134430], [5621], [1490], [8878], [4878], [6093], [2296], [27178], [1535], [358], [58157], [6505], [10451], [4881]]
Low tension open-angle glaucoma:[[348], [857], [4653], [10133], [7124], [4846], [4524], [3569], [7099], [7422], [3553], [1030], [5243], [1026], [999], [7097], [3480], [4312], [3552], [387], [2056], [29110], [1906], [5621], [6093], [358], [2296], [134430], [10451]]
Normal tension glaucoma:[[100048912], [10133], [857], [4653], [4976], [4016], [7124], [348], [858], [4524], [4846], [3569], [7422], [7099], [3553], [7040], [3091], [1030], [4053], [5243], [3123], [3576], [60481], [999], [29110], [1026], [6647], [4312], [1906], [7450], [7097], [3480], [10413], [55133], [5621], [387], [3552], [2056], [5747], [3119], [134430], [5599], [358], [1490], [1909], [6401], [6093], [8878], [2296], [5428], [25937], [1535], [4878], [27178], [9475], [9780], [6507], [10451], [6505], [7410], [11240], [2581], [4881], [136371], [6775094]]
Low Tension Glaucomas:[[4653]]
Normal Tension Glaucomas:[[4653], [4016]]
Low Tension Glaucoma:[[348], [857], [4653], [10133], [7124], [4846], [4524], [7099], [3569], [7422], [3553], [7040], [3091], [1030], [5243], [3123], [3576], [999], [1026], [10413], [7097], [7450], [6647], [4312], [3480], [3552], [29110], [387], [2056], [60481], [5747], [1906], [5599], [3119], [134430], [5621], [1490], [8878], [4878], [6093], [2296], [27178], [1535], [358], [58157], [6505], [10451], [4881]]
