Infection due to Borrelia burgdorferi sensu lato:[[]]
B. burgdorferi Infection:[[4318], [3123], [4790], [3576], [6280], [3119], [10563], [3586], [3553], [3688], [54106], [3605], [3458], [7097], [3690], [929], [3689], [5329], [3439], [3620], [2335], [50616], [51284], [3075], [3685], [7096], [650], [5340], [149233], [3675], [4064]]
B. burgdorferi Infections:[[3576], [4790], [3123], [4318], [3119], [10563], [3586], [3553], [54106], [3458], [7097], [3605], [3439], [5329], [929], [2335], [3075], [3620], [51284], [50616], [3685], [650], [7096]]
Lyme borreliosis:[[7040], [3123], [6347], [7097], [3117], [952], [1236], [10563], [6373], [8993]]
Borrelia burgdorferi Infection:[[3586], [3605], [3688], [3690], [929], [3075], [3689], [50616], [650], [2335], [3685], [6280], [10563], [5340], [7096], [3675], [3078], [4064]]
Borrelia burgdorferi Infections:[[3586], [3605], [3075], [929], [650], [2335], [3685], [50616], [7096], [10563]]
Lyme disease unspecified:[[5743]]
Steere's disease:[[]]
Lyme Borreliosis:[[7040], [3123], [6347], [7097], [3117], [952], [1236], [10563], [6373], [8993]]
Lyme Disease:[[3569], [4318], [1401], [3553], [5743], [3458], [7097], [3605], [4312], [3329], [50616], [6288], [4322], [5742], [2026], [7096], [2720], [2517]]
Lyme disease:[[3569], [4318], [1401], [3553], [5743], [3458], [7097], [3605], [4312], [3329], [50616], [6288], [4322], [5742], [2026], [7096], [2720], [2517]]
