Mantle Zone Lymphoma:[[]]
Mantle-Zone Lymphoma:[[]]
Lymphoma Centrocytic Small Cell:[[639]]
Mantle Cell Lymphoma:[[7157], [7124], [7422], [595], [3569], [3586], [3091], [6774], [207], [1029], [4609], [1499], [5243], [367], [596], [7099], [2475], [4193], [29126], [7852], [1026], [4851], [472], [5925], [4288], [2950], [2146], [6387], [142], [2932], [3480], [3688], [9429], [5879], [1027], [581], [6790], [4170], [2309], [959], [6469], [1268], [648], [5580], [1111], [3593], [7153], [4613], [9021], [10018], [695], [1019], [4311], [59067], [6664], [9212], [2735], [7514], [604], [407021], [3592], [1030], [5788], [57379], [2852], [1021], [102], [894], [8877], [4067], [2833], [10643], [655], [2017], [406952], [5292], [6777], [4194], [3164], [80381], [5079], [8797], [5170], [2030], [406950], [1901], [4345], [921], [972], [639], [930], [406982], [3055], [5366], [896], [5293], [7465], [406976], [54567], [55869], [9020], [10456], [5564], [23512], [6241], [4919], [6091], [10765], [643], [9308], [5795], [4507], [51366], [3187], [60468], [6363], [1163], [80326], [406977], [287], [574511], [2331], [7473], [406951], [11126], [4257], [7462], [29923], [27115], [152137], [574033], [26260], [6003], [100216001], [192343]]
Small-Cell Lymphomas Centrocytic:[[]]
Lymphoma Lymphocytic Diffuse Poorly-Differentiated:[[596], [7157], [7422], [355], [7124], [3569], [3586], [29126], [673], [1029], [4318], [5133], [2475], [7040], [4193], [5743], [5290], [3576], [5728], [2064], [3091], [2146], [8626], [332], [7099], [581], [7015], [4233], [50943], [2099], [960], [3565], [3958], [958], [4313], [3791], [3480], [7490], [3146], [54106], [7298], [4282], [4089], [6790], [5079], [921], [23405], [55294]]
Mantle-Cell Lymphomas:[[595], [5290], [4292], [6790], [1803], [4613], [894], [7272], [5293], [896], [4043], [5378], [100271849]]
Lymphoma Lymphocytic Diffuse Intermediate Differentiated:[[596], [4609], [3119], [595], [7157], [7422], [7124], [3569], [4790], [3586], [3553], [673], [29126], [207], [7040], [4193], [4524], [3576], [4318], [5743], [3091], [5243], [472], [2064], [8626], [406947], [7099], [1026], [7421], [4288], [581], [7515], [50943], [4233], [960], [2952], [2944], [3958], [4313], [5594], [3146], [3791], [9429], [5595], [7490], [23405], [6347], [7097], [4089], [3627], [54658], [4684], [5079], [11200], [2056]]
Mantle-Cell Lymphoma:[[7157], [7124], [7422], [595], [3569], [3586], [3091], [6774], [207], [1029], [4609], [1499], [5243], [367], [596], [7099], [2475], [4193], [29126], [7852], [1026], [4851], [472], [5925], [4288], [2950], [2146], [6387], [142], [2932], [3480], [3688], [9429], [5879], [1027], [581], [6790], [4170], [2309], [959], [6469], [1268], [648], [5580], [1111], [3593], [7153], [4613], [9021], [10018], [695], [1019], [4311], [59067], [6664], [9212], [2735], [7514], [604], [407021], [3592], [1030], [5788], [57379], [2852], [1021], [102], [894], [8877], [4067], [2833], [10643], [655], [2017], [406952], [5292], [6777], [4194], [3164], [80381], [5079], [8797], [5170], [2030], [406950], [1901], [4345], [921], [972], [639], [930], [406982], [3055], [5366], [896], [5293], [7465], [406976], [54567], [55869], [9020], [10456], [5564], [23512], [6241], [4919], [6091], [10765], [643], [9308], [5795], [4507], [51366], [3187], [60468], [6363], [1163], [80326], [406977], [287], [574511], [2331], [7473], [406951], [11126], [4257], [7462], [29923], [27115], [152137], [574033], [26260], [6003], [100216001], [192343]]
Lymphocytic Lymphoma Diffuse Poorly Differentiated:[[596], [5133]]
Small-Cell Lymphoma Centrocytic:[[]]
Mantle-Zone Lymphomas:[[]]
Mantle cell lymphoma:[[7157], [7124], [7422], [595], [3569], [3586], [3091], [6774], [207], [1029], [4609], [1499], [5243], [367], [596], [7099], [2475], [4193], [29126], [7852], [1026], [4851], [472], [5925], [4288], [2950], [2146], [6387], [142], [2932], [3480], [3688], [9429], [5879], [1027], [581], [6790], [4170], [2309], [959], [6469], [1268], [648], [5580], [1111], [3593], [7153], [4613], [9021], [10018], [695], [1019], [4311], [59067], [6664], [9212], [2735], [7514], [604], [407021], [3592], [1030], [5788], [57379], [2852], [1021], [102], [894], [8877], [4067], [2833], [10643], [655], [2017], [406952], [5292], [6777], [4194], [3164], [80381], [5079], [8797], [5170], [2030], [406950], [1901], [4345], [921], [972], [639], [930], [406982], [3055], [5366], [896], [5293], [7465], [406976], [54567], [55869], [9020], [10456], [5564], [23512], [6241], [4919], [6091], [10765], [643], [9308], [5795], [4507], [51366], [3187], [60468], [6363], [1163], [80326], [406977], [287], [574511], [2331], [7473], [406951], [11126], [4257], [7462], [29923], [27115], [152137], [574033], [26260], [6003], [100216001], [192343]]
