Lymphoma NOS:[[4843], [7422], [1956], [6774], [5243], [5743], [1499], [3091], [29126], [2099], [355], [1027], [23411], [3458], [6622], [3479], [8743], [3791], [4792], [3162], [6714], [1559], [3320], [5295], [1509], [6097], [406963]]
Sarcoma Germinoblastic:[[3845], [673], [2130], [6714], [3815], [2521], [3265], [3725], [2313], [5155], [6757], [4067], [3569], [1398], [6756], [2324], [1436], [2268], [2242], [2241], [79058], [6098], [1399], [7525], [6497], [6760], [1326], [7157], [1956], [23022], [7422], [369], [23435], [2249], [3091], [2197], [4342], [117178], [23598], [3266], [83478], [4790], [29126], [1499], [5243], [7124], [7852], [4609], [207], [1029], [6774], [65980], [595], [4193], [2064], [5728], [7040], [2475], [6759], [672], [64769], [26039], [2099], [4318], [3479], [81617], [3576], [3586], [1401], [4313], [596], [118987], [57658], [6758], [3553], [6302], [5133], [93323], [332], [55511], [79913], [23411], [2146], [5743], [7099], [283673], [999], [3480], [7015], [55726], [857], [1493], [3106], [4137], [5925], [5290], [4233], [3458], [10214], [472], [675], [107075310], [6347], [4780], [1026], [7490], [3383], [548313], [139212], [55119], [5054], [3605], [142], [406991], [3162], [727837], [6696], [355], [4851], [6598], [2932], [238], [3565], [5879], [3077], [1027], [2908], [3791], [5970], [2078], [4869], [2100], [3690], [4292], [5747], [1432], [158521], [4312], [324], [3688], [1576], [56675], [6739], [6648], [4288], [1969], [6667], [9429], [2260], [3082], [10413], [286494], [8743], [1959], [2247], [581], [8842], [406947], [2335], [5241], [7098], [6657], [3417], [682], [4255], [7291], [406938], [2305], [280657], [6790], [2322], [6772], [4314], [3844], [23586], [598], [282617], [2068], [407040], [8600], [5888], [841], [54106], [217], [1019], [51188], [2321], [5781], [25], [2261], [4436], [64773], [4297], [23405], [3481], [3486], [6513], [4170], [11186], [1017]]
Malignant lymphoma:[[4524], [3091], [4790], [1029], [2146], [1027], [2261], [3559], [7298], [6403], [57379], [919], [7014], [10987], [931], [4068], [6470], [1108], [3030], [3400], [1844]]
Lymphoma:[[596], [8915], [595], [604], [3119], [238], [648], [4609], [2625], [643], [867], [57379], [10892], [10563], [7074], [1236], [53335], [5820], [602], [3596], [8115], [57674], [3123], [51341], [64919], [3106], [868], [607], [6886], [7157], [5966], [7124], [257144], [1956], [7422], [942], [3569], [4524], [3195], [3122], [9159], [3586], [84868], [7040], [6774], [283149], [83666], [5243], [207], [4790], [1029], [605], [5728], [5743], [1499], [23613], [26230], [3107], [64061], [28985], [2475], [79872], [4253], [29126], [54625], [3091], [4193], [3717], [255877], [9275], [4318], [3845], [7421], [3576], [1026], [332], [27332], [406991], [7852], [2950], [581], [4851], [673], [472], [6387], [2531], [603], [5290], [2099], [7099], [4026], [2146], [355], [50943], [2113], [5925], [51530], [9274], [2952], [64857], [2064], [2944], [151636], [51347], [4233], [4170], [1401], [367], [5133], [836], [51170], [27004], [4602], [3565], [1027], [154215], [8626], [23411], [5551], [3725], [1493], [675], [3553], [4288], [7515], [5970], [960], [6929], [9370], [4869], [3105], [406947], [3605], [3815], [3558], [3952], [7015], [3458], [340152], [9623], [4255], [4313], [387], [64062], [3958], [6622], [5468], [142], [5594], [2247], [3479], [9429], [3480], [8743], [3791], [3559], [8648], [80323], [2068], [3135], [407040], [6347], [5599], [10673], [100306940], [51752], [4049], [165631], [920], [6772], [6850], [3383], [567], [598], [4277], [4615], [2214], [5054], [3146], [5444], [7128], [10018], [4780], [64693], [4436], [3600], [7097], [3557], [2100], [3606], [5347], [59067], [958], [2932], [682], [8651], [5879], [5595], [7490], [2908]]
Malignant lymphoma NOS:[[3091], [1027]]
Germinoblastoma:[[]]
Germinoblastomas:[[]]
Sarcomas Germinoblastic:[[7157], [1956], [7040], [4193], [4524], [673], [29126], [3091], [4609], [2099], [5728], [1499], [3586], [999], [4318], [207], [4790], [596], [1029], [7015], [595], [3815], [3717], [1026], [5290], [960], [4233], [23411], [5594], [1493], [5054], [4780], [2146], [3480], [5970], [355], [5133], [9429], [10413], [7490], [142], [5979], [857], [4288], [324], [8626], [2130], [8842], [4282], [1588], [3417], [238], [3082], [1277], [2247], [3481], [23405], [5241], [5329], [2067], [407040], [1756], [7153], [11200], [6598], [5328], [11186], [6615], [958], [1116], [1385], [4323], [6597], [4297], [2034], [7430], [5156], [4363], [7424], [2521], [10855], [4613], [5159], [1019], [4035], [2078], [4684], [6502], [6678], [7486], [23028], [4311], [2353], [10763], [3418], [4914], [358], [7056], [4221], [8314], [9817], [100133941], [2719], [6591], [5268], [10630], [25937], [2073], [54880], [7531], [9232], [5590], [5037], [208], [546], [406952], [9076], [6752], [6624], [4162], [2324], [10971], [406958], [5077], [2346], [7849], [406989], [1839], [8648], [9759], [3732], [1654], [1513], [100288687], [4085], [22933], [2810], [2798], [3326], [54583], [5076], [57167], [8788], [1364], [2191], [7030], [4773], [10499], [6722], [6595], [23152], [2313], [2737], [6670], [10000], [4916], [563], [7049], [1485], [3918], [885], [896], [5934], [2796], [6789], [4205], [23532], [4920], [445], [253260], [9113], [5346], [406943], [4919], [2692], [4211], [57805], [6862], [6876], [554210], [6760], [27436], [7088], [93649], [6788], [4100], [10894], [2487], [57124], [7204], [9768], [10724], [494330], [4103], [221895], [22947], [112939], [6757], [256646], [53827]]
Malignant lymphoma no ICD-O subtype:[[3091]]
Reticulolymphosarcomas:[[]]
Malignant lymphoma - category:[[4524], [3091], [4790], [1029], [2146], [1027], [2261], [3559], [7298], [6403], [57379], [919], [7014], [10987], [931], [4068], [6470], [1108], [3030], [3400], [1844]]
Reticulolymphosarcoma:[[]]
Malignant lymphoma no International Classification of Diseases for Oncology subtype:[[]]
Malignant Lymphomas:[[4609], [29126], [596], [2146], [3606], [10135], [11200], [5777], [1806], [4261], [3492], [8301], [8809], [2145], [11063]]
Malignant Lymphoma:[[4524], [3091], [4790], [1029], [2146], [1027], [2261], [3559], [7298], [6403], [57379], [919], [7014], [10987], [931], [4068], [6470], [1108], [3030], [3400], [1844]]
Lymphomas:[[7157], [7422], [6774], [7124], [4609], [10023], [29126], [596], [7040], [3586], [1029], [207], [4790], [3569], [2146], [673], [5743], [4318], [3091], [5728], [238], [595], [3845], [2475], [3553], [5594], [4851], [1499], [7099], [5133], [3576], [7015], [7852], [999], [3717], [355], [23401], [4193], [4313], [23411], [1493], [6387], [4615], [5444], [1234], [3605], [4780], [1026], [5290], [1027], [406991], [5970], [960], [3606], [472], [5925], [387], [5595], [3815], [3383], [604], [6696], [50943], [4292], [406947], [3135], [7128], [2932], [3565], [3791], [3725], [4869], [581], [4255], [9429], [7490], [6790], [6850], [8626], [8743], [841], [4288], [1869], [4170], [5347], [2068], [54106], [3558], [2321], [4436], [2697], [1950], [11200], [1803], [1786], [10892], [407040], [5156], [7161], [10135], [356], [2260], [27086], [7076], [2309], [3559], [7424], [598], [2308], [1457], [958], [10673], [7048], [3956], [331], [23405], [3593], [8678], [998], [7412], [7046], [4893], [9314], [2034], [6927], [6935], [1994], [5300], [4613], [2534], [8651], [1030], [8829], [545], [2625], [5058], [57379], [5777], [4363], [1789], [3418], [768], [5335], [1051], [4684], [940], [3492], [1977], [6502], [22914], [330], [51176], [4311], [4803], [943], [3661], [4830], [4914], [3592], [7528], [5292], [3662], [4067], [6198], [5788], [8915], [54790], [1244], [7345], [1612], [4691], [407021], [7494], [3663], [6778], [4602], [6776], [4853], [406985], [7186], [2833], [406986], [8841], [10643], [4791], [3164], [639], [1021], [23410], [5079], [1806], [5423], [896], [406952], [2324], [6404], [1269], [1028], [7454], [4194]]
