Maltoma:[[]]
MALT lymphoma:[[7157], [4524], [4790], [5743], [3553], [7099], [4609], [596], [2952], [1493], [3119], [64127], [929], [4843], [406947], [25], [10892], [407040], [3117], [4615], [7128], [8915], [604], [50616], [330], [695], [406985], [2833], [406986], [407008], [7038], [27086], [406984], [10563], [8741], [6929], [406983], [406934], [4277], [6366], [3492], [921], [407037], [84433], [554210], [115650], [974], [973], [83417], [693207], [9683]]
MALT Lymphoma:[[7157], [4524], [4790], [5743], [3553], [7099], [4609], [596], [2952], [1493], [3119], [64127], [929], [4843], [406947], [25], [10892], [407040], [3117], [4615], [7128], [8915], [604], [50616], [330], [695], [406985], [2833], [406986], [407008], [7038], [27086], [406984], [10563], [8741], [6929], [406983], [406934], [4277], [6366], [3492], [921], [407037], [84433], [554210], [115650], [974], [973], [83417], [693207], [9683]]
Nodal marginal zone lymphoma:[[595], [604], [1956], [7422], [4790], [7040], [1499], [4853], [355], [2099], [50943], [960], [4615], [952], [3492], [27086], [5292], [5079], [921], [6382], [30009], [8764], [83417], [5789], [4332], [399]]
Lymphoma of Mucosa-Associated Lymphoid Tissue:[[5290], [10892], [330], [27086]]
Marginal Zone B Cell Lymphoma:[[595], [51237], [604], [602], [7422], [4790], [3586], [3569], [7040], [1499], [5970], [3091], [4853], [2950], [2146], [4851], [355], [960], [4615], [3725], [50943], [7128], [958], [10892], [54106], [10673], [57379], [3492], [27086], [330], [921], [6382], [4049], [4683], [952], [5292], [5604], [8085], [641], [4361], [7187], [1380], [10111], [939], [8115], [3394], [6693], [56244], [100271849], [399]]
Mucosal-associated lymphoid tissue lymphoma:[[7124], [3553], [50616]]
Extranodal marginal zone B-cell lymphoma of mucosa-associated lymphoid tissue:[[10892], [3725], [330], [3492], [27086]]
Extranodal marginal zone B-cell lymphoma of mucosa-associated lymphoid tissue [MALT-lymphoma]:[[10892], [330]]
Lymphoma of Mucosa Associated Lymphoid Tissue:[[5290], [10892], [330], [27086]]
Mucosa-Associated Lymphoid Tissue Lymphoma:[[10892], [7124], [4790], [7099], [3725], [5599], [7128], [8915], [2744], [84433], [23081], [1266], [57451]]
Extranodal marginal zone B-cell lymphoma of mucosa-associated lymphoid tissue (MALT-lymphoma):[[10892], [330], [27086], [3492]]
Marginal Zone B-Cell Lymphoma:[[595], [51237], [604], [602], [7422], [4790], [3586], [3569], [7040], [1499], [5970], [3091], [4853], [2950], [2146], [4851], [355], [960], [4615], [3725], [50943], [7128], [958], [10892], [54106], [10673], [57379], [3492], [27086], [330], [921], [6382], [4049], [4683], [952], [5292], [5604], [8085], [641], [4361], [7187], [1380], [10111], [939], [8115], [3394], [6693], [56244], [100271849], [399]]
Mucosa-associated lymphoma:[[8915], [10892], [3596], [7157], [7124], [4790], [3576], [6387], [5290], [7099], [3565], [3725], [3553], [5599], [7128], [3688], [1803], [1191], [330], [27086], [3492], [921], [84433], [2744], [23081], [1266], [57451]]
Mucosa Associated Lymphoid Tissue Lymphoma:[[10892], [7124], [4790], [7099], [3725], [5599], [7128], [8915], [2744], [84433], [23081], [1266], [57451]]
MALT Lymphomas:[[3553], [3576], [1029], [596], [4851], [3565], [406947], [7128], [604], [10892], [330], [406986], [57379], [27086], [1028], [406934], [3492], [896], [8915], [83417]]
