(Ki-1+) lymphoma:[[943], [7157], [1107]]
Lymphomas Anaplastic Large-Cell:[[238], [7157], [6774], [4609], [29126], [7124], [4790], [4869], [596], [207], [7015], [3845], [2146], [2475], [5728], [5290], [1027], [595], [943], [1499], [406947], [3576], [8626], [4851], [4313], [355], [604], [3605], [1051], [3815], [5925], [6790], [8743], [1803], [581], [4170], [3662], [7076], [3956], [5156], [1994], [998], [3718], [5079], [6776], [5788], [5551], [4791], [4267], [406950], [7454], [602], [290], [993], [3398], [945], [6957], [6480], [56940], [58985], [9242]]
Anaplastic large cell lymphoma (ALCL) CD30+:[[943], [238], [6774], [7157], [4609], [4869], [8626], [1803], [3956], [56940]]
Anaplastic Large Cell Lymphoma:[[238], [6774], [7157], [4869], [29126], [7124], [4609], [207], [4790], [5728], [1499], [943], [2475], [3576], [596], [1027], [836], [595], [3605], [8626], [2146], [406947], [355], [4851], [1051], [5925], [8743], [6657], [682], [581], [1191], [7291], [6790], [1803], [4170], [4204], [5265], [7076], [6469], [5315], [4323], [3956], [604], [998], [3718], [5156], [3716], [59067], [1788], [9021], [5159], [10018], [50616], [3662], [4627], [2066], [8737], [5788], [3002], [5551], [1436], [7454], [4791], [4267], [3572], [6624], [57674], [10381], [5079], [1462], [3578], [5725], [2313], [7185], [25942], [2737], [925], [4149], [3398], [1326], [602], [8431], [6957], [5366], [79400], [6480], [3964], [7072], [10578], [6955], [104], [442891], [406925], [406954], [56940], [1937], [5272], [5452], [8635], [58985], [2355], [2444], [833], [56833]]
Lymphoma Large-Cell Anaplastic:[[238], [596], [595], [604], [4609], [7157], [602], [6774], [57674], [1956], [29126], [7124], [4869], [4790], [207], [3845], [2475], [5728], [5290], [1499], [1027], [8626], [943], [836], [7015], [2950], [406947], [4233], [3576], [2146], [2064], [581], [4851], [355], [4170], [5925], [5551], [3605], [4313], [3815], [1051], [8743], [682], [3662], [3956], [3718], [59067], [10018], [1803], [1191], [6469], [6657], [6790], [7076], [5156], [5079], [3716], [4204], [6776], [7291], [50616], [9021], [5265], [5315], [1788], [4323], [1436], [5159], [998], [5788], [2066], [4627], [4267], [406950], [8737], [3578], [3002], [6885], [6624], [10381], [4791], [7185], [5366], [2737], [7454], [2313], [3572], [290], [1462], [3398], [5725], [925], [6957], [1326], [993], [25942], [945], [4149], [8431], [3799], [79400], [7072], [6480], [10578], [6955], [3964], [104], [5452], [442891], [406925], [56940], [406954], [1937], [5272], [8635], [58985], [2355], [2444], [833], [9242], [56833]]
Anaplastic large cell lymphoma CD30-positive:[[6774], [943], [1191], [3662], [56940]]
Systemic Anaplastic Large Cell Lymphoma:[[238], [6774], [7157], [7124], [29126], [1027], [207], [4790], [3576], [5156], [4609], [3605], [943], [355], [2475], [5728], [1499], [4204], [596], [406947], [836], [8743], [7076], [595], [1191], [8626], [59067], [1051], [50616], [1803], [4851], [682], [581], [5265], [7291], [3956], [5159], [6469], [4323], [604], [3662], [1788], [2313], [3718], [3716], [3578], [5551], [5788], [3002], [8737], [3572], [7185], [4791], [57674], [1462], [925], [6957], [1326], [6480], [10578], [406954], [56940], [5452], [2355]]
CD30 Positive Anaplastic Large Cell Lymphoma:[[]]
Lymphoma Large-Cell Ki-1:[[943], [7157]]
Ki 1 Lymphoma:[[]]
CD30-Positive Anaplastic Large-Cell Lymphoma:[[]]
CD30+ Anaplastic Large-Cell Lymphoma:[[943]]
Lymphoma Ki-1:[[943], [7157], [1107]]
Lymphomas Ki-1:[[943], [7157]]
Large cell anaplastic lymphoma T cell and Null cell type:[[1029], [7157], [6774]]
CD30+ Anaplastic Large Cell Lymphoma:[[943]]
Large cell anaplastic lymphoma:[[596], [1029], [4609], [604], [595], [7157], [1956], [3815], [4851], [5788], [238], [7040], [6469], [406991], [7124], [1499], [8626], [207], [7852], [2064], [5468], [5777], [998], [51530], [960], [7015], [3576], [5728], [602], [2475], [581], [5925], [6774], [1803], [355], [3596], [5133], [29126], [2066], [50943], [4170], [10018], [682], [3146], [3718], [4233], [1462], [1027], [3398], [931], [8737], [4790], [5594], [912], [993], [6347], [6955], [3091], [50616], [4869], [5079], [3958], [836], [3952], [5293], [925], [3002], [4267], [5159], [5290], [2146], [768], [6957], [3578], [9314], [4204], [6480], [4318], [2335], [6657], [4089], [3845], [5366], [2950], [5970], [1436], [673], [406938], [57674], [2113], [5156], [406950], [7072], [4780], [59067], [4092], [1051], [4255], [961], [947], [1432], [1191], [10578], [3956], [23405], [4313], [4323], [3605], [407007], [6624], [4288], [5551], [6790], [406947], [2305], [3662], [2737], [943], [8743], [7076], [2932], [639], [1901], [2944], [3320], [3716], [7291], [3953], [5315], [9429], [3417], [4627], [7454], [6591], [7080], [114548], [6776], [6678], [1788], [9242], [3418], [4314], [9021], [3572], [945], [57591], [9212], [4149], [378938], [5265], [6566], [6885], [9531], [290], [23135], [4791], [5725], [10987], [2313], [10381], [442891], [1326], [699], [406954], [104], [27113], [25942], [54617], [406983], [7185], [79400], [3964], [56940], [9294], [574447], [7038], [5272], [406925], [5452], [2444], [3799], [8431], [2355], [58985], [8635], [1937], [56833], [22872], [9804], [192343], [833]]
Systemic Anaplastic Large-Cell Lymphoma:[[238], [6774], [7157], [7124], [29126], [1027], [207], [4790], [3576], [5156], [4609], [3605], [943], [355], [2475], [5728], [1499], [4204], [596], [406947], [836], [8743], [7076], [595], [1191], [8626], [59067], [1051], [50616], [1803], [4851], [682], [581], [5265], [7291], [3956], [5159], [6469], [4323], [604], [3662], [1788], [2313], [3718], [3716], [3578], [5551], [5788], [3002], [8737], [3572], [7185], [4791], [57674], [1462], [925], [6957], [1326], [6480], [10578], [406954], [56940], [5452], [2355]]
Anaplastic large cell lymphoma CD30+:[[943], [238], [6774], [7157], [4869], [4609], [4790], [596], [8626], [1803], [1191], [3956], [3662], [8737], [4791], [3572], [6624], [7185], [602], [56940]]
Anaplastic large cell lymphoma T cell and Null cell type:[[7157], [6774]]
Anaplastic large cell lymphoma:[[238], [6774], [7157], [4869], [29126], [7124], [4609], [207], [4790], [5728], [1499], [943], [2475], [3576], [596], [1027], [836], [595], [3605], [8626], [2146], [406947], [355], [4851], [1051], [5925], [8743], [6657], [682], [581], [1191], [7291], [6790], [1803], [4170], [4204], [5265], [7076], [6469], [5315], [4323], [3956], [604], [998], [3718], [5156], [3716], [59067], [1788], [9021], [5159], [10018], [50616], [3662], [4627], [2066], [8737], [5788], [3002], [5551], [1436], [7454], [4791], [4267], [3572], [6624], [57674], [10381], [5079], [1462], [3578], [5725], [2313], [7185], [25942], [2737], [925], [4149], [3398], [1326], [602], [8431], [6957], [5366], [79400], [6480], [3964], [7072], [10578], [6955], [104], [442891], [406925], [406954], [56940], [1937], [5272], [5452], [8635], [58985], [2355], [2444], [833], [56833]]
