T-Cell Lymphoma Peripheral:[[84868], [7157], [7422], [7124], [3559], [6774], [207], [29126], [3569], [5728], [7040], [4790], [5243], [5133], [3586], [1401], [596], [3605], [50943], [355], [3717], [6622], [7015], [406947], [23411], [332], [920], [7852], [406991], [4609], [3815], [3845], [3606], [3146], [4288], [4313], [2146], [3600], [472], [7276], [2475], [4780], [387], [7490], [4684], [1499], [4851], [595], [1026], [3627], [3596], [4193], [3558], [356], [8743], [4869], [604], [4582], [3119], [10673], [8626], [3065], [3791], [3725], [4843], [3958], [3480], [943], [6772], [4311], [2308], [54790], [7057], [22914], [50616], [23405], [6850], [1803], [3956], [3557], [3418], [864], [940], [2625], [30009], [10563], [5599], [5781], [5156], [9332], [952], [4170], [407040], [983], [3718], [3574], [2261], [3308], [3066], [6280], [6364], [3014], [10013], [1788], [2022], [4830], [4914], [6776], [10018], [567], [407008], [4363], [5777], [7424], [59067], [2272], [5228], [5551], [834], [10320], [85480], [8837], [10257], [406942], [23705], [5335], [912], [931], [2597], [1235], [1021], [9235], [29851], [2120], [3578], [3567], [1436], [3662], [4345], [112744], [2313], [930], [6097], [961], [27086], [5079], [407024], [5588], [6362], [1232], [121504], [386653], [1233], [80380], [3738], [3561], [6957], [3560], [9437], [9961], [4094], [56288], [3702], [10344], [10578], [29949], [3821], [2195], [8744], [5819], [3824], [7060], [6965], [6964], [1124], [55245], [28605]]
Peripheral T-cell lymphoma (clinical):[[7157], [7422], [5728], [207], [29126], [596], [595], [5133], [8626], [2261], [472], [604], [4830], [3418], [387], [3065], [4684], [943], [2625], [4311], [952], [2120], [54790], [5079], [10563], [27086], [23705], [930], [912], [6097], [3560]]
Peripheral T-cell lymphoma:[[7157], [7422], [5728], [207], [29126], [596], [595], [472], [5133], [8626], [387], [3065], [2261], [604], [4830], [3066], [4684], [2625], [54790], [4311], [943], [3418], [10013], [952], [2120], [10563], [27086], [5079], [23705], [912], [930], [6097], [121504], [3560], [2195], [5819], [55245], [28605]]
T-Cell Lymphomas Peripheral:[[7157], [7124], [6774], [29126], [5133], [4318], [50943], [1029], [3605], [3845], [4609], [1493], [406947], [54106], [595], [5970], [4851], [4193], [10673], [5925], [387], [2146], [940], [2625], [23405], [2833], [6850], [3956], [6927], [4893], [3418], [5335], [2534], [51176], [54790], [1030], [406942], [1021], [1612], [406911], [3567], [3662], [8915], [7454], [3718], [1233], [3604], [7704], [6957], [3821], [917], [6965], [6964], [406912], [3702], [3682], [3824], [8676], [56940]]
Peripheral T-cell lymphoma unspecified:[[7157], [7422], [207], [595], [596], [387], [472], [3065], [10013], [121504], [3560]]
Peripheral T-cell lymphoma no International Classification of Diseases for Oncology subtype:[[]]
Mature T/NK-cell lymphomas unspecified:[[]]
Peripheral T-cell lymphoma no ICD-O subtype:[[3418]]
T Cell Lymphoma Peripheral:[[84868], [7157], [7422], [7124], [3559], [6774], [207], [29126], [3569], [5728], [7040], [4790], [5243], [5133], [3586], [1401], [596], [3605], [50943], [355], [3717], [6622], [7015], [406947], [23411], [332], [920], [7852], [406991], [4609], [3815], [3845], [3606], [3146], [4288], [4313], [2146], [3600], [472], [7276], [2475], [4780], [387], [7490], [4684], [1499], [4851], [595], [1026], [3627], [3596], [4193], [3558], [356], [8743], [4869], [604], [4582], [3119], [10673], [8626], [3065], [3791], [3725], [4843], [3958], [3480], [943], [6772], [4311], [2308], [54790], [7057], [22914], [50616], [23405], [6850], [1803], [3956], [3557], [3418], [864], [940], [2625], [30009], [10563], [5599], [5781], [5156], [9332], [952], [4170], [407040], [983], [3718], [3574], [2261], [3308], [3066], [6280], [6364], [3014], [10013], [1788], [2022], [4830], [4914], [6776], [10018], [567], [407008], [4363], [5777], [7424], [59067], [2272], [5228], [5551], [834], [10320], [85480], [8837], [10257], [406942], [23705], [5335], [912], [931], [2597], [1235], [1021], [9235], [29851], [2120], [3578], [3567], [1436], [3662], [4345], [112744], [2313], [930], [6097], [961], [27086], [5079], [407024], [5588], [6362], [1232], [121504], [386653], [1233], [80380], [3738], [3561], [6957], [3560], [9437], [9961], [4094], [56288], [3702], [10344], [10578], [29949], [3821], [2195], [8744], [5819], [3824], [7060], [6965], [6964], [1124], [55245], [28605]]
Mature T/NK-cell lymphomas:[[3604]]
Mature T-cell lymphoma:[[7157], [8115], [7124], [7040], [7422], [207], [5728], [4609], [29126], [3569], [406991], [4790], [406947], [596], [6622], [3586], [2146], [920], [1499], [355], [1401], [3845], [3717], [1026], [7015], [50943], [387], [4193], [3815], [7852], [4851], [3606], [595], [4582], [3480], [3600], [8626], [3559], [4684], [3558], [3596], [54790], [407040], [7490], [4311], [23405], [943], [10673], [6850], [2308], [983], [867], [5156], [2261], [3956], [1803], [1788], [10563], [6777], [378938], [407008], [8678], [7057], [3308], [567], [5777], [7424], [4830], [864], [6364], [22914], [3574], [2625], [1654], [4914], [30009], [940], [834], [10320], [85480], [639], [25939], [406942], [283], [407024], [7012], [2627], [5079], [930], [3662], [406934], [7409], [406903], [5588], [6356], [4345], [274], [29851], [30816], [554213], [2195], [6964], [6346], [924], [693169], [442905]]
