COCA2:[[4292]]
COLORECTAL CANCER HEREDITARY NONPOLYPOSIS TYPE 2:[[7048], [4436], [4292], [4072], [5395], [3077], [4318], [581], [2956], [351], [6790], [657], [27030], [1499], [673], [2274], [4312], [4582], [834], [768], [2113], [83990], [9156], [5378], [4629]]
Colon Cancer Familial Nonpolyposis Type 2:[[4436], [4292], [7048], [4318], [5395], [3077], [6790], [657], [2956], [1499], [673], [4312], [83990], [27030]]
HNPCC2:[[4292]]
LYNCH SYNDROME II:[[4292]]
Lynch Syndrome II:[[4292]]
COLON CANCER FAMILIAL NONPOLYPOSIS TYPE 2:[[4436], [4292], [7048], [4318], [5395], [3077], [6790], [657], [2956], [1499], [673], [4312], [83990], [27030]]
FCC2:[[4292]]
Lynch Cancer Family Syndrome II:[[7157], [4292], [4436], [675], [673], [2099], [1029], [5290], [7048], [2033], [2261], [207], [2956], [4092], [5395], [595], [7015], [1586], [201163], [1956], [4893], [4683], [1499], [7422], [1543], [5426], [1630], [4193], [7097], [581], [2100], [355], [6714], [4524], [4072], [1312], [29126], [5320], [5378], [10664], [4968], [4149], [6041], [5111], [2648], [25788]]
Lynch cancer family syndrome 2:[[4436], [675], [4292], [7015], [1029], [7157], [2033], [2099], [5395], [2261], [673], [7048], [324], [5290], [2956], [10395], [4893], [7422], [207], [7097], [1956], [4092], [581], [4193], [4072], [595], [6714], [1586], [8313], [1630], [5320], [2100], [201163], [1543], [6790], [4683], [6041], [1499], [5795], [7516], [355], [2648], [4524], [4595], [54894], [5424], [5378], [27030], [5111], [1312], [5426], [29126], [7517], [4968], [3981], [5793], [10664], [5782], [4361], [60561], [25788], [4149], [254394], [11199]]
Colorectal Cancer Hereditary Nonpolyposis Type 2:[[7048], [4436], [4292], [4072], [5395], [3077], [4318], [581], [2956], [351], [6790], [657], [27030], [1499], [673], [2274], [4312], [4582], [834], [768], [2113], [83990], [9156], [5378], [4629]]
