Spinocerebellar Atrophy III:[[]]
Spinocerebellar Atrophy Type 3:[[]]
Azorean Disease (Machado Joseph):[[4287]]
Type 3 Spinocerebellar Ataxia:[[]]
Machado Joseph Azorean Disease:[[]]
Spinocerebellar Ataxia 3s:[[]]
SCA3:[[4287], [108663987], [7124], [3569], [3553], [3552], [7329], [6311], [5901], [6310], [3337], [41], [442915], [100126335], [4061], [6315]]
Machado-Joseph Disease:[[4287], [348], [92552], [6531], [23435], [8678], [203228], [4852], [773], [6311], [6310], [108663987], [41], [3316], [6314], [1822], [4537], [6315]]
Spinocerebellar Ataxia-3:[[2629], [4287], [9463]]
Neurologic Disease Azorean:[[4287]]
Nigrospinodentatal Degenerations:[[2896], [203228], [24], [6010], [2668], [6103], [10461], [5961], [23418], [7301], [83552], [1039], [3419], [2979], [83394], [10692], [30850]]
Machado Joseph disease:[[4287], [348], [92552], [6531], [23435], [8678], [203228], [4852], [773], [6311], [6310], [108663987], [41], [3316], [6314], [1822], [4537], [6315]]
Azorean Ataxia:[[4287]]
MJD - Machado-Joseph disease:[[4287], [6310], [108663987], [41], [1822], [6315]]
MJD:[[4287], [7329], [6310], [108663987], [41], [1822], [6315], [4061]]
SPINOCEREBELLAR ATAXIA 3:[[2629], [4287], [9463]]
Spinocerebellar Atrophy IIIs:[[]]
Spinocerebellar ataxia type 3:[[4287], [108663987], [7415], [41], [3337], [29978], [3839], [442915], [100126335]]
SPINOPONTINE ATROPHY:[[]]
Nervous System Azorean Disease:[[]]
Joseph Azorean Disease:[[]]
Striatonigral Degeneration Autosomal Dominant:[[6622]]
SPINOCEREBELLAR ATROPHY III:[[]]
Portuguese-Azorean disease:[[]]
MACHADO-JOSEPH DISEASE:[[4287], [348], [92552], [6531], [23435], [8678], [203228], [4852], [773], [6311], [6310], [108663987], [41], [3316], [6314], [1822], [4537], [6315]]
Machado Joseph Disease:[[4287], [348], [92552], [6531], [23435], [8678], [203228], [4852], [773], [6311], [6310], [108663987], [41], [3316], [6314], [1822], [4537], [6315]]
Machado-Joseph Azorean Disease:[[]]
Nigrospinodentatal Degeneration:[[348], [7422], [3075], [718], [7078], [3990], [5654], [387715], [109504728], [629], [3426], [5961], [1071], [717], [7124], [6648], [6499], [1039], [8797], [2896], [5071], [2153], [7157], [351], [4153], [4318], [1471], [7421], [24], [3553], [7040], [10452], [7099], [9600], [6622], [1401], [4137], [1524], [1038], [3569], [1956], [4313], [1300], [80025], [3091], [6647], [6347], [6403], [10631], [343035], [4524], [627], [4790], [1636], [120892], [7046], [6103], [947], [6774], [3586], [207], [2064], [768206], [5728], [9370], [4846], [83394], [3123], [4780], [114548], [5743], [23435], [26207], [100048912], [367], [2475], [3576], [1029], [5468], [3952], [7097], [1295], [1499], [4314], [2074], [3146], [3479], [1312], [80781], [4312], [6532], [7015], [5594], [2944], [355], [4179], [7299], [3106], [3605], [332], [596], [1995], [406991], [2950], [23411], [4155], [3458], [836], [5621], [4193], [5444], [5978], [2952], [203228], [3791], [780], [4233], [2521], [5054], [4855], [3077], [3078], [177], [142], [8743], [3162], [5970], [6696], [2736], [4851], [472], [3490], [57605], [341], [2932], [3119], [3480], [2737], [5595], [5663], [3082], [2908], [7515], [3934], [1557], [3383], [3606], [30850], [10516], [4282], [7098], [1906], [1432], [3565], [2321], [3958], [335], [356], [7450], [1027], [10891], [19], [3725], [3552], [857], [3688], [6495], [79068], [8878], [3064], [4582], [5599], [9429], [6531], [10413], [5176], [4000], [114902], [338], [8842], [406947], [2335], [3949], [3625], [406938], [5027], [7490], [1490], [6772], [1277], [4843], [2247], [6352], [6934], [2308], [7276], [3320], [6662], [2068], [650]]
Joseph Disease:[[348], [6531], [23435], [4287], [8678], [203228], [4852], [773], [6311], [6310], [108663987], [41], [3316], [6314], [1822], [4537], [6315], [92552]]
AZOREAN NEUROLOGIC DISEASE:[[4287]]
Machado-Joseph disease:[[4287], [348], [92552], [6531], [23435], [8678], [203228], [4852], [773], [6311], [6310], [108663987], [41], [3316], [6314], [1822], [4537], [6315]]
NIGROSPINODENTATAL DEGENERATION:[[348], [7422], [3075], [718], [7078], [3990], [5654], [387715], [109504728], [629], [3426], [5961], [1071], [717], [7124], [6648], [6499], [1039], [8797], [2896], [5071], [2153], [7157], [351], [4153], [4318], [1471], [7421], [24], [3553], [7040], [10452], [7099], [9600], [6622], [1401], [4137], [1524], [1038], [3569], [1956], [4313], [1300], [80025], [3091], [6647], [6347], [6403], [10631], [343035], [4524], [627], [4790], [1636], [120892], [7046], [6103], [947], [6774], [3586], [207], [2064], [768206], [5728], [9370], [4846], [83394], [3123], [4780], [114548], [5743], [23435], [26207], [100048912], [367], [2475], [3576], [1029], [5468], [3952], [7097], [1295], [1499], [4314], [2074], [3146], [3479], [1312], [80781], [4312], [6532], [7015], [5594], [2944], [355], [4179], [7299], [3106], [3605], [332], [596], [1995], [406991], [2950], [23411], [4155], [3458], [836], [5621], [4193], [5444], [5978], [2952], [203228], [3791], [780], [4233], [2521], [5054], [4855], [3077], [3078], [177], [142], [8743], [3162], [5970], [6696], [2736], [4851], [472], [3490], [57605], [341], [2932], [3119], [3480], [2737], [5595], [5663], [3082], [2908], [7515], [3934], [1557], [3383], [3606], [30850], [10516], [4282], [7098], [1906], [1432], [3565], [2321], [3958], [335], [356], [7450], [1027], [10891], [19], [3725], [3552], [857], [3688], [6495], [79068], [8878], [3064], [4582], [5599], [9429], [6531], [10413], [5176], [4000], [114902], [338], [8842], [406947], [2335], [3949], [3625], [406938], [5027], [7490], [1490], [6772], [1277], [4843], [2247], [6352], [6934], [2308], [7276], [3320], [6662], [2068], [650]]
Disease Azorean (Machado-Joseph):[[4287]]
Azorean disease:[[4287]]
Spinocerebellar Ataxia 3:[[2629], [4287], [9463]]
Disease Azorean:[[4287]]
