Enlargement of tongue:[[3091], [7422], [4318], [1029], [5743], [2146], [4312], [4089], [4323], [283131], [3821]]
Macroglossia:[[]]
Hypertrophy of tongue:[[7157], [1956], [2475], [406991], [207], [3091], [4318], [7422], [4851], [2099], [1401], [182], [999], [2146], [5728], [6774], [7099], [4790], [2932], [4313], [5743], [5594], [1026], [2246], [3606], [5747], [4780], [332], [5290], [2308], [7097], [3383], [154], [857], [3958], [682], [59272], [2033], [4089], [3725], [6667], [9429], [406947], [3082], [6093], [1869], [1994], [11186], [6469], [5315], [7431], [5159], [22943], [9314], [1977], [9475], [3611], [652995], [406985], [23410], [7168], [1440], [406949], [407015], [407014], [406931], [2274], [494336], [9464], [8490], [57509], [192343]]
Tongue hypertrophy:[[7157], [1956], [2475], [406991], [207], [3091], [4318], [7422], [4851], [2099], [1401], [182], [999], [2146], [5728], [6774], [7099], [4790], [2932], [4313], [5743], [5594], [1026], [2246], [3606], [5747], [4780], [332], [5290], [2308], [7097], [3383], [154], [857], [3958], [682], [59272], [2033], [4089], [3725], [6667], [9429], [406947], [3082], [6093], [1869], [1994], [11186], [6469], [5315], [7431], [5159], [22943], [9314], [1977], [9475], [3611], [652995], [406985], [23410], [7168], [1440], [406949], [407015], [407014], [406931], [2274], [494336], [9464], [8490], [57509], [192343]]
Congenital hypertrophy of tongue:[[857], [5290], [7157], [1956], [182], [7422], [406991], [3091], [207], [4851], [2099], [1401], [999], [7099], [4790], [4313], [5743], [1026], [332], [3958], [7097], [3383], [6469], [59272], [2033], [4089], [7431], [7168], [9464], [192343]]
Enlarged tongue:[[7157], [1956], [7422], [1499], [999], [2099], [406991], [5594], [857], [2100], [6093]]
Giant tongue:[[7157], [1956], [4318], [3091], [7422], [7099], [2475], [1029], [1499], [29126], [999], [595], [3586], [8626], [596], [207], [5743], [4313], [6714], [3815], [3605], [1026], [5133], [4233], [332], [5290], [3606], [682], [3383], [2100], [4288], [4843], [3690], [836], [4582], [4312], [2247], [54106], [6615], [7424], [7291], [2260], [7431], [3315], [6469], [5580], [2316], [6093], [5744], [1000], [1445], [7465], [407037], [192343]]
Large tongue:[[9215], [1029], [2099], [4609], [675], [1462], [7422], [7157], [1499], [1956], [3918], [8626], [2475], [8549], [4318], [3383], [4851], [2064], [5743], [5728], [3586], [4790], [672], [29126], [4869], [6774], [23201], [1401], [596], [54106], [3091], [595], [3815], [406991], [207], [4313], [5580], [7099], [4233], [999], [8091], [5290], [5133], [5340], [2706], [4582], [2146], [5315], [857], [3605], [1026], [5744], [5970], [960], [332], [9429], [154], [3606], [836], [406947], [4854], [6714], [3725], [7428], [2100], [2033], [4780], [4288], [7515], [5594], [50943], [3690], [5747], [682], [3958], [3688], [378938], [4089], [1289], [6648], [6657], [6667], [407040], [2932], [6469], [3620], [182], [3082], [1950], [4843], [2247], [598], [2308], [7424], [2335], [2194], [7442], [7291], [7134], [59272], [2261], [3315], [10984], [2260], [1994], [4323], [3956], [4316], [9992], [1789], [328], [6935], [5460], [22943], [5329], [4363], [5328], [11186], [92140], [9314], [9353], [768], [5159], [6615], [3685], [7430], [1977], [6678], [23028], [820], [6093], [6382], [216], [6502], [3880], [3875], [7534], [23410], [102], [2737], [891], [8829], [4804], [1236], [283131], [406985], [1269], [2833], [467], [5423], [2324], [5045], [9076], [27250], [3838], [5829], [2073], [9475], [407007], [6624], [23705], [2246], [406928], [3939], [10381], [7100], [406984], [401237], [3856], [8989], [7168], [57650], [406995], [55000], [4283], [2296], [3440], [407015], [346389], [23512], [80326], [407012], [1644], [9166], [83596], [100507098], [10211], [3714], [3821], [10128], [80310], [2051], [4513], [162514], [3868], [440823], [3860], [57509], [2045], [9723]]
MACROGLOSSIA:[[]]
Congenital macroglossia:[[2218], [1589], [4868], [2324], [26580], [146059], [5290], [857], [284119], [167691], [1080], [2266], [1145], [79147], [1134], [2244], [10381], [2243], [5631], [91869], [7422], [4810], [1144], [4000], [1545], [4524], [5054], [1180], [3000], [2147], [5979], [7253], [7040], [4893], [9215], [7124], [6261], [7157], [2697], [29954], [4072], [1991], [64802], [1956], [25], [3265], [4933], [1636], [58], [2673], [2626], [26154], [3569], [4352], [7849], [6335], [3845], [4879], [1634], [1482], [8087], [2065], [5236], [190], [23581], [3091], [367], [673], [4625], [2784], [8929], [6010], [2627], [2099], [1441], [55906], [2706], [4803], [60482], [3342], [7010], [59341], [3479], [3341], [6329], [7051], [6576], [2064], [55624], [182], [1401], [4846], [207], [6121], [4790], [351], [3553], [7099], [9370], [5243], [3106], [399565], [627], [4359], [7421], [3952], [7170], [59344], [5743], [2944], [1499], [55858], [3938], [150082], [7454], [4137], [999], [1650], [23418], [2668], [596], [1294], [5468], [3908], [10585], [2950], [4851], [4609], [57190], [23746], [11093], [7485], [100861439], [619409], [619404], [550625], [404715], [317685], [266979], [81866], [54719], [54115], [53368], [7792], [5765], [4934], [981], [878], [1906], [6616], [3675], [5373], [2779], [80184], [3757], [3458], [5587], [1293], [1785], [2153], [778], [4487], [2290], [3921], [4604], [3717], [1406], [101202687], [101202686], [101154642], [101055624], [100682325], [100302720], [100188765], [780915], [780899], [8130], [8104], [8094], [907], [4313], [332], [4053], [1140], [2512], [9469], [7097], [1811], [406987], [10653], [84061], [7067], [1026], [7450], [2952], [406991], [10661], [6331], [1291], [5080]]
Macroglossias:[[]]
