Vivax malaria - benign tertian:[[7124], [3569], [3586], [3240], [6288], [6521], [2532], [284]]
Vivax malaria [benign tertian]:[[7124], [3569], [3586], [3458], [1565], [3383], [3565], [959], [7412], [2539], [3240], [285], [6521], [2532], [6288], [284], [6708], [6710], [7919]]
Vivax Malaria:[[7124], [3569], [3586], [3458], [1565], [3383], [3565], [959], [7412], [2539], [3240], [285], [6521], [2532], [6288], [284], [6708], [6710], [7919]]
BT - Benign tertian malaria:[[4843], [4780]]
Plasmodium vivax malaria NOS:[[3458]]
Plasmodium vivax Malaria:[[3586], [3458], [2532]]
Plasmodium vivax malaria:[[3586], [3458], [2532]]
Malaria by Plasmodium vivax:[[2532], [3043], [7124], [2539], [3586], [3458], [3123], [1565], [50943], [3559]]
BTM - Benign tertian malaria:[[]]
Vivax malaria:[[7124], [3569], [3586], [3458], [1565], [3383], [3565], [959], [7412], [2539], [3240], [285], [6521], [2532], [6288], [284], [6708], [6710], [7919]]
Benign tertian malaria:[[7124], [7157], [7040], [7422], [4843], [3569], [3586], [4318], [5743], [3553], [6521], [348], [7099], [3479], [2532], [3123], [1636], [3576], [1401], [4846], [2950], [2944], [54106], [3162], [4780], [2952], [3105], [3135], [2321], [3606], [5133], [6513], [1906], [154], [355], [1493], [3240], [50943], [3557], [836], [682], [406938], [4312], [185], [11093], [2778], [3953], [6352], [284], [59272], [1116], [4049], [1113], [1536], [4615], [84868], [6279], [6288], [6778], [6376], [407018], [8741], [54210], [80781], [112744], [6362], [1118], [23765], [2936]]
