STM - Subtertian malaria:[[7124], [7099], [7056]]
Malaria Falciparum:[[3043], [7124], [2539], [3383], [3586], [948], [28], [4843], [3458], [2212], [6521], [1378], [7422], [7099], [348], [3553], [3565], [2532], [1401], [4318], [3123], [3106], [5743], [3576], [2950], [54106], [10544], [2993], [2944], [3606], [3135], [4153], [10673], [682], [285], [114609], [154], [355], [57817], [3558], [7450], [50943], [406938], [3240], [2994], [3557], [836], [3627], [493], [4312], [959], [2309], [2778], [2022], [1116], [2995], [356], [284], [6850], [59067], [3002], [1536], [84868], [8741], [1604], [6376], [6778], [27161], [5313], [5196], [3574], [7096], [975], [3251], [710], [6348], [708], [6708], [10859], [728], [653361], [9780], [7178], [3903], [10578], [3902], [3046], [1903], [489], [83416], [284889]]
ST - Subtertian malaria:[[3043], [2994], [7124], [3383], [3569], [3586], [7422], [1401], [3458], [3553], [5243], [3123], [3576], [4318], [1636], [3479], [2993], [3606], [1906], [7450], [4982], [185], [959], [4312], [7412], [7132], [90865], [3559], [6288], [54210], [1118], [728], [2996]]
Malignant tertian malaria:[[7124], [4843], [7157], [3383], [3569], [7040], [7422], [3586], [3553], [4318], [5743], [7099], [3576], [5243], [3458], [2950], [3479], [348], [3162], [3123], [5133], [3565], [1401], [355], [4780], [54106], [7097], [3135], [2321], [4846], [1636], [682], [50943], [2944], [3606], [6513], [2213], [2952], [356], [1493], [3105], [1906], [4312], [1565], [836], [4282], [57817], [10673], [154], [7450], [2309], [959], [3627], [406938], [1490], [2778], [3557], [958], [4982], [19], [3953], [6352], [6868], [90865], [11093], [259197], [3593], [2056], [10544], [59272], [284], [3559], [1116], [2022], [3592], [4049], [6850], [6279], [4615], [84868], [3566], [9332], [6376], [407018], [59067], [3456], [7056], [2057], [8741], [57379], [1113], [246778], [949], [931], [6288], [51561], [80781], [3251], [54210], [5196], [112744], [6362], [708], [823], [7178], [7293], [3562], [9780], [3804], [2936]]
Plasmodium falciparum Malaria:[[1401], [3553], [3606], [3565], [3557], [2309], [948], [2022], [57817], [2539], [3240], [6850], [84868], [6521], [3002], [7096], [653361], [3902], [3046], [1903], [284889]]
Plasmodium falciparum malaria:[[1401], [3553], [3606], [3565], [3557], [2309], [948], [2022], [57817], [2539], [3240], [6850], [84868], [6521], [3002], [7096], [653361], [3902], [3046], [1903], [284889]]
Malaria by Plasmodium falciparum:[[3043], [7124], [2539], [3383], [948], [28], [4843], [3586], [2212], [6521], [3458], [1378], [3553], [2532], [1401], [3565], [5743], [4318], [2950], [2993], [3606], [10544], [4153], [114609], [154], [57817], [3558], [7450], [50943], [3240], [3557], [10673], [682], [4312], [2309], [2778], [2022], [2995], [1116], [6850], [3002], [59067], [84868], [6778], [5196], [8741], [975], [3251], [7096], [6708], [728], [653361], [7178], [10859], [10578], [3903], [3902], [3046], [1903], [83416], [284889]]
Subtertian malaria:[[3043], [7124], [2539], [3383], [28], [4843], [948], [2212], [7157], [3586], [3569], [6521], [1378], [7040], [7099], [7422], [3458], [348], [3553], [2532], [3565], [5243], [1401], [3123], [3106], [4846], [1636], [7097], [5743], [4318], [3576], [3162], [54106], [2950], [2213], [3479], [2993], [2944], [3105], [4780], [1012], [3606], [5133], [3135], [4153], [2952], [114609], [1565], [154], [355], [1493], [57817], [91752], [1906], [3558], [7450], [50943], [4282], [3240], [285], [3557], [836], [3627], [10673], [2994], [493], [406938], [2321], [4312], [1644], [19], [185], [959], [259197], [114548], [682], [4982], [3107], [2309], [2778], [11093], [3593], [255738], [7132], [10544], [3953], [6352], [6513], [958], [2056], [284], [356], [59272], [1490], [7133], [2022], [90865], [1116], [3559], [2214], [7412], [4049], [6850], [6868], [135], [4615], [3592], [2215], [4842], [2995], [59067], [1536], [3659], [1154], [7056], [3456], [84868], [50616], [3566], [6279], [949], [6606], [1113], [9332], [6376], [3002], [6288], [407018], [6778], [27161], [64135], [5313], [246778], [51561], [3574], [57379], [1604], [2057], [8741], [975], [834], [710], [7531], [7096], [26762], [966], [54210], [3572], [6348], [80781], [5196], [3251], [6341], [112744], [3459], [931], [4283], [708], [30061], [3454], [823], [6037], [111365141], [6708], [2217], [1118], [6362], [728], [9582], [653361], [8766], [7178], [10859], [7293], [6948], [3562], [3587], [824], [9780], [2220], [10747], [3804], [10333], [3594], [2869], [7167], [10578], [6710], [1727], [3903], [23765], [3902], [3046], [7919], [3998], [2936], [1903], [6349], [3810], [57292]]
Falciparum malaria [malignant tertian]:[[7124], [3586], [1401], [3123], [3553], [3576], [3458], [3106], [2944], [2950], [355], [3606], [3565], [836], [3043], [3557], [3627], [682], [356], [2309], [959], [10673], [1116], [2539], [948], [2022], [57817], [2212], [3240], [6850], [285], [59067], [84868], [6521], [1536], [6376], [3002], [3574], [6348], [8741], [7096], [653361], [3902], [3046], [1903], [284889]]
Falciparum malaria - malignant:[[7124], [3576], [3586], [2950], [3553], [355], [3123], [1401], [3458], [2944], [682], [356], [3606], [836], [3565], [2309], [3557], [10673], [959], [3627], [1116], [57817], [6850], [2022], [84868], [6376], [59067], [8741]]
Falciparum malaria:[[7124], [3586], [1401], [3123], [3553], [3576], [3458], [3106], [2944], [2950], [355], [3606], [3565], [836], [3043], [3557], [3627], [682], [356], [2309], [959], [10673], [1116], [2539], [948], [2022], [57817], [2212], [3240], [6850], [285], [59067], [84868], [6521], [1536], [6376], [3002], [3574], [6348], [8741], [7096], [653361], [3902], [3046], [1903], [284889]]
Malignant tertian fever:[[3119], [7124], [3123], [3569], [7157], [7422], [3553], [7040], [5743], [5243], [3576], [6774], [4790], [6261], [90865], [3586], [7099], [7421], [3479], [7852], [3559], [4088], [4524], [1401], [3146], [2950], [1636], [3458], [355], [5054], [4780], [857], [3688], [85480], [5970], [5594], [9370], [3791], [581], [3717], [5744], [2321], [7097], [50943], [1432], [2944], [356], [1493], [8600], [836], [406947], [3565], [2952], [3952], [3383], [4843], [3606], [3690], [6347], [51738], [3105], [4282], [5595], [6772], [3757], [7098], [1906], [54106], [3552], [331], [406938], [4982], [3557], [6352], [1576], [2335], [3685], [3953], [23405], [3627], [1268], [100507436], [983], [2033], [8792], [959], [6280], [3620], [2152], [6288], [811], [3297], [9021], [6323], [7057], [4049], [3596], [23586], [57817], [8878], [3570], [5027], [5155], [10451], [4615], [3456], [100], [1910], [7037], [2876], [5340], [9817], [7415], [3579], [9332], [1594], [59067], [8651], [5045], [6493], [7056], [284], [406935], [5320], [406942], [54210], [6777], [6890], [1003], [9636], [9536], [340061], [7448], [10257], [10371], [26986], [1441], [171023], [574447], [2495], [6737], [1215], [3959], [22861], [1452], [1376], [22900], [146433], [57465], [2259], [192343]]
Pernicious malaria:[[7157], [3162]]
MTM - Malignant tertian malaria:[[]]
MT - Malignant tertian malaria:[[7157], [7040], [4318], [5243], [2950], [4780], [3565], [4846], [284], [2022]]
Plasmodium falciparum malaria unspecified:[[6850], [1903]]
