Malnutrition (E40-E46):[[]]
Nutritional Deficiencies:[[7157], [4524], [3952], [207], [50943], [3593]]
Malnourishments:[[]]
Undernutrition syndrome:[[348], [1636], [9370], [3952], [627], [3479], [51738], [3630], [2688], [4915], [4852]]
Malnutrition:[[7124], [3569], [3586], [1401], [3553], [3479], [1080], [4879], [3952], [2475], [3146], [5444], [23411], [51738], [3383], [7450], [3043], [3934], [338], [213], [4982], [56729], [8074], [3953], [10135], [2309], [100507436], [9518], [285], [197], [6403], [3485], [7066], [8694], [55065]]
Undernutrition:[[348], [1636], [9370], [3952], [627], [3479], [51738], [3630], [2688], [4852], [4915], [347148]]
Malnourished:[[3569], [3576], [3557], [7276], [1471], [847], [84676]]
Undernourished:[[3952]]
Nutritional Deficiency:[[4524], [3479], [3952], [5054], [7157], [3075], [7124], [3953], [3569], [3586], [9370], [7040], [1956], [1401], [2944], [3091], [23411], [5443], [3553], [627], [207], [1080], [89], [590], [51738], [3845], [2475], [4780], [6532], [5444], [2952], [1719], [57817], [6531], [8074], [50943], [2950], [3593], [2638], [8743], [3383], [7037], [79068], [6648], [1471], [196], [2690], [929], [2309], [3309], [5950], [9518], [6462], [3375], [26291], [7474], [7351], [80339], [6288], [50964], [3592], [3158], [51129], [387715], [51548], [5445], [27329], [9415], [23175], [5236], [6425], [113278]]
Underfed:[[]]
Malnourishment:[[]]
Malnutrition NOS:[[3479], [23411], [56729]]
