Pain Breast:[[2099], [2263], [3479], [999], [4914], [7124], [3586], [3569], [5290], [5243], [1401], [627], [7422], [3553], [1312], [8493], [7852], [6347], [348], [7040], [3576], [4318], [7099], [1636], [5743], [6387], [2475], [4790], [6532], [1565], [5594], [9370], [351], [4988], [3625], [3952], [4846], [1906], [5468], [3458], [4137], [154], [866], [3146], [29126], [5037], [5979], [3717], [3605], [5595], [1432], [3162], [23411], [3123], [50943], [6280], [3606], [3815], [2908], [3356], [6696], [51738], [1576], [4282], [5027], [857], [3106], [5133], [6648], [4879], [3958], [4312], [4982], [3934], [3725], [796], [1588], [6647], [3082], [7490], [4314], [3552], [56729], [1813], [406947], [2335], [5599], [4803], [5578], [2321], [7097], [2697], [3119], [8600], [2260], [6331], [5592], [650], [7132], [2149], [7442], [1116], [406937], [6469], [2150], [4204], [1910], [3620], [7057], [90865], [6279], [6869], [2643], [10855], [6863], [114548], [6531], [2896], [4311], [4049], [1191], [729230], [3558], [6678], [6548], [1471], [9365], [3557], [4128], [10599], [301], [4353], [5806], [7133], [7345], [2534], [2852], [959], [4322], [8792], [3673], [3593], [8856], [7494], [6285], [7329], [94025], [2353], [9518], [3655], [1020], [1815], [842], [2911], [3570], [406907], [51094], [2784], [133], [1269], [5069], [4804], [406932], [59341], [406989], [409], [5020], [706], [407008], [9332], [7137], [358], [5649], [3579], [4160], [3303], [6348], [55107], [10563], [8862], [252995], [3716], [1437], [972], [6376], [135], [1082], [2244], [5228], [10919], [1814], [150], [7364], [4985], [2243], [2833], [2081], [1991], [5742], [3554]]
Mastalgias:[[]]
Mastodynias:[[]]
Mastalgia:[[3553], [3552]]
Painful breasts:[[]]
Mammalgias:[[]]
Pain in the breast:[[2099], [2263], [3479], [999], [4914], [7124], [3586], [3569], [5290], [5243], [1401], [627], [7422], [3553], [1312], [8493], [7852], [6347], [348], [7040], [3576], [4318], [7099], [1636], [5743], [6387], [2475], [4790], [6532], [1565], [5594], [9370], [351], [4988], [3625], [3952], [4846], [1906], [5468], [3458], [4137], [154], [866], [3146], [29126], [5037], [5979], [3717], [3605], [5595], [1432], [3162], [23411], [3123], [50943], [6280], [3606], [3815], [2908], [3356], [6696], [51738], [1576], [4282], [5027], [857], [3106], [5133], [6648], [4879], [3958], [4312], [4982], [3934], [3725], [796], [1588], [6647], [3082], [7490], [4314], [3552], [56729], [1813], [406947], [2335], [5599], [4803], [5578], [2321], [7097], [2697], [3119], [8600], [2260], [6331], [5592], [650], [7132], [2149], [7442], [1116], [406937], [6469], [2150], [4204], [1910], [3620], [7057], [90865], [6279], [6869], [2643], [10855], [6863], [114548], [6531], [2896], [4311], [4049], [1191], [729230], [3558], [6678], [6548], [1471], [9365], [3557], [4128], [10599], [301], [4353], [5806], [7133], [7345], [2534], [2852], [959], [4322], [8792], [3673], [3593], [8856], [7494], [6285], [7329], [94025], [2353], [9518], [3655], [1020], [1815], [842], [2911], [3570], [406907], [51094], [2784], [133], [1269], [5069], [4804], [406932], [59341], [406989], [409], [5020], [706], [407008], [9332], [7137], [358], [5649], [3579], [4160], [3303], [6348], [55107], [10563], [8862], [252995], [3716], [1437], [972], [6376], [135], [1082], [2244], [5228], [10919], [1814], [150], [7364], [4985], [2243], [2833], [2081], [1991], [5742], [3554]]
Breast pain:[[2099], [2263], [3479], [999], [4914], [7124], [3586], [3569], [5290], [5243], [1401], [627], [7422], [3553], [1312], [8493], [7852], [6347], [348], [7040], [3576], [4318], [7099], [1636], [5743], [6387], [2475], [4790], [6532], [1565], [5594], [9370], [351], [4988], [3625], [3952], [4846], [1906], [5468], [3458], [4137], [154], [866], [3146], [29126], [5037], [5979], [3717], [3605], [5595], [1432], [3162], [23411], [3123], [50943], [6280], [3606], [3815], [2908], [3356], [6696], [51738], [1576], [4282], [5027], [857], [3106], [5133], [6648], [4879], [3958], [4312], [4982], [3934], [3725], [796], [1588], [6647], [3082], [7490], [4314], [3552], [56729], [1813], [406947], [2335], [5599], [4803], [5578], [2321], [7097], [2697], [3119], [8600], [2260], [6331], [5592], [650], [7132], [2149], [7442], [1116], [406937], [6469], [2150], [4204], [1910], [3620], [7057], [90865], [6279], [6869], [2643], [10855], [6863], [114548], [6531], [2896], [4311], [4049], [1191], [729230], [3558], [6678], [6548], [1471], [9365], [3557], [4128], [10599], [301], [4353], [5806], [7133], [7345], [2534], [2852], [959], [4322], [8792], [3673], [3593], [8856], [7494], [6285], [7329], [94025], [2353], [9518], [3655], [1020], [1815], [842], [2911], [3570], [406907], [51094], [2784], [133], [1269], [5069], [4804], [406932], [59341], [406989], [409], [5020], [706], [407008], [9332], [7137], [358], [5649], [3579], [4160], [3303], [6348], [55107], [10563], [8862], [252995], [3716], [1437], [972], [6376], [135], [1082], [2244], [5228], [10919], [1814], [150], [7364], [4985], [2243], [2833], [2081], [1991], [5742], [3554]]
Mastodynia:[[]]
Mammalgia:[[]]
Pains Breast:[[3688], [928]]
Pain of breast:[[2099], [2263], [3479], [999], [4914], [7124], [3586], [3569], [5290], [5243], [1401], [627], [7422], [3553], [1312], [8493], [7852], [6347], [348], [7040], [3576], [4318], [7099], [1636], [5743], [6387], [2475], [4790], [6532], [1565], [5594], [9370], [351], [4988], [3625], [3952], [4846], [1906], [5468], [3458], [4137], [154], [866], [3146], [29126], [5037], [5979], [3717], [3605], [5595], [1432], [3162], [23411], [3123], [50943], [6280], [3606], [3815], [2908], [3356], [6696], [51738], [1576], [4282], [5027], [857], [3106], [5133], [6648], [4879], [3958], [4312], [4982], [3934], [3725], [796], [1588], [6647], [3082], [7490], [4314], [3552], [56729], [1813], [406947], [2335], [5599], [4803], [5578], [2321], [7097], [2697], [3119], [8600], [2260], [6331], [5592], [650], [7132], [2149], [7442], [1116], [406937], [6469], [2150], [4204], [1910], [3620], [7057], [90865], [6279], [6869], [2643], [10855], [6863], [114548], [6531], [2896], [4311], [4049], [1191], [729230], [3558], [6678], [6548], [1471], [9365], [3557], [4128], [10599], [301], [4353], [5806], [7133], [7345], [2534], [2852], [959], [4322], [8792], [3673], [3593], [8856], [7494], [6285], [7329], [94025], [2353], [9518], [3655], [1020], [1815], [842], [2911], [3570], [406907], [51094], [2784], [133], [1269], [5069], [4804], [406932], [59341], [406989], [409], [5020], [706], [407008], [9332], [7137], [358], [5649], [3579], [4160], [3303], [6348], [55107], [10563], [8862], [252995], [3716], [1437], [972], [6376], [135], [1082], [2244], [5228], [10919], [1814], [150], [7364], [4985], [2243], [2833], [2081], [1991], [5742], [3554]]
Breast painful:[[999], [27324], [26121], [1277], [1956], [7422], [3569], [627], [5743], [1312], [406991], [6532], [1490], [4988], [3043], [5027], [6869], [7442], [5176], [2739], [2243], [2643], [59], [2902], [1311], [623], [30834]]
