Median Nerve Neuropathies:[[]]
Median neuropathy:[[]]
Median Mononeuropathies:[[7157], [1956], [7422], [3569], [1401], [3586], [7040], [7124], [6469], [9370], [672], [2064], [367], [673], [3717], [1029], [2099], [1636], [3479], [6774], [7099], [4233], [3845], [1312], [3576], [675], [6622], [4137], [999], [4879], [596], [3952], [7852], [5594], [3458], [595], [3606], [3605], [5290], [7097], [2067], [2950], [1493], [1813], [6387], [3135], [2153], [2321], [7515], [3383], [6696], [355], [2100], [5133], [6285], [4288], [5595], [7450], [5979], [3791], [1576], [4582], [4255], [238], [4153], [9429], [5879], [3958], [3043], [8743], [185], [8600], [6280], [3417], [114548], [4982], [1471], [2322], [2332], [2157], [7298], [354], [3953], [7276], [282617], [5228], [5265], [5241], [7057], [213], [25], [3265], [4436], [3308], [4314], [56729], [2263], [3627], [983], [867], [6657], [796], [682], [10135], [7076], [26191], [5806], [2778], [811], [2022], [1017], [959], [2212], [7139], [252995], [2305], [285], [9518], [4018], [2214], [57817], [6323], [11186], [3593], [7412], [7052], [5069], [10673], [2312], [2539], [302], [22943], [5315], [2688], [6403], [9365], [4316], [1280], [4615], [2638], [5950], [7128], [79001], [11315], [10018], [3014], [174], [6401], [80339], [10631], [7077], [7037], [4363], [7137], [3329], [768], [2149], [10406], [5741], [5310], [1045], [55294], [6279], [7508], [7345], [7534], [2645], [6720], [4852], [1548], [8837], [1536], [3592], [2057], [2670], [8795], [2159], [8314], [3579], [121278], [10320], [85480], [943], [8038], [249], [3484], [182], [1673], [350], [3574], [3880], [284], [5311], [2833], [25937], [3875], [1082], [2719], [7158], [79628]]
Median Nerve Diseases:[[]]
Median nerve palsy:[[]]
Nerve Disease Median:[[5979], [4137], [3586], [6622], [1029], [6774], [7422], [6387], [3569], [1956], [1401], [7040], [3383], [7157], [4359], [7124], [3953], [9370], [2099], [367], [1813], [3458], [5594], [114548], [79628], [673], [6469], [2064], [7345], [7099], [3845], [3576], [999], [595], [3952], [7852], [596], [5290], [3606], [796], [5133], [2263], [6285], [7276], [4153], [8743], [185], [3627], [3417], [6280], [7076], [6657], [867], [11186], [7412], [4852], [9365], [4316], [23095], [6401], [2305], [6279], [2149], [10018], [3060], [8314], [4317], [10381], [2202], [794], [5457], [7083]]
Median Neuropathies:[[]]
Neuropathy Median Nerve:[[79628]]
Mononeuropathy Median:[[79628]]
Neuropathy Median:[[4359], [7157], [1956], [7124], [7422], [6387], [1636], [3569], [1401], [3586], [7040], [6469], [9370], [7099], [1312], [7276], [4137], [6622], [3458], [6285], [2950], [3383], [355], [1576], [8600], [213], [4255], [9429], [185], [7298], [3627], [3308], [6657], [26191], [6323], [4615], [7345], [4852], [3329], [79628], [182], [5052], [10381], [1639], [23095], [145957]]
