Ménière's disease:[[4524], [3123], [4282], [3107], [4843], [3552], [6352], [100507436], [2214], [551], [4842], [361], [358], [5579], [359], [3753], [2213], [360], [362], [5710], [6505], [81793], [10008], [9804], [57153], [59277], [1805], [223117], [84908], [363]]
Ménière's syndrome:[[118]]
Otogenic vertigo:[[100313948], [23411], [154], [5241], [153], [619536], [4852], [842], [773], [4317], [406910], [406911], [148], [1690], [406912], [574034], [785], [161497], [55800]]
Ménière's Disease:[[4524], [3123], [4282], [3107], [4843], [3552], [6352], [100507436], [2214], [551], [4842], [361], [358], [5579], [359], [3753], [2213], [360], [362], [5710], [6505], [81793], [10008], [9804], [57153], [59277], [1805], [223117], [84908], [363]]
Syndrome Meniere's:[[3753], [3123], [3107], [4524], [554], [4282], [4843], [3552], [551], [6352], [361], [100507436], [4842], [2214], [358], [5579], [10008], [359], [362], [360], [118], [5710]]
Menieres Syndrome:[[]]
Meniere Syndrome:[[]]
Meniere disease:[[842], [3753], [10008]]
MENIERE DISEASE:[[842], [3753], [10008]]
Meniere Disease:[[842], [3753], [10008]]
Ménière's syndrome or vertigo:[[100313948], [23411], [154], [5241], [153], [619536], [4852], [842], [773], [4317], [406910], [118], [406911], [148], [1690], [406912], [574034], [785], [161497], [55800]]
Menieres disease:[[]]
Menieres Disease:[[]]
Ménière's vertigo:[[]]
Meniere syndrome:[[]]
Ménière's disease unspecified ear:[[]]
Ménière's Diseases:[[3123], [4524], [4282], [3552], [2214], [3107], [6352], [100507436], [4843], [4842], [361], [551], [358], [5579], [2213], [359], [3753], [360], [554], [362], [6505], [81793]]
Ménière Diseases:[[3753]]
Meniere's disease:[[4524], [3123], [4282], [3107], [4843], [3552], [6352], [100507436], [2214], [551], [4842], [361], [358], [5579], [359], [3753], [2213], [360], [362], [5710], [6505], [81793], [10008], [9804], [57153], [59277], [1805], [223117], [84908], [363]]
Auditory vertigo:[[1690], [161497]]
Ménière Disease:[[842], [3753], [10008]]
Ménières Disease:[[]]
Meniere's Disease:[[4524], [3123], [4282], [3107], [4843], [3552], [6352], [100507436], [2214], [551], [4842], [361], [358], [5579], [359], [3753], [2213], [360], [362], [5710], [6505], [81793], [10008], [9804], [57153], [59277], [1805], [223117], [84908], [363]]
Meniere disorder:[[]]
Ménière's disease unspecified:[[5579]]
