Disorder of menstruation:[[7422], [2099], [3952], [64127], [3953], [3552], [268], [2328], [239], [2254]]
Menstruation Disturbances:[[]]
Period disorder:[[8863], [8864], [6532], [5187], [1312], [3569], [7157], [348], [7124], [3845], [7422], [6095], [9370], [3310], [4318], [3690], [4524], [3952], [5243], [627], [2099], [54106], [1401], [3479], [3586], [7099], [338], [6934], [2289], [1956], [3553], [5328], [51738], [6622], [5728], [4023], [3486], [207], [351], [1080], [3717], [3674], [4846], [26291], [2908], [367], [4790], [1813], [2932], [7494], [3458], [2475], [3592], [5743], [6347], [3605], [4313], [6531], [7015], [3091], [6774], [1557], [4233], [4691], [4988], [3576], [672], [596], [3484], [7097], [4128], [120892], [5444], [675], [3106], [2950], [168741], [6285], [3084], [1385], [23411], [8074], [1407], [359], [3383], [6331], [3481], [3606], [64127], [5054], [3135], [2147], [3630], [1576], [1588], [4153], [1814], [335], [183], [3557], [6696], [3949], [929], [4312], [1906], [324], [3934], [7276], [361], [57817], [2263], [650], [5649], [9575], [59272], [4353], [4314], [56729], [3953], [2155], [3039], [3627], [2335], [5241], [8600], [6657], [3784], [268], [84433], [811], [2784], [4210], [3358], [4854], [2200], [1490], [5020], [4297], [7412], [1116], [4915], [6401], [2688], [3767], [9518], [540], [4684], [3172], [4157], [6403], [7133], [1280], [1536], [7128], [2670], [551], [5624], [4035], [23621], [2897], [7137], [4976], [2243], [4306], [2717], [590], [3574], [6833], [2719], [3359], [6506], [79923], [2643], [7466], [406], [5590], [7874], [3554], [2026], [3060], [710], [1392], [1454], [931], [2555], [7827], [2550], [3785], [2693], [476], [2911], [2592], [5697], [5009], [1408], [3704], [2572], [9572], [6910], [10165]]
Menstrual problem:[[3091], [627], [1312], [2289], [7038], [2166]]
Problem of menstruation:[[]]
Abnormal menstruation:[[7422], [2099], [3952], [5468], [64127], [3953], [3552], [2308], [2150], [94025], [2328]]
Menstruation Disorder:[[]]
Menstrual disorder:[[1312], [121278], [23345], [133], [7124], [3845], [2099], [3569], [7422], [3952], [3350], [5243], [1401], [627], [2289], [3553], [7040], [7421], [9370], [54106], [4318], [207], [3479], [7099], [367], [6347], [4313], [10631], [51738], [5743], [3091], [596], [4988], [6387], [1588], [3146], [7852], [7097], [268], [355], [5054], [3135], [1268], [5241], [3557], [50943], [1786], [3481], [3630], [4282], [4312], [7428], [846], [9575], [4353], [3953], [28514], [2263], [6352], [4852], [356], [4316], [50964], [1788], [2155], [7412], [22943], [4684], [2166], [875], [6868], [1051], [103], [5176], [7078], [5294], [1269], [1524], [3038], [7043], [3554], [8863], [1654], [406995], [885], [55503], [375775], [192343]]
Period problem:[[348], [6532], [627], [1312], [3091], [1813], [4128], [4854], [2289], [2555]]
Menstruation Disorders:[[]]
Menstruation Disturbance:[[]]
