Thesaurismoses:[[]]
Metabolic disorder unspecified:[[348], [7157], [7422], [2902], [207], [2099], [5467], [1956], [351], [7124], [3667], [367], [2908], [7040], [3091], [7421], [4790], [5159], [672], [5321], [596], [960], [6774], [2932], [1813], [1742], [4609], [5578], [5594], [3350], [4803], [673], [5580], [472], [1499], [1387], [5925], [5430], [5743], [3064], [1268], [4233], [2147], [5921], [5515], [5581], [2033], [51741], [836], [114548], [5320], [2332], [7132], [5595], [1814], [8850], [7015], [5781], [142], [387], [5335], [4208], [1385], [5894], [5315], [7428], [2335], [598], [7046], [3558], [5621], [1027], [8743], [4170], [3320], [5241], [3315], [1739], [3638], [1950], [468], [7249], [81876], [7133], [1051], [5598], [4155], [5294], [7248], [409], [4287], [5469], [1158], [8575], [203]]
Generalized metabolic disorder:[[348], [1565], [1636], [1576], [1401], [2908], [3952], [7422], [7124], [1312], [960], [284119], [5321], [6532], [3091], [3569], [4204], [2903], [6513], [351], [7040], [1956], [2099], [857], [2944], [627], [5290], [3586], [7421], [3553], [3458], [5444], [7054], [7099], [1813], [183], [4318], [5159], [1191], [2952], [6347], [846], [4128], [7097], [4313], [3605], [4157], [4000], [3576], [6531], [3557], [5205], [7494], [472], [5743], [3123], [3350], [5663], [177], [3106], [56729], [7015], [847], [6311], [64135], [4852], [3565], [50943], [1803], [27086], [406947], [6285], [5925], [3028], [203228], [6480], [3552], [4153], [10555], [7412], [5715], [5156], [387], [4041], [4353], [6352], [5020], [7077], [50616], [4317], [3574], [12], [2643], [10559], [4143], [1832], [2512], [23327], [5696], [2303], [2055], [7148], [80704], [18], [23316]]
Metabolic Diseases:[[7157], [7124], [3569], [7040], [3091], [9370], [1401], [3553], [5468], [3952], [2475], [23411], [2908], [6696], [2932], [3958], [114548], [4982], [19], [56729], [3643], [10891], [1869], [3953], [255738], [7291], [10135], [2778], [1803], [2308], [5465], [540], [5562], [7249], [26291], [6720], [632], [8862], [208], [727], [2081], [4864], [538], [10628], [3992], [7030], [2101], [9415], [6580], [1374], [9961], [2931], [57761], [6310], [407042], [6514], [407041], [7706], [8204], [151306], [64170], [1879], [8694], [117581], [158], [7263], [338442], [51703], [373156], [8076], [7325], [1149], [6645], [619373], [4237], [51660], [79071], [25874], [10022], [284114]]
Thesaurismosis:[[]]
Generalised metabolic disorder:[[7428], [80025], [8600], [43], [3398], [8575]]
Metabolic disease:[[9370], [2099], [4846], [2475], [3952], [3162], [5970], [183], [4282], [5071], [10891], [948], [133], [80339], [65018], [2167], [5770], [5467], [407006], [3290], [406952], [27035], [406948], [368], [8644], [55908], [9641], [57761], [4856], [406949], [6715], [10221], [55829], [25970], [114902], [79689], [55486], [4097], [6447], [5316], [23624], [60386], [549], [147495], [50835]]
Metabolic Disease:[[9370], [2099], [4846], [2475], [3952], [3162], [5970], [183], [4282], [5071], [10891], [948], [133], [80339], [65018], [2167], [5770], [5467], [407006], [3290], [406952], [27035], [406948], [368], [8644], [55908], [9641], [57761], [4856], [406949], [6715], [10221], [55829], [25970], [114902], [79689], [55486], [4097], [6447], [5316], [23624], [60386], [549], [147495], [50835]]
MD - Metabolic disorders:[[1576], [2645], [3479], [7124], [7157], [3091], [1956], [7099], [351], [1557], [627], [2099], [3586], [4790], [3458], [1813], [6622], [6532], [1312], [354], [7097], [7276], [3717], [1432], [4128], [3815], [538], [4282], [6531], [1080], [3146], [5743], [5243], [1268], [3350], [929], [2332], [2100], [4233], [121278], [6714], [5599], [4312], [5621], [5925], [5806], [135], [4153], [2033], [6772], [3358], [567], [4615], [6097], [3297], [2324], [2494], [8910]]
Unspecified disorder of metabolism:[[7157], [2099], [348], [1956], [7124], [207], [351], [7422], [7421], [7040], [867], [673], [2904], [9568], [5058], [3091], [367], [5578], [5743], [2908], [472], [4790], [672], [6774], [4609], [2932], [1499], [1813], [5580], [5581], [51741], [596], [3064], [5594], [5925], [5321], [836], [7015], [2033], [2260], [3350], [142], [2332], [1387], [8850], [3084], [114548], [1385], [1268], [7132], [5595], [7852], [7428], [5315], [960], [355], [64127], [7046], [1814], [6387], [3558], [5467], [4208], [1027], [3065], [8743], [4170], [5241], [2335], [3351], [3667], [5590], [7249], [5335], [5781], [1950], [811], [7128], [2316], [613], [3315], [2534], [3638], [5320], [7068], [6868], [2002], [4804], [3659], [1051], [5604], [5294], [8772], [7471], [59341], [6908], [5598], [6804], [156], [4287], [382], [468], [2280], [5927], [203]]
Metabolic disorder:[[348], [4023], [338], [1565], [1636], [3949], [335], [1576], [79068], [1401], [9370], [3952], [3992], [8647], [3953], [2645], [7422], [2272], [6934], [9415], [3479], [4524], [2902], [7157], [255738], [5467], [3356], [7124], [3667], [80339], [2524], [6095], [2590], [4544], [5071], [8644], [1544], [367], [207], [2908], [10891], [1312], [121278], [1557], [3845], [6532], [3569], [4204], [217], [351], [3091], [2903], [7040], [1956], [133], [1815], [2099], [54576], [54600], [2944], [51085], [3815], [2678], [1012], [7421], [26354], [6647], [627], [3553], [2950], [55193], [3630], [7840], [3586], [3486], [5465], [3690], [1588], [4790], [3458], [7450], [960], [5321], [2475], [5444], [51738], [2539], [2784], [196], [596], [2932], [6482], [672], [4846], [5728], [7054], [7099], [6622], [183], [1813], [5236], [5159], [590], [5243], [3484], [3931], [1191], [4609], [4137], [1742], [26291], [2289], [2072], [4318], [23411], [2952], [7276], [3172], [6347], [26227], [4552], [8074], [4780], [6770], [2629], [3570], [5578], [2638], [6774], [120892], [4128], [7097], [6472], [3717], [54106], [5789], [4803], [673], [948], [154], [4313], [406991], [857], [1373], [5290], [5054], [1080], [2668], [6531], [239], [3077], [5580], [3481], [1000], [3606], [3576], [27161], [3098], [5594], [706], [215], [1374], [7494], [4160], [1268], [65018], [6513], [472], [4000], [2147], [5430], [5515], [54575], [249], [5743], [3162], [1499], [54898], [2069], [4282], [35], [3350], [51741], [3123], [7534], [5663], [3605], [5320], [177], [4843], [3557], [2153], [2332], [4233], [5921], [4691], [2876], [6648], [3146], [155]]
