Breakthrough Bleeding:[[]]
Intermenstrual bleeding:[[3690], [7422], [7044], [3674], [7124], [3569], [64805], [7040], [5243], [2153], [4318], [1557], [7450], [1401], [5054], [1636], [1559], [2099], [3553], [2147], [6774], [4790], [4313], [5728], [5743], [4846], [51206], [5321], [85504], [3952], [2155], [6915], [6863], [3717], [116814567], [116814566], [4544], [87], [5444], [79001], [2157], [7097], [2950], [1066], [2313], [6387], [5925], [3162], [2706], [2048], [6714], [3552], [836], [338], [1576], [861], [5781], [4982], [11093], [3039], [5265], [213], [9518], [2162], [2159], [2778], [1803], [2243], [796], [2244], [5328], [2022], [7056], [6285], [2212], [2149], [8328], [3685], [3172], [3240], [1544], [285], [1361], [6261], [133], [5742], [2158], [947], [5624], [2811], [174], [6401], [5327], [6403], [7077], [6382], [2160], [551], [2161], [3673], [10235], [7035], [655], [9332], [3814], [3290], [284], [2626], [2623], [578], [5196], [7010], [8529], [4317], [10544], [2621], [2030], [5568], [54583], [6722], [2627], [953], [10020], [8858], [2277], [259], [5048], [10468], [101180976], [445], [342618], [6750], [2677], [5345], [9002], [2812], [2165], [83706], [54510], [2815], [56547], [10125], [2533], [2582], [22852], [4589], [375033], [120103], [196527], [90411], [22915], [2814], [79803], [134957], [388552], [574474], [574479], [652070], [106146144], [106146143]]
Mid-cycle bleeding:[[]]
Dysfunctional Uterine Bleedings:[[]]
Intermenstrual Bleeding:[[3690], [7422], [7044], [3674], [7124], [3569], [64805], [7040], [5243], [2153], [4318], [1557], [7450], [1401], [5054], [1636], [1559], [2099], [3553], [2147], [6774], [4790], [4313], [5728], [5743], [4846], [51206], [5321], [85504], [3952], [2155], [6915], [6863], [3717], [116814567], [116814566], [4544], [87], [5444], [79001], [2157], [7097], [2950], [1066], [2313], [6387], [5925], [3162], [2706], [2048], [6714], [3552], [836], [338], [1576], [861], [5781], [4982], [11093], [3039], [5265], [213], [9518], [2162], [2159], [2778], [1803], [2243], [796], [2244], [5328], [2022], [7056], [6285], [2212], [2149], [8328], [3685], [3172], [3240], [1544], [285], [1361], [6261], [133], [5742], [2158], [947], [5624], [2811], [174], [6401], [5327], [6403], [7077], [6382], [2160], [551], [2161], [3673], [10235], [7035], [655], [9332], [3814], [3290], [284], [2626], [2623], [578], [5196], [7010], [8529], [4317], [10544], [2621], [2030], [5568], [54583], [6722], [2627], [953], [10020], [8858], [2277], [259], [5048], [10468], [101180976], [445], [342618], [6750], [2677], [5345], [9002], [2812], [2165], [83706], [54510], [2815], [56547], [10125], [2533], [2582], [22852], [4589], [375033], [120103], [196527], [90411], [22915], [2814], [79803], [134957], [388552], [574474], [574479], [652070], [106146144], [106146143]]
Spotting between periods:[[]]
Intermenstrual bleeding - irregular:[[2099], [5743], [133], [174], [56547]]
Bleeding Between Periods:[[3569], [7040], [2153], [4318], [1557], [3553], [2147], [4313], [3162], [796], [6401], [3814], [54583]]
Bleeding between periods:[[3569], [7040], [2153], [4318], [1557], [3553], [2147], [4313], [3162], [796], [6401], [3814], [54583]]
IMB - Intermenstrual bleeding:[[]]
Irregular intermenstrual bleeding:[[2099], [5743], [133], [174], [56547]]
Uterine Bleeding Dysfunctional:[[7422], [2099], [4318], [4846], [4313], [10468]]
Spotting:[[]]
Bleeding unrelated to menstrual cycle:[[7422], [4318], [5243], [3569], [2099], [3952], [1401], [5054], [6387], [2155], [7097], [10468]]
Metrorrhagia:[[]]
