Micrognathisms Mandibular:[[7422], [673], [7421], [3479], [4193], [4879], [23411], [4851], [4233], [4000], [5424], [2690], [4982], [6628], [4314], [2263], [650], [249], [5167], [7043], [23327], [1896], [406], [145258], [2035], [5015], [80326], [4053], [5116], [56999], [23522], [3381], [4146], [8437], [57584], [83999], [92949], [283446], [144453], [119180]]
Congenital small mandible:[[673], [182], [2261], [2532], [7148]]
Mandibular micrognathism:[[7422], [673], [7421], [3479], [4193], [4879], [23411], [4851], [4233], [4000], [5424], [2690], [4982], [6628], [4314], [2263], [650], [249], [5167], [7043], [23327], [1896], [406], [145258], [2035], [5015], [80326], [4053], [5116], [56999], [23522], [3381], [4146], [8437], [57584], [83999], [92949], [283446], [144453], [119180]]
Mandibular hypoplasia:[[5424], [3479], [145258], [5015], [5116]]
Micrognathia Congenital:[[1301], [7467]]
Congenital mandibular hypoplasia:[[3479], [5015], [5116]]
Mandible small:[[673], [4854], [2261], [182], [3371], [4041], [1281], [2532], [4855], [28514], [7148], [9775], [83716], [26127]]
Congenital micrognathia:[[1301], [7467]]
Hypoplastic mandible:[[]]
Micrognathisms:[[]]
Major anomalies of jaw size mandibular hypoplasia:[[]]
Small mandible:[[673], [4854], [2261], [182], [3371], [4041], [1281], [2532], [4855], [28514], [7148], [9775], [83716], [26127]]
Mandibular micrognathia:[[]]
Micrognathia Mandibular:[[]]
Micrognathism:[[]]
Micrognathism Congenital:[[2218], [1589], [4868], [2324], [26580], [146059], [5290], [857], [284119], [167691], [1080], [2266], [1145], [79147], [1134], [2244], [10381], [2243], [5631], [91869], [7422], [4810], [1144], [4000], [1545], [4524], [5054], [1180], [3000], [2147], [5979], [7253], [7040], [4893], [9215], [7124], [6261], [7157], [2697], [29954], [4072], [1991], [64802], [1956], [25], [3265], [4933], [1636], [58], [2673], [2626], [26154], [3569], [4352], [7849], [6335], [3845], [4879], [1634], [1482], [8087], [2065], [5236], [190], [23581], [3091], [367], [673], [4625], [2784], [8929], [6010], [2627], [2099], [1441], [55906], [2706], [4803], [60482], [3342], [7010], [59341], [3479], [3341], [6329], [7051], [6576], [2064], [55624], [182], [1401], [4846], [207], [6121], [4790], [351], [3553], [7099], [9370], [5243], [3106], [399565], [627], [4359], [7421], [3952], [7170], [59344], [5743], [2944], [1499], [55858], [3938], [150082], [7454], [4137], [999], [1650], [23418], [2668], [596], [1294], [5468], [3908], [10585], [2950], [4851], [4609], [57190], [23746], [11093], [7485], [100861439], [619409], [619404], [550625], [404715], [317685], [266979], [81866], [54719], [54115], [53368], [7792], [5765], [4934], [981], [878], [1906], [6616], [3675], [5373], [2779], [80184], [3757], [3458], [5587], [1293], [1785], [2153], [778], [4487], [2290], [3921], [4604], [3717], [1406], [101202687], [101202686], [101154642], [101055624], [100682325], [100302720], [100188765], [780915], [780899], [8130], [8104], [8094], [907], [4313], [332], [4053], [1140], [2512], [9469], [7097], [1811], [406987], [10653], [84061], [7067], [1026], [7450], [2952], [406991], [10661], [6331], [1291], [5080]]
Micrognathism Mandibular:[[7422], [673], [7421], [3479], [4193], [4879], [23411], [4851], [4233], [4000], [5424], [2690], [4982], [6628], [4314], [2263], [650], [249], [5167], [7043], [23327], [1896], [406], [145258], [2035], [5015], [80326], [4053], [5116], [56999], [23522], [3381], [4146], [8437], [57584], [83999], [92949], [283446], [144453], [119180]]
Micrognathia:[[3476], [372], [1301], [57192], [1302], [10269], [832], [7467]]
Micrognathisms Congenital:[[2218], [1589], [4868], [2324], [26580], [146059], [5290], [857], [284119], [167691], [1080], [2266], [1145], [79147], [1134], [2244], [10381], [2243], [5631], [91869], [7422], [4810], [1144], [4000], [1545], [4524], [5054], [1180], [3000], [2147], [5979], [7253], [7040], [4893], [9215], [7124], [6261], [7157], [2697], [29954], [4072], [1991], [64802], [1956], [25], [3265], [4933], [1636], [58], [2673], [2626], [26154], [3569], [4352], [7849], [6335], [3845], [4879], [1634], [1482], [8087], [2065], [5236], [190], [23581], [3091], [367], [673], [4625], [2784], [8929], [6010], [2627], [2099], [1441], [55906], [2706], [4803], [60482], [3342], [7010], [59341], [3479], [3341], [6329], [7051], [6576], [2064], [55624], [182], [1401], [4846], [207], [6121], [4790], [351], [3553], [7099], [9370], [5243], [3106], [399565], [627], [4359], [7421], [3952], [7170], [59344], [5743], [2944], [1499], [55858], [3938], [150082], [7454], [4137], [999], [1650], [23418], [2668], [596], [1294], [5468], [3908], [10585], [2950], [4851], [4609], [57190], [23746], [11093], [7485], [100861439], [619409], [619404], [550625], [404715], [317685], [266979], [81866], [54719], [54115], [53368], [7792], [5765], [4934], [981], [878], [1906], [6616], [3675], [5373], [2779], [80184], [3757], [3458], [5587], [1293], [1785], [2153], [778], [4487], [2290], [3921], [4604], [3717], [1406], [101202687], [101202686], [101154642], [101055624], [100682325], [100302720], [100188765], [780915], [780899], [8130], [8104], [8094], [907], [4313], [332], [4053], [1140], [2512], [9469], [7097], [1811], [406987], [10653], [84061], [7067], [1026], [7450], [2952], [406991], [10661], [6331], [1291], [5080]]
Micrognathias Congenital:[[2218], [1589], [4868], [2324], [26580], [146059], [5290], [857], [284119], [167691], [1080], [2266], [1145], [79147], [1134], [2244], [10381], [2243], [5631], [91869], [7422], [4810], [1144], [4000], [1545], [4524], [5054], [1180], [3000], [2147], [5979], [7253], [7040], [4893], [9215], [7124], [6261], [7157], [2697], [29954], [4072], [1991], [64802], [1956], [25], [3265], [4933], [1636], [58], [2673], [2626], [26154], [3569], [4352], [7849], [6335], [3845], [4879], [1634], [1482], [8087], [2065], [5236], [190], [23581], [3091], [367], [673], [4625], [2784], [8929], [6010], [2627], [2099], [1441], [55906], [2706], [4803], [60482], [3342], [7010], [59341], [3479], [3341], [6329], [7051], [6576], [2064], [55624], [182], [1401], [4846], [207], [6121], [4790], [351], [3553], [7099], [9370], [5243], [3106], [399565], [627], [4359], [7421], [3952], [7170], [59344], [5743], [2944], [1499], [55858], [3938], [150082], [7454], [4137], [999], [1650], [23418], [2668], [596], [1294], [5468], [3908], [10585], [2950], [4851], [4609], [57190], [23746], [11093], [7485], [100861439], [619409], [619404], [550625], [404715], [317685], [266979], [81866], [54719], [54115], [53368], [7792], [5765], [4934], [981], [878], [1906], [6616], [3675], [5373], [2779], [80184], [3757], [3458], [5587], [1293], [1785], [2153], [778], [4487], [2290], [3921], [4604], [3717], [1406], [101202687], [101202686], [101154642], [101055624], [100682325], [100302720], [100188765], [780915], [780899], [8130], [8104], [8094], [907], [4313], [332], [4053], [1140], [2512], [9469], [7097], [1811], [406987], [10653], [84061], [7067], [1026], [7450], [2952], [406991], [10661], [6331], [1291], [5080]]
Micromandible:[[]]
Congenital micrognathism:[[2218], [1589], [4868], [2324], [26580], [146059], [5290], [857], [284119], [167691], [1080], [2266], [1145], [79147], [1134], [2244], [10381], [2243], [5631], [91869], [7422], [4810], [1144], [4000], [1545], [4524], [5054], [1180], [3000], [2147], [5979], [7253], [7040], [4893], [9215], [7124], [6261], [7157], [2697], [29954], [4072], [1991], [64802], [1956], [25], [3265], [4933], [1636], [58], [2673], [2626], [26154], [3569], [4352], [7849], [6335], [3845], [4879], [1634], [1482], [8087], [2065], [5236], [190], [23581], [3091], [367], [673], [4625], [2784], [8929], [6010], [2627], [2099], [1441], [55906], [2706], [4803], [60482], [3342], [7010], [59341], [3479], [3341], [6329], [7051], [6576], [2064], [55624], [182], [1401], [4846], [207], [6121], [4790], [351], [3553], [7099], [9370], [5243], [3106], [399565], [627], [4359], [7421], [3952], [7170], [59344], [5743], [2944], [1499], [55858], [3938], [150082], [7454], [4137], [999], [1650], [23418], [2668], [596], [1294], [5468], [3908], [10585], [2950], [4851], [4609], [57190], [23746], [11093], [7485], [100861439], [619409], [619404], [550625], [404715], [317685], [266979], [81866], [54719], [54115], [53368], [7792], [5765], [4934], [981], [878], [1906], [6616], [3675], [5373], [2779], [80184], [3757], [3458], [5587], [1293], [1785], [2153], [778], [4487], [2290], [3921], [4604], [3717], [1406], [101202687], [101202686], [101154642], [101055624], [100682325], [100302720], [100188765], [780915], [780899], [8130], [8104], [8094], [907], [4313], [332], [4053], [1140], [2512], [9469], [7097], [1811], [406987], [10653], [84061], [7067], [1026], [7450], [2952], [406991], [10661], [6331], [1291], [5080]]
Micrognathias:[[]]
Micrognathias Mandibular:[[7422], [673], [7421], [3479], [4193], [4879], [23411], [4851], [4233], [4000], [5424], [2690], [4982], [6628], [4314], [2263], [650], [249], [5167], [7043], [23327], [1896], [406], [145258], [2035], [5015], [80326], [4053], [5116], [56999], [23522], [3381], [4146], [8437], [57584], [83999], [92949], [283446], [144453], [119180]]
Congenital hypoplasia of mandible:[[]]
Small jaw:[[7157], [7124], [7422], [3845], [596], [3605], [23411], [4288], [581], [2260], [836], [1588], [7450], [7430], [6662], [9112], [604], [23291], [5727], [79577], [5430], [6452], [4772], [4487], [23314], [10507], [968], [2773], [9400], [2224], [51684], [11124], [55605], [5332], [83716], [27303], [26091], [23483]]
