Acariasis:[[]]
Acariasis unspecified:[[7157], [1956], [2099], [7422], [351], [207], [348], [6774], [4193], [7040], [7124], [4790], [672], [1026], [1029], [2064], [5925], [1432], [3091], [5468], [1499], [3725], [367], [836], [6714], [2033], [5743], [5594], [595], [673], [7421], [5599], [5879], [4089], [387], [596], [4088], [7015], [2260], [1387], [4609], [675], [999], [1017], [5595], [3791], [7852], [4233], [472], [998], [867], [2885], [5894], [598], [1813], [3064], [7046], [2908], [5058], [4087], [5970], [2147], [960], [355], [2100], [6387], [5159], [142], [2308], [7189], [983], [2932], [7048], [1027], [3065], [6772], [3688], [581], [64127], [5621], [5111], [114548], [3558], [5295], [1019], [27185], [25], [3265], [4792], [324], [8743], [7428], [3350], [4170], [3320], [2335], [5241], [841], [5578], [7161], [2321], [652], [2332], [2353], [331], [4869], [5347], [3643], [7329], [7132], [5335], [5888], [3084], [5781], [4436], [1950], [7341], [8837], [1111], [6464], [1457], [7128], [8651], [613], [5329], [5580], [11200], [3315], [1785], [5170], [2316], [1385], [1268], [8841], [834], [6850], [6500], [5610], [3559], [3932], [5566], [8202], [3667], [7424], [1021], [4297], [5590], [811], [5300], [2534], [4893], [5371], [7186], [3551], [7430], [5315], [285], [1147], [5581], [7133], [7273], [6868], [7253], [6597], [3190], [2002], [891], [5037], [801], [7249], [1814], [10018], [558], [3014], [3312], [898], [6256], [55294], [1386], [3659], [1051], [1977], [8829], [6502], [4804], [2149], [8517], [775], [5579], [5467], [7295], [4690], [3566], [10399], [7514], [4286], [4155], [7068], [4803], [4599]]
Mite infestation:[[]]
Infestation by mites NOS:[[]]
Dermatosis caused by mites:[[50943]]
Dermatosis due to mites:[[50943]]
Acarine dermatosis:[[4210], [3898], [5290], [50943], [2261], [2919], [1308], [10461], [90268], [3914], [147138], [51371], [11322]]
Infestation by Acarina:[[]]
Acarinosis:[[]]
Mite Infestation:[[]]
Mite Infestations:[[]]
Acarine dermatitis:[[2312], [3596], [7124], [56946], [23197], [3586], [3107], [7422], [3458], [84433], [1956], [7040], [7099], [3605], [7097], [627], [3606], [3565], [3553], [2064], [6774], [11127], [3123], [1636], [7421], [6532], [2944], [4318], [9173], [5243], [3952], [3106], [1591], [3576], [5468], [90865], [999], [64069], [3717], [117188], [114477], [117187], [105463126], [105463125], [100310755], [4313], [2952], [920], [10111], [50943], [64127], [3105], [3146], [4780], [1026], [7515], [2950], [1493], [4282], [196], [6387], [3119], [3162], [5970], [6696], [3552], [3135], [10], [4153], [50616], [335], [2720], [85480], [3688], [3690], [836], [1543], [406938], [9429], [929], [8626], [3557], [406947], [3356], [114548], [5017], [19], [6352], [7098], [213], [841], [217], [1116], [4088], [1959], [2152], [4314], [1786], [56729], [7052], [3627], [718], [7161], [7919], [10135], [5329], [7076], [3559], [1571], [1803], [8878], [7148], [796], [6307], [3600], [5465], [2629], [30835], [3566], [4803], [4689], [5328], [3593], [6280], [2150], [8809], [302], [6401], [4049], [10631], [6361], [3350], [6778], [3329], [9021], [7442], [6786], [4087], [3570], [23274], [6403], [8856], [6376], [820], [59067], [216], [11136], [2149], [3551], [125], [1672], [3002], [386653], [4852], [1524], [8837], [3661], [4914], [3592], [84876], [4804], [3290], [9076], [1673], [6367], [1437], [1113], [3575], [6279], [7345], [102], [3484], [1392], [2615], [8862], [1394], [11005], [2833], [3716], [406986], [2934], [57162], [407008], [59277], [3603], [27178], [8807], [3578], [6777], [4254], [6356], [834], [2205], [55600], [26762], [5168], [3691], [1003], [1910], [6863]]
