MPSI - Mucopolysaccharidosis type I:[[3425]]
Mucopolysaccharidosis 1:[[]]
Mucopolysaccharidosis Type I:[[3425], [6448], [2720], [411], [3423], [4669], [1803], [2990], [2588], [138050], [2799], [821], [410], [3373], [285362], [106050102], [106050103]]
L-iduronidase deficiency:[[3425]]
Lipochondrodystrophy:[[]]
Lipochondrodystrophies:[[]]
Mucopolysaccharidosis Is:[[]]
Mucopolysaccharidosis type I:[[3425], [6448], [2720], [411], [3423], [4669], [1803], [2990], [2588], [138050], [2799], [821], [410], [3373], [285362], [106050102], [106050103]]
Mucopolysaccharidosis MPS-I:[[3425]]
Alpha-L-iduronidase deficiency:[[3425]]
Mucopolysaccharidosis I:[[3425]]
MPS I:[[3425], [55233], [7124], [81532], [25843], [5243], [3553], [92597], [2475], [3952], [79817], [3423], [5970], [836], [2588], [2720], [406947], [841], [2152], [19], [126308], [4669], [148932], [6448], [27161], [100873874], [100873854], [350], [6376], [5320], [4254], [5829], [3691], [138050], [1520], [2799], [7272], [6232], [51083], [239], [411], [2990], [3373], [4621], [1146], [106050103], [106050102]]
