GLUTARIC ACIDEMIA II:[[627], [1509], [2110]]
Glutaric acidemia type 2:[[2639], [627], [1509], [2110]]
Multiple Acyl-CoA Dehydrogenase Deficiency:[[37], [28976], [2110], [51], [2108], [3712], [2639], [3295], [2109], [4329], [5743], [6584], [2648], [80308], [8463]]
EMA:[[4582], [2108], [1956], [2064], [1029], [999], [960], [3119], [8626], [6513], [4288], [1950], [6657], [1490], [331], [7052], [4072], [2078], [1048], [10763], [2670], [3880], [10643], [3875], [2516], [10232], [3856], [2191], [3861], [3855], [7088]]
ACAD:[[80724], [4018], [34], [28976], [3712], [51], [55289], [8309], [27034], [8310], [84129]]
ETHYLMALONIC-ADIPICACIDURIA:[[23474], [35], [2108]]
MADD (Multiple Acyl-CoA Dehydrogenase Deficiency):[[2110], [2108], [2109], [8463]]
Multiple FAD Dehydrogenase Deficiency:[[2110], [5625], [1728], [6389], [1738], [2639], [4524], [29958], [197257], [2108], [2819], [3091], [80308], [58472], [351], [79944], [2109], [1535], [50507], [1536], [51]]
Glutaric aciduria type 2:[[2108], [2639], [2110], [136647], [79783]]
Ethylmalonic Adipicaciduria:[[23474], [35], [2108]]
MAD - Multiple acyl-CoA dehydrogenase deficiency:[[]]
Ethylmalonic Adipic Aciduria:[[]]
Glutaric Aciduria Type II:[[2108], [2110]]
Glutaric acidaemia type 2:[[]]
Glutaric aciduria type II:[[2108], [2110]]
Glutaric Acidemia Type 2:[[2639], [627], [1509], [2110]]
Electron Transfer Flavoprotein Deficiency:[[2110], [2108], [2109], [1588], [6389], [4729], [4843], [2936], [7498], [2639], [8463]]
Ethylmalonic-Adipicaciduria:[[23474], [35], [2108]]
MADD:[[8567], [2110], [2108], [2109], [57706], [81846], [7124], [6305], [207], [163486], [6764], [79961], [4790], [5728], [10260], [55667], [23258], [22898], [2100], [5925], [3480], [142], [8743], [79958], [3630], [23435], [7132], [841], [9909], [160518], [101928943], [328], [201627], [414918], [163259], [2885], [27147], [4792], [7514], [7534], [4914], [8795], [240], [3133], [8772], [4607], [8797], [4791], [2346], [6688], [169026], [6654], [7529], [317], [5629], [5934], [839], [25913], [4214], [5296], [2869], [8717], [7277], [3460], [9821], [111], [55170], [5798], [9584], [6472], [100302142], [4793], [10746], [9967], [5787], [2619], [54101], [23237], [9306], [55367], [7278], [6655], [25782], [51150], [55187], [55212], [25962], [55065], [8463], [79023], [80005], [148281], [56654], [84258], [55613], [90203], [91683], [11249], [100422992], [388951], [90589]]
Multiple acyl-CoA dehydrogenase deficiencies:[[28976], [2108], [2109]]
Ethylmalonic-adipicaciduria:[[23474], [35], [2108]]
MADDs (Multiple Acyl-CoA Dehydrogenase Deficiency):[[]]
MADD (Multiple Acyl CoA Dehydrogenase Deficiency):[[2110], [2108], [2109], [8463]]
GA2:[[2108]]
Glutaric Aciduria Type 2:[[2108], [2639], [2110], [136647], [79783]]
MULTIPLE ACYL-CoA DEHYDROGENASE DEFICIENCY:[[37], [28976], [2110], [51], [2108], [3712], [2639], [3295], [2109], [4329], [5743], [6584], [2648], [80308], [8463]]
GA II:[[1636], [4313], [2147], [183], [3115], [7048], [3091], [1557], [2551], [6513], [2099], [6774], [4790], [7124], [3113], [2346], [4780], [7422], [8106], [7099], [3099], [6667], [3586], [5716], [5981], [1956], [3284], [2475], [4088], [7490], [3569], [2100], [2553], [54658], [999], [4524], [4193], [3952], [3479], [207], [6657], [4846], [10413], [4613], [627], [3565], [3717], [6935], [3553], [3162], [5594], [9370], [142], [1029], [9839], [2153], [7097], [10891], [1401], [5054], [213], [9575], [5243], [1312], [5595], [2950], [3605], [2002], [7852], [4137], [355], [8678], [335], [857], [6714], [4306], [6387], [3815], [6347], [177], [5071], [4297], [126626], [2313], [154], [3552], [1493], [3075], [338], [54106], [23435], [217], [4312], [3791], [1234], [3309], [4353], [3383], [3690], [7043], [5133], [2122], [2067], [7515], [1543], [7098], [356], [406938], [5329], [7037], [8743], [718], [3953], [4988], [282617], [3356], [775], [80332], [1268], [929], [268], [56729], [1815], [10], [7431], [3596], [6352], [2155], [7351], [4049], [60489], [9365], [3667], [1030], [847], [54790], [875], [3685], [949], [79001], [7442], [6403], [6868], [3350], [9021], [153], [1535], [6678], [2492], [149233], [80339], [1524], [8837], [7018], [112744], [2645], [10419], [1215], [6890], [4015], [942], [9474], [3554], [27035], [1909], [6517], [406983], [9588], [3577], [2053], [629], [22882], [1667], [712], [407000], [2744], [406892], [3283], [21], [407009], [1161], [164668], [4507], [1286], [407001], [6014], [56603], [9874], [574508], [124512], [574474], [574464]]
Multiple Acyl Coenzyme A Dehydrogenase Deficiency:[[37], [28976], [51], [10891]]
Glutaric Aciduria II:[[2108], [2110]]
GLUTARIC ACIDURIA II:[[2108], [2110]]
Glutaric Acidemia Type II:[[627], [1509], [2110]]
Multiple Acyl CoA Dehydrogenase Deficiency:[[37], [28976], [2110], [51], [2108], [3712], [2639], [3295], [2109], [4329], [5743], [6584], [2648], [80308], [8463]]
Ethylmalonic-Adipic Aciduria:[[]]
Ethylmalonic-Adipic Acidurias:[[]]
