Multiple systems organ failure:[[5979], [7015], [7157], [6774], [5728], [4609], [2099], [3586], [355], [4982], [627], [7040], [1401], [4790], [7124], [3479], [5468], [3458], [7422], [7852], [177], [3569], [7494], [4233], [1636], [3952], [5054], [590], [3091], [3084], [3558], [7421], [6532], [6347], [3553], [356], [351], [2064], [1080], [673], [7099], [6387], [3845], [4846], [23411], [3135], [1906], [3162], [1026], [6696], [3082], [4780], [8651], [6647], [59272], [7097], [4193], [183], [154], [29126], [999], [2100], [3172], [2147], [2247], [3690], [2152], [51284], [4000], [56729], [1576], [7098], [551], [2033], [7428], [54106], [5080], [5879], [9365], [5806], [3673], [652], [7052], [3976], [5315], [846], [10855], [85480], [2316], [7351], [2395], [4852], [3814], [8542], [6337], [1282], [8076], [4237], [23082]]
Multiple organ dysfunction syndrome:[[7099], [5054], [4879], [3146], [4282], [929], [3596], [796], [4792], [9021], [8651], [7941], [2934], [5967], [7032], [1154]]
Multisystem organ failure:[[6774], [673], [4780], [4000], [11093], [5265], [2717], [51651], [6337], [1282]]
MODS:[[7124], [4790], [5743], [4846], [2475], [3146], [355], [177], [4282], [929], [3596], [7941], [1361], [5291], [23643], [79155], [8711]]
Organ Failure Multiple:[[5979], [1029], [7015], [7157], [6774], [5728], [4609], [3123], [2099], [3586], [7132], [958], [355], [4982], [1401], [5468], [7124], [7040], [3458], [596], [4790], [3479], [4318], [177], [7852], [7422], [627], [7494], [1493], [1234], [3569], [4233], [1027], [335], [5594], [1636], [2212], [367], [9370], [590], [3558], [5054], [3084], [4313], [3091], [6347], [7369], [7412], [3952], [2322], [7421], [207], [3146], [11093], [3553], [356], [7099], [2064], [673], [3845], [351], [255738], [6387], [1080], [650], [5743], [2950], [4846], [2263], [3606], [3605], [6532], [282617], [729230], [3135], [3574], [23411], [406991], [3162], [59067], [28514], [4879], [1906], [2475], [6696], [1026], [3576], [8651], [940], [2944], [7097], [3082], [3383], [4193], [2246], [6647], [59272], [183], [5156], [29126], [4780], [3627], [999], [1471], [80781], [3172], [4312], [154], [7450], [3958], [8074], [2100], [796], [7490], [2247], [2321], [7139], [182], [2152], [7076], [51284], [10599], [2147], [3482], [1277], [3690], [406947], [2952], [406938], [3688], [4000], [959], [5329], [3552], [56729], [1803], [1576], [7098], [142], [2638], [581], [2033], [2067], [558], [285], [6772], [7428], [1490], [7291], [54106], [4153], [929], [5080], [551], [2006], [54658], [7137], [100507436], [7528], [9365], [5806], [5879], [3673], [4792], [3315], [4363], [1281], [652], [3976], [5265], [7052], [5315], [6657], [5950], [1113], [846], [10855], [9021], [7941], [22914], [89869], [3600], [5624], [10370], [7424], [4314], [6285], [1500], [85480], [326], [2316], [9332], [9927], [6279], [2395], [8742], [4852], [6662], [7351], [51561]]
MOF - Multiple organ failure:[[]]
MSOF - Multiple systems organ failure:[[5979], [7015], [7157], [6774], [5728], [4609], [2099], [3586], [355], [4982], [627], [7040], [1401], [4790], [7124], [3479], [5468], [3458], [7422], [7852], [177], [3569], [7494], [4233], [1636], [3952], [5054], [590], [3091], [3084], [3558], [7421], [6532], [6347], [3553], [356], [351], [2064], [1080], [673], [7099], [6387], [3845], [4846], [23411], [3135], [1906], [3162], [1026], [6696], [3082], [4780], [8651], [6647], [59272], [7097], [4193], [183], [154], [29126], [999], [2100], [3172], [2147], [2247], [3690], [2152], [51284], [4000], [56729], [1576], [7098], [551], [2033], [7428], [54106], [5080], [5879], [9365], [5806], [3673], [652], [7052], [3976], [5315], [846], [10855], [85480], [2316], [7351], [2395], [4852], [3814], [8542], [6337], [1282], [8076], [4237], [23082]]
Multiple Organ Failures:[[]]
MOSF - Multiple organ systems failure:[[5979], [7015], [7157], [6774], [5728], [4609], [2099], [3586], [355], [4982], [627], [7040], [1401], [4790], [7124], [3479], [5468], [3458], [7422], [7852], [177], [3569], [7494], [4233], [1636], [3952], [5054], [590], [3091], [3084], [3558], [7421], [6532], [6347], [3553], [356], [351], [2064], [1080], [673], [7099], [6387], [3845], [4846], [23411], [3135], [1906], [3162], [1026], [6696], [3082], [4780], [8651], [6647], [59272], [7097], [4193], [183], [154], [29126], [999], [2100], [3172], [2147], [2247], [3690], [2152], [51284], [4000], [56729], [1576], [7098], [551], [2033], [7428], [54106], [5080], [5879], [9365], [5806], [3673], [652], [7052], [3976], [5315], [846], [10855], [85480], [2316], [7351], [2395], [4852], [3814], [8542], [6337], [1282], [8076], [4237], [23082]]
Multiple organ failure:[[7124], [3553], [4313], [5054], [7097], [3383], [355], [2152], [255738], [356], [7412], [5624], [85480], [3654], [5644], [151888]]
Multi-organ failure:[[7124], [4313], [3146], [1803], [1490], [5624], [2316], [326], [2296], [56652], [8802]]
MODS - Multiple organ dysfunction syndrome:[[3146], [4282], [929], [3596], [7941]]
Organ Dysfunction Syndrome Multiple:[[1029], [5728], [7157], [5979], [3123], [6774], [1281], [7015], [7132], [3845], [3586], [2263], [355], [958], [207], [2099], [4609], [1401], [367], [4000], [5781], [7490], [2706], [2033], [356], [4436], [4647], [3570], [7399], [4982], [5080], [5594], [1493], [4790], [3479], [627], [4952], [7124], [2316], [3952], [5468], [3458], [7040], [1277], [2475], [177], [1278], [11093], [7422], [4318], [4851], [7852], [1906], [999], [596], [3569], [335], [1636], [26585], [5156], [9370], [351], [4853], [7099], [3172], [116519], [5054], [80781], [3091], [3553], [1080], [959], [7412], [1234], [7494], [64135], [6469], [7421], [6647], [3146], [23411], [1364], [4313], [3606], [4233], [6532], [3162], [3558], [4846], [7428], [10413], [6347], [3383], [6387], [2006], [5743], [255738], [2022], [10599], [3576], [7450], [3605], [4780], [4879], [7097], [5950], [406991], [6696], [29126], [3627], [2950], [2321], [183], [652], [1471], [59272], [3574], [1026], [2625], [2064], [8651], [406947], [2100], [56652], [940], [6403], [3958], [650], [3082], [406938], [182], [8074], [5970], [7139], [4282], [2147], [3651], [929], [285], [5806], [54106], [920], [56729], [1500], [2296], [154], [3690], [3659], [6439], [7076], [4153], [2934], [8743], [796], [1803], [6285], [9759], [7010], [142], [4312], [3084], [7098], [3688], [581], [1576], [4973], [859], [2688], [5329], [6777], [9365], [3482], [7941], [5879], [1559], [2273], [6337], [1756], [2638], [4792], [7137], [4087], [551], [6772], [4314], [3596], [598], [3908], [9021], [9935], [5624], [1490], [3315], [51561], [1113], [846], [5265], [5315], [2034], [3600]]
