Wermer syndrome:[[]]
MEN 1 - Multiple endocrine neoplasia syndrome type 1:[[4221], [1027]]
Neoplasms Multiple Endocrine Type I:[[5979], [1029], [1030], [7422], [5468], [6934], [3569], [2064], [2065], [5054], [5460], [6774], [4609], [1493], [2778], [7015], [2261], [999], [3479], [6928], [2099], [1027], [3717], [1026], [5781], [9429], [23405], [595], [2475], [1728], [10406], [7421], [596], [7852], [3815], [9370], [7040], [8140], [207], [3291], [3845], [1956], [3952], [324], [367], [4233], [5594], [3091], [5290], [673], [5743], [5629], [332], [5961], [1813], [6571], [4088], [2100], [960], [2263], [2308], [3576], [4763], [1080], [2146], [4288], [7415], [51738], [2908], [2950], [5925], [3480], [3486], [1588], [6772], [5595], [2896], [6790], [5241], [5618], [8842], [4684], [51741], [3159], [7428], [6198], [6648], [10413], [3934], [7849], [3725], [7057], [6469], [1591], [10135], [2260], [2067], [22943], [5328], [1113], [1019], [4089], [1268], [6662], [3065], [2078], [2034], [5914], [4316], [3624], [7113], [25], [196], [5058], [2305], [6285], [5806], [7345], [5741], [9232], [301], [283120], [11186], [9049], [494324], [1978], [216], [6776], [5660], [1364], [9112], [8289], [10381], [7039], [406983], [6520], [6750], [9201], [6753], [6755], [2691], [3670], [50484], [23022], [10686], [79885]]
MEA type 1:[[2802], [5528]]
Neoplasms Multiple Endocrine Type 1:[[5979], [1029], [5468], [5054], [2099], [1030], [3479], [5460], [999], [2778], [3569], [2065], [1493], [7015], [2475], [7422], [6774], [23405], [1026], [9370], [2064], [595], [324], [7421], [7040], [3091], [5781], [1728], [207], [2261], [596], [1956], [5629], [6934], [7852], [3815], [5594], [4763], [673], [4609], [8140], [3576], [9429], [3717], [2950], [6928], [960], [3725], [367], [1027], [2260], [4288], [1591], [2908], [3480], [3065], [5595], [5925], [6772], [1588], [5741], [6790], [4684], [6648], [8842], [10413], [7057], [2067], [1268], [51741], [3159], [10135], [6198], [4233], [25], [22943], [2034], [4316], [1113], [301], [5058], [5660], [8289], [10406], [2305], [5914], [3624], [5743], [11186], [3845], [7415], [9232], [2263], [5961], [216], [3952], [3291], [5290], [1080], [1978], [9112], [1364], [4088], [332], [6571], [1813], [2100], [3670], [9201], [2146], [2308], [51738], [3486], [10686], [2896], [5241], [283120], [6469], [5618], [7428], [3934], [4089], [7849], [6662], [5328], [1019], [10381], [2078], [7039], [5806], [196], [7113], [6285], [7345], [406983], [9049], [494324], [23022], [6776], [6520], [6755], [6753], [6750], [2691], [50484], [79885]]
Wermer Syndrome:[[]]
Multiple Endocrine Neoplasia Type I:[[4221], [3651], [5977]]
MULTIPLE ENDOCRINE NEOPLASIA TYPE I:[[4221], [3651], [5977]]
MEN 1 syndrome:[[4221], [546], [1027], [1616]]
Multiple endocrine neoplasia [MEN] type I:[[5979], [1029], [5781], [1027], [4221], [269], [3338], [3651], [6571], [6392], [2896], [2641], [1113], [9049], [6530], [283131], [1031], [2691], [5539], [79798], [6570], [5977]]
Multiple endocrine neoplasia type 1:[[1027], [4221], [3338], [2641], [1113], [9049], [1031], [269], [2691], [5539], [79798]]
MEA I:[[]]
Wermer's syndrome:[[3757], [1280], [114548], [3753], [2074], [7157], [348], [1281], [51085], [546], [80184], [7466], [3845], [673], [8481], [5728], [8195], [7486], [641], [2706], [2317], [4292], [91147], [8626], [1540], [4000], [54658], [1161], [7490], [2033], [6331], [4023], [1071], [5781], [4436], [2263], [3643], [7291], [3784], [2261], [2260], [582], [10806], [8085], [10083], [367], [4683], [207], [84062], [3123], [7468], [4647], [4952], [2200], [1029], [7399], [4810], [201163], [2969], [10804], [6949], [7227], [2492], [775], [7840], [2316], [5428], [3730], [5080], [585], [1278], [54487], [5604], [55612], [2121], [811], [5290], [132884], [4281], [116442], [84100], [2812], [5077], [64127], [79068], [6663], [783], [338], [57167], [1130], [9968], [2332], [1277], [3990], [10743], [7456], [19], [2122], [3265], [6737], [84059], [6741], [3481], [6513], [4089], [23111], [2646], [356], [1285], [1387], [26585], [8976], [7504], [1827], [331], [23405], [9401], [65217], [4893], [672], [4692], [9569], [5894], [4277], [6774], [3117], [1401], [1788], [7401], [7128], [3570], [545], [10163], [583], [10682], [124590], [129880], [54808], [27241], [2138], [79738], [4137], [2475], [60], [3897], [5159], [1364], [8091], [5885], [79803], [2811], [2956], [9993], [5460], [4286], [675], [3717], [8220], [80144], [80025], [999], [3973], [79621], [4193], [64135], [1145], [55212], [2645], [27031], [4851], [1493], [10535], [2131], [1910], [7122], [9031], [4853], [1134], [2146], [100188856], [355], [50943], [105259599], [2153], [9652], [10908], [3664], [7020], [8214], [5308], [10062], [8517], [5076], [27019], [5189], [5395], [1287], [1906], [25825], [3759]]
MEN1:[[4221], [7536], [7157], [7040], [2099], [4790], [672], [1027], [1499], [7421], [1080], [4609], [675], [7542], [5979], [5970], [2100], [2932], [3725], [7490], [6934], [861], [4088], [3265], [7431], [3065], [4089], [328], [4297], [846], [2896], [3308], [4627], [5300], [1111], [1019], [5058], [4087], [3066], [1616], [546], [3312], [2670], [1030], [28], [4602], [5430], [10273], [9049], [8826], [4791], [10062], [2177], [8350], [11168], [5573], [79577], [4086], [8290], [9968], [6929], [3651], [8085], [407015], [2175], [25942], [29102], [1459], [6872], [8359], [3170], [3727], [6118], [121504], [3054], [11091], [407012], [4090], [4760], [5431], [1031], [8726], [9070], [26471], [6425], [4301], [4209], [5929], [22938], [3110], [54443], [54617], [50674], [407013], [26168], [10926], [57634], [51199], [9282], [79798], [57332], [407020], [1112], [8337], [55536], [30827], [56475], [8339], [8537], [54502], [93973], [29915], [79794], [57664], [27023], [337875]]
Neoplasia Multiple Endocrine Type 1:[[5979], [1029], [5468], [5054], [2099], [1030], [5460], [999], [4221], [2065], [3569], [7015], [7422], [3338], [1026], [6774], [23405], [9370], [2064], [3651], [595], [7421], [324], [5781], [596], [1728], [7040], [1027], [6934], [5594], [207], [1956], [673], [3815], [8140], [6928], [4609], [2950], [7048], [3725], [960], [367], [4288], [1591], [2260], [5595], [5925], [1565], [6790], [3320], [3717], [301], [22943], [2641], [7067], [2034], [1471], [1113], [5914], [3624], [4855], [11186], [5743], [5610], [216], [3952], [3845], [283131], [5290], [269], [6571], [1131], [7083], [2100], [6392], [2308], [332], [2146], [3135], [6570], [2896], [6469], [5618], [4089], [7428], [5328], [3934], [9365], [2078], [7849], [7113], [9049], [1031], [6530], [1025], [2691], [5539], [79798], [5977]]
MEN I:[[4221]]
MEN type 1:[[5054], [5468], [26191], [3106], [3481], [3586], [3123], [3557], [5573], [348], [5979], [3784], [999], [3479], [3569], [1401], [6927], [2645], [7046], [1029], [3757], [1281], [185], [255738], [54658], [5444], [2099], [3383], [2475], [3172], [9370], [23411], [7422], [3630], [4973], [4292], [2316], [23405], [1026], [1493], [3119], [3554], [5728], [2524], [7850], [7133], [7132], [80781], [6347], [672], [23274], [4914], [7421], [5122], [114548], [6690], [3553], [5629], [4436], [3303], [3559], [780], [4846], [6647], [1728], [7040], [54901], [949], [2161], [2130], [1278], [4318], [56729], [673], [3115], [183], [2194], [4582], [2064], [2697], [2944], [2532], [10577], [3283], [3091], [9], [3075], [4879], [472], [356], [3295], [2798], [8644], [56606], [1956], [1906], [4221], [960], [5265], [3606], [1588], [2554], [2950], [1636], [4314], [6532], [3992], [6934], [842], [207], [324], [4481], [1576], [3162], [7048], [4313], [29881], [3576], [5428], [9055], [857], [3039], [5167], [5243], [283450], [19], [6531], [3558], [4023], [6715], [2066], [2200], [7412], [3990], [7276], [10], [1116], [3084], [1234], [2332], [2908], [7157], [5741], [596], [5308], [7852], [4072], [252995], [2952], [302], [5176], [355], [6566], [7015], [4548], [79068], [2260], [5562], [2688], [10891], [4312], [6568], [3480], [4041], [338], [367], [4153], [4049], [8788], [7248], [1910], [3458], [1594], [10159], [7139], [2629], [221895], [7515], [3491], [3730], [7450], [6356], [1071], [595], [2876], [5534], [3290], [729230], [1543], [1814], [1030], [2516], [1565], [653361], [5329], [7391], [7080], [3815], [6648], [3956]]
ENDOCRINE ADENOMATOSIS MULTIPLE:[[324], [389692]]
WERMER SYNDROME:[[]]
Multiple endocrine adenomatosis type 1:[[]]
Multiple endocrine neoplasia syndrome type 1:[[5979], [1029], [5781], [4221], [3651], [269], [1027], [2641], [1113], [6392], [6571], [6570], [2896], [6530], [9049], [5977], [2691], [79798]]
