Myodystrophy:[[]]
Muscular Dystrophies:[[4318], [1756], [4313], [4000], [302], [7273], [361], [358], [301], [825], [488], [8291], [5308], [1760], [6473], [859], [1605], [2318], [3908], [79147], [23534], [79026], [2218], [4784], [55624], [3895], [4050], [5178], [29925], [202333], [58529], [84197]]
MD - Muscular dystrophy:[[5339], [3908], [7157], [4790], [1080], [4282], [2033], [1268], [8910], [84033], [9570]]
PMD - Progressive muscular dystrophy:[[]]
Myodystrophica:[[]]
Myodystrophies:[[]]
Myodystrophicas:[[]]
Muscular dystrophy:[[8291], [2218], [4000], [6443], [23534], [8557], [1756], [6442], [2483], [9987], [7273], [79147], [55624], [10585], [825], [5339], [2489], [1605], [29954], [9215], [3908], [7157], [29925], [203859], [7422], [4625], [2490], [7040], [6444], [2010], [8106], [4790], [3553], [6696], [1080], [596], [1291], [10049], [729920], [3106], [100529230], [100505381], [619409], [53368], [4195], [4313], [1293], [3605], [4851], [3105], [2908], [154], [50943], [23345], [1292], [23347], [7450], [177], [142], [4282], [3679], [3315], [6445], [7415], [7076], [2033], [3320], [2335], [7139], [2697], [1490], [8842], [57190], [1387], [23224], [7137], [6606], [1120], [1268], [84197], [4803], [6261], [1410], [4914], [7052], [84892], [7057], [7048], [58], [5566], [859], [5562], [2705], [6786], [9531], [7077], [4607], [10397], [9927], [5376], [2660], [8837], [100288687], [84876], [7042], [7078], [5155], [6663], [2273], [4747], [1303], [4359], [7168], [1785], [79188], [3920], [406989], [89], [274], [7879], [1674], [26092], [10020], [56983], [1639], [84062], [10801], [51763], [70], [7170], [3156], [3708], [2318], [60684], [823], [7402], [65125], [11149], [9782], [4478], [708], [1103], [7498], [8910], [29108], [3339], [5009], [7013], [406976], [22954], [54332], [26353], [51062], [7169], [1959], [5873], [10725], [22947], [4534], [824], [10468], [284119], [55679], [9499], [9325], [4633], [4703], [23064], [148789], [22948], [2617], [7138], [2673], [54344], [8518], [291], [1134], [23095], [4593], [9516], [285489], [10329], [1837], [1145], [375790], [8565], [148738], [10269], [3508], [3301], [7840], [8425], [11128], [11059], [2195], [8087], [5081], [51393], [5913], [11041]]
Muscular Dystrophy:[[8291], [2218], [4000], [6443], [23534], [8557], [1756], [6442], [2483], [9987], [7273], [79147], [55624], [10585], [825], [5339], [2489], [1605], [29954], [9215], [3908], [7157], [29925], [203859], [7422], [4625], [2490], [7040], [6444], [2010], [8106], [4790], [3553], [6696], [1080], [596], [1291], [10049], [729920], [3106], [100529230], [100505381], [619409], [53368], [4195], [4313], [1293], [3605], [4851], [3105], [2908], [154], [50943], [23345], [1292], [23347], [7450], [177], [142], [4282], [3679], [3315], [6445], [7415], [7076], [2033], [3320], [2335], [7139], [2697], [1490], [8842], [57190], [1387], [23224], [7137], [6606], [1120], [1268], [84197], [4803], [6261], [1410], [4914], [7052], [84892], [7057], [7048], [58], [5566], [859], [5562], [2705], [6786], [9531], [7077], [4607], [10397], [9927], [5376], [2660], [8837], [100288687], [84876], [7042], [7078], [5155], [6663], [2273], [4747], [1303], [4359], [7168], [1785], [79188], [3920], [406989], [89], [274], [7879], [1674], [26092], [10020], [56983], [1639], [84062], [10801], [51763], [70], [7170], [3156], [3708], [2318], [60684], [823], [7402], [65125], [11149], [9782], [4478], [708], [1103], [7498], [8910], [29108], [3339], [5009], [7013], [406976], [22954], [54332], [26353], [51062], [7169], [1959], [5873], [10725], [22947], [4534], [824], [10468], [284119], [55679], [9499], [9325], [4633], [4703], [23064], [148789], [22948], [2617], [7138], [2673], [54344], [8518], [291], [1134], [23095], [4593], [9516], [285489], [10329], [1837], [1145], [375790], [8565], [148738], [10269], [3508], [3301], [7840], [8425], [11128], [11059], [2195], [8087], [5081], [51393], [5913], [11041]]
Progressive muscular dystrophy:[[8291], [4000], [1756], [79147], [7157], [7422], [7040], [4625], [1080], [8106], [6696], [4790], [4313], [3553], [596], [10049], [3105], [142], [291], [4851], [50943], [4282], [1292], [7415], [2697], [1490], [3320], [8842], [7139], [6606], [1268], [4803], [5081], [4914], [4747], [58], [2705], [7077], [9531], [4607], [5155], [3920], [4359], [9570], [1639], [274], [3708], [2318], [60684], [9782], [54332], [1959], [23095], [285489], [1145], [3508], [7840], [51393], [2801], [1073], [9990], [57716], [84665], [91137], [79912]]
