Muscle hypertonicity:[[1432], [5743], [558], [10725], [6557], [259232]]
Muscular hypertonicity:[[]]
Tight muscle:[[6262], [2316], [3479], [4638], [406991], [7124], [9414], [1072], [81], [2475], [7040], [7157], [6469], [4851], [1956], [5728], [3091], [1499], [10891], [3757], [7422], [4000], [3162], [1432], [207], [2697], [5468], [4318], [3458], [407040], [3553], [596], [4780], [183], [2064], [2099], [6774], [351], [10413], [5594], [595], [999], [7421], [4313], [3576], [7099], [3605], [1080], [6722], [5970], [5467], [861], [801], [6093], [6347], [6714], [5879], [406935], [6696], [5747], [9076], [3606], [4609], [4089], [3565], [5566], [5595], [7046], [1786], [2934], [786], [1490], [3596], [5578], [5465], [177], [7097], [4843], [4137], [3123], [9314], [1739], [1000], [5562], [51738], [3383], [2033], [6772], [2309], [1113], [332], [19], [9475], [10269], [3082], [846], [79068], [3135], [406938], [6786], [8626], [22943], [3767], [6615], [718], [4288], [284], [1268], [494336], [581], [406947], [7351], [2150], [7128], [1839], [3265], [23586], [811], [5580], [4869], [5347], [274], [1019], [7042], [3551], [302], [182], [2305], [7415], [776], [1950], [3303], [5581], [406948], [2017], [255738], [7043], [406984], [3297], [5590], [407018], [481], [23621], [60], [5311], [208], [5327], [5340], [6591], [2159], [4316], [5770], [2034], [5579], [5584], [7430], [71], [864], [30835], [7153], [1536], [8091], [1525], [7494], [4303], [5515], [406906], [7045], [84868], [59341], [7408], [5742], [7414], [2081], [3716], [720], [1021], [1181], [406881], [5335], [23327], [4853], [1386], [493], [2833], [1894], [6010], [721], [823], [406934], [407010], [5308], [11149], [5321], [4907], [5734], [288], [5906], [7074], [4261]]
Hypermyotonias:[[]]
Muscle Hypertonias:[[]]
Increased muscle tone:[[1906], [859], [7040], [7124], [7422], [1956], [3162], [3091], [10725], [4846], [1636], [183], [775], [1401], [627], [5743], [6532], [2022], [154], [3759], [387], [4842], [51738], [6093], [5021], [4843], [796], [59272], [3356], [1000], [335], [1813], [5997], [79068], [328], [148], [1909], [1910], [26291], [2688], [3762], [133], [3741], [8877], [4128], [5592], [3778], [9475], [1536], [50616], [551], [5742], [10911], [5020], [10468], [3351], [3339], [4880], [55107], [6752], [7349], [5029], [563], [4659], [7337], [10365], [3777], [3779], [1729], [4053], [3067], [5908], [10267], [5731], [11117], [27094], [10242], [27345]]
Scottie cramp:[[820], [3091], [90861], [574044], [1813], [1861], [57465], [8989], [8910], [8575], [22901]]
Muscular Hypertonicity:[[]]
Muscle Hypertonia:[[]]
Hypermyotonia:[[]]
Muscular Hypertonicities:[[]]
Muscle hypertonia:[[]]
Hypertonia:[[9968], [221927], [22906]]
Increased tone:[[10725], [1956], [7422], [7124], [7040], [6532], [3091], [1636], [1906], [1401], [627], [1312], [5743], [4846], [6622], [1813], [3162], [154], [51738], [335], [183], [79068], [6531], [796], [387], [4843], [3356], [4128], [328], [59272], [2706], [5021], [2022], [2688], [3350], [133], [4842], [6093], [775], [50616], [551], [26291], [1536], [8877], [1909], [1000], [5742], [1910], [1621], [5997], [3778], [10911], [55107], [9475], [3339], [5020], [6019], [5592], [3759], [5029], [563], [7466], [3762], [3351], [7337], [148], [6752], [7349], [10468], [9780], [6750], [4880], [3741], [859], [10365], [2879], [5173], [6247], [4659], [6755], [3777], [1729], [3779], [4053], [3163], [6866], [5179], [3067], [5908], [10267], [5731], [11117], [5547], [114131], [90226], [8645], [100506013], [27094], [10242], [27345], [116842]]
Tone Increased Muscle:[[1906], [859], [7040], [7124], [7422], [1956], [3162], [3091], [10725], [4846], [1636], [183], [775], [1401], [627], [5743], [6532], [2022], [154], [3759], [387], [4842], [51738], [6093], [5021], [4843], [796], [59272], [3356], [1000], [335], [1813], [5997], [79068], [328], [148], [1909], [1910], [26291], [2688], [3762], [133], [3741], [8877], [4128], [5592], [3778], [9475], [1536], [50616], [551], [5742], [10911], [5020], [10468], [3351], [3339], [4880], [55107], [6752], [7349], [5029], [563], [4659], [7337], [10365], [3777], [3779], [1729], [4053], [3067], [5908], [10267], [5731], [11117], [27094], [10242], [27345]]
High muscle tone:[[335], [1906], [859], [7040], [1401], [7124], [7422], [1956], [3162], [3091], [10725], [775], [4846], [1636], [183], [627], [5743], [6532], [2022], [154], [3759], [387], [4842], [51738], [5021], [4843], [1000], [59272], [3356], [1813], [6093], [796], [79068], [328], [2688], [133], [26291], [3762], [3778], [5997], [8877], [1909], [4128], [3741], [1910], [5592], [50616], [9475], [551], [1536], [5742], [6752], [10468], [55107], [3351], [10911], [5020], [4659], [563], [7337], [4880], [3339], [10365], [3779], [6303], [5908], [4053], [3067], [406965]]
