Cardiomyopathy Dilated X-Linked:[[367], [1756], [7124], [7157], [3569], [3586], [6774], [4790], [4846], [1906], [959], [8743], [185], [114548], [3920], [8573], [63976]]
MUSCULAR DYSTROPHY PSEUDOHYPERTROPHIC PROGRESSIVE DUCHENNE TYPE:[[8291], [7422], [79147], [1756], [4313], [3708], [7040], [2697], [6696], [1080], [3105], [8842], [142], [4282], [1268], [3320], [5155], [7077]]
DMD:[[1756], [351], [3576], [4780], [177], [5621], [3791], [213], [356], [4763], [100873916], [3172], [2316], [3066], [7514], [4842], [6261], [2113], [7273], [2641], [58], [3659], [27185], [3880], [2919], [1634], [4734], [4217], [105259599], [7014], [408], [22933], [5978], [406989], [9564], [7498], [8290], [3856], [4171], [406976], [2101], [993], [7013], [7074], [70], [1605], [1495], [633], [7402], [5961], [6373], [4543], [7706], [4154], [3915], [2920], [3912], [406977], [79147], [2011], [79626], [1838], [284217], [2182], [1908], [79026], [3679], [375790], [9463], [54443], [284119], [9928], [9493], [10992], [5589], [1837], [11141], [57144], [8525], [6640], [10161], [8139], [3768], [2921], [8425], [56992], [6671], [3761], [6645], [23371], [7145], [8727], [114876], [6641], [26994], [64759], [8618], [4799], [54212], [24138], [93664], [90933], [26146], [115106], [51678], [137868], [9818], [54930], [54221], [5239], [80131], [127294], [84058], [79836], [57664]]
Cardiomyopathy Dilated 3B:[[1756], [3569], [4318], [2099], [6774], [4609], [3958], [7291], [574411]]
DUCHENNE MUSCULAR DYSTROPHY:[[1756], [7040], [1080], [6696], [3106], [4313], [3605], [3105], [2908], [154], [177], [142], [4282], [3320], [2335], [2697], [7076], [8842], [1268], [7052], [7048], [5562], [7077], [7273], [5155], [406989], [89], [2660], [84062], [3708], [8291], [823], [7498], [29108], [3339], [5009], [7013], [406976], [10725], [824], [7402], [1605], [148738], [51393], [406977], [837], [2817], [1908], [8425], [3679], [22954], [6445], [1837], [6640], [9672], [23336], [6645], [8082], [6641], [282808], [54221], [81493], [25891]]
MUSCULAR DYSTROPHY DUCHENNE TYPE:[[8291], [7422], [79147], [7048], [1756], [4313], [3708], [7273], [3106], [1605], [823], [148738], [824], [22954], [7040], [6445], [2335], [2697], [6696], [177], [9672], [1080], [3105], [2908], [8842], [3605], [7498], [29108], [154], [142], [7076], [4282], [1268], [7052], [3320], [7402], [5562], [1908], [5155], [837], [2660], [3339], [89], [7077], [1837], [406989], [84062], [406976], [10725], [8425], [844], [8082], [23336]]
Pseudohypertrophic Muscular Dystrophy Childhood:[[]]
Duchenne muscular dystrophy:[[1756], [7040], [1080], [6696], [3106], [4313], [3605], [3105], [2908], [154], [177], [142], [4282], [3320], [2335], [2697], [7076], [8842], [1268], [7052], [7048], [5562], [7077], [7273], [5155], [406989], [89], [2660], [84062], [3708], [8291], [823], [7498], [29108], [3339], [5009], [7013], [406976], [10725], [824], [7402], [1605], [148738], [51393], [406977], [837], [2817], [1908], [8425], [3679], [22954], [6445], [1837], [6640], [9672], [23336], [6645], [8082], [6641], [282808], [54221], [81493], [25891]]
Pseudohypertrophic Muscular Dystrophy:[[]]
Muscular Dystrophy Duchenne Type:[[8291], [7422], [79147], [7048], [1756], [4313], [3708], [7273], [3106], [1605], [823], [148738], [824], [22954], [7040], [6445], [2335], [2697], [6696], [177], [9672], [1080], [3105], [2908], [8842], [3605], [7498], [29108], [154], [142], [7076], [4282], [1268], [7052], [3320], [7402], [5562], [1908], [5155], [837], [2660], [3339], [89], [7077], [1837], [406989], [84062], [406976], [10725], [8425], [844], [8082], [23336]]
Pseudohypertrophic muscular dystrophy:[[]]
Muscular Dystrophy Duchenne:[[8291], [1756], [7273], [79147], [1605], [7422], [7040], [6696], [1080], [3106], [4313], [3605], [3105], [2908], [154], [177], [142], [4282], [6445], [7076], [3679], [3320], [2335], [2697], [8842], [1268], [7052], [7048], [5562], [7077], [2660], [406989], [5155], [7402], [89], [84062], [3708], [823], [7498], [29108], [3339], [5009], [7013], [406976], [10725], [22954], [8425], [824], [1837], [148738], [51393], [406977], [837], [2817], [1908], [6640], [8082], [9672], [23336], [844], [6645], [6641], [282808], [54221], [81493], [25891]]
Muscular Dystrophy Pseudohypertrophic Progressive Duchenne Type:[[8291], [7422], [79147], [1756], [4313], [3708], [7040], [2697], [6696], [1080], [3105], [8842], [142], [4282], [1268], [3320], [5155], [7077]]
Benign Duchenne muscular dystrophy:[[7040], [4313], [6696], [1080], [3605], [3105], [154], [142], [7076], [8842], [2335], [3320], [7048], [7077], [29108], [2817]]
DMD - Duchenne muscular dystrophy:[[1756], [177], [7273], [406989], [7498], [7402], [406976], [7013], [1605], [406977], [1908], [8425], [3679], [1837], [6640], [6645], [6641], [54221]]
Duchenne-Type Progressive Muscular Dystrophy:[[]]
Progressive Muscular Dystrophy Duchenne Type:[[8291], [7422], [79147], [1756], [4313], [3708], [7040], [2697], [6696], [1080], [3105], [8842], [142], [4282], [1268], [3320], [5155], [7077]]
