Muscle Hypotonia:[[4041], [57176], [116228]]
Low muscle tone:[[1906], [7040], [335], [7124], [7422], [3162], [1956], [3091], [1401], [4846], [183], [1636], [79068], [627], [5743], [6532], [2022], [154], [26291], [51738], [1813], [387], [5021], [4842], [5997], [3356], [4843], [796], [59272], [328], [6093], [1000], [3741], [4128], [2688], [5592], [133], [1910], [551], [8877], [3339], [5020], [1536], [5742], [50616], [3351], [10468], [6752], [55107], [7349], [7337], [4880], [4659], [10911], [563], [10365], [3777], [6303], [1729], [5908], [23543]]
Hypotonus:[[]]
Muscle hypotonia:[[4041], [57176], [116228]]
Decreased muscle tone:[[]]
Loose muscle tone:[[]]
Muscle hypotonicity:[[4638], [857], [1080], [59341], [51393], [56262]]
Hypomyotonia:[[]]
Muscle Hypotony:[[]]
Hypotonia:[[6647], [259232], [5430], [100415942], [1487], [6844], [4204], [1024], [25], [4128], [6857], [104], [5277], [1822], [2917], [55210], [6786], [5562], [5080], [6261], [3376], [5428], [1139], [8567], [4041], [58], [7337], [58497], [23556], [1795], [4359], [4129], [253738], [4208], [93627], [285175], [2566], [9378], [1185], [53335], [10026], [6792], [57520], [51604], [478], [6567], [84628], [253959], [6901], [2782], [6519], [54681], [776], [51305], [5813], [2775], [3745], [3798], [6314], [79718], [374969], [7084], [2218], [9757], [11253], [2731], [23522], [83696], [5250], [51244], [832], [57465], [6536], [285362], [108449888], [9581], [1106], [57459], [108449897], [3188], [8621], [10681], [4967], [2593], [80816], [84879], [55768], [26999], [18], [54968], [23389], [8905], [8609], [492], [54551], [51322], [57176], [79581], [26235], [728294], [55823], [10717], [8506], [51761], [27245], [57731], [9853], [116228], [94104], [54872], [4285], [9949], [79823], [11019], [10311], [51633], [100240748], [108281115], [108281114], [108281113], [108004532], [108004531]]
Tone Poor Muscle:[[1906], [7040], [7124], [7422], [1956], [3091], [3162], [10725], [1636], [1401], [627], [5743], [4846], [2022], [6532], [183], [387], [154], [6093], [335], [4843], [51738], [5997], [1000], [5021], [3356], [148], [328], [1813], [79068], [796], [1909], [133], [9475], [26291], [8877], [4128], [551], [1536], [55107], [5742], [5020], [6752], [3339], [4659], [10365], [4053], [5908]]
Poor muscle tone:[[1906], [7040], [7124], [7422], [1956], [3091], [3162], [10725], [1636], [1401], [627], [5743], [4846], [2022], [6532], [183], [387], [154], [6093], [335], [4843], [51738], [5997], [1000], [5021], [3356], [148], [328], [1813], [79068], [796], [1909], [133], [9475], [26291], [8877], [4128], [551], [1536], [55107], [5742], [5020], [6752], [3339], [4659], [10365], [4053], [5908]]
Muscular hypotonia:[[6786], [1139], [3376], [5250], [2593], [26999], [54968], [492], [26235], [253959], [11019]]
Muscle Tone Decreased:[[1906], [859], [7040], [7124], [7422], [1956], [3162], [3091], [4846], [10725], [1636], [1401], [627], [5743], [6532], [183], [154], [2022], [775], [3759], [387], [51738], [1000], [5021], [4843], [6093], [335], [1813], [59272], [4842], [79068], [328], [26291], [3356], [2688], [796], [148], [133], [3741], [1909], [9475], [3778], [1536], [4128], [8877], [50616], [5020], [551], [5742], [55107], [3351], [6752], [563], [4880], [3339], [7337], [10365], [4659], [5029], [6303], [3779], [5908], [10267], [5731], [23543], [143872], [10242], [27345]]
Muscular Hypotonia:[[6786], [1139], [3376], [5250], [2593], [26999], [54968], [492], [26235], [253959], [11019]]
