Amyotrophia:[[]]
Muscle Atrophy:[[114907], [2475], [3479], [1080], [4313], [10891], [2273], [2309], [8626], [3065], [3600], [3667], [9518], [2308], [8837], [6198], [2688], [2934], [4842], [7273], [89], [6720], [7528], [6606], [2660], [10013], [3491], [4656], [5820], [4747], [6329], [1760], [4654], [84676], [4502], [7942], [6423], [868], [831], [2628], [4489], [4633], [619554], [4593], [7084], [3508], [8996], [10724], [9499], [6236], [114780], [338599], [192343]]
Muscle Atrophies:[[]]
Amyotrophy:[[5832], [10801], [7077], [8877], [6905], [114757], [5414], [6242], [4574], [55752], [57562], [65250]]
Muscle atrophy:[[114907], [2475], [3479], [1080], [4313], [10891], [2273], [2309], [8626], [3065], [3600], [3667], [9518], [2308], [8837], [6198], [2688], [2934], [4842], [7273], [89], [6720], [7528], [6606], [2660], [10013], [3491], [4656], [5820], [4747], [6329], [1760], [4654], [84676], [4502], [7942], [6423], [868], [831], [2628], [4489], [4633], [619554], [4593], [7084], [3508], [8996], [10724], [9499], [6236], [114780], [338599], [192343]]
Muscular Atrophies:[[59341]]
Muscle thinning:[[348], [775], [4780], [3952], [627], [3146], [23435], [1760], [1268], [4976], [60], [1289], [288], [5026]]
Muscular atrophy:[[6606], [109504725], [59341], [367], [7040], [23299], [94008], [8293], [6622], [2475], [538], [101241900], [246751], [8094], [1778], [10280], [3480], [7317], [427], [9217], [3508], [2617], [2521], [6607], [59272], [598], [1017], [7048], [203228], [8487], [400916], [6261], [375513], [387036], [5617], [6776], [2130], [5901], [2668], [4747], [3300], [4359], [100506658], [5358], [4671], [10285], [3339], [407010], [1639], [5976], [407046], [51008], [9325], [442904], [7942], [10498], [9782], [57449], [4670], [7443], [10492], [23064], [9997], [8148], [6434], [1314], [7084], [9221], [11218], [2966], [1804], [63895], [23603], [50628], [8882], [2733], [58497], [8609], [6631], [83988], [2531], [57222], [91782], [26871], [51059], [647859]]
Muscular Atrophy:[[6606], [109504725], [59341], [367], [7040], [23299], [94008], [8293], [6622], [2475], [538], [101241900], [246751], [8094], [1778], [10280], [3480], [7317], [427], [9217], [3508], [2617], [2521], [6607], [59272], [598], [1017], [7048], [203228], [8487], [400916], [6261], [375513], [387036], [5617], [6776], [2130], [5901], [2668], [4747], [3300], [4359], [100506658], [5358], [4671], [10285], [3339], [407010], [1639], [5976], [407046], [51008], [9325], [442904], [7942], [10498], [9782], [57449], [4670], [7443], [10492], [23064], [9997], [8148], [6434], [1314], [7084], [9221], [11218], [2966], [1804], [63895], [23603], [50628], [8882], [2733], [58497], [8609], [6631], [83988], [2531], [57222], [91782], [26871], [51059], [647859]]
Muscle wasting:[[488], [3479], [1756], [84676], [2660], [7124], [114907], [3569], [4656], [9370], [4654], [3952], [4790], [3553], [3586], [6647], [2099], [2247], [6774], [1401], [7852], [3600], [2934], [7291], [51738], [3486], [1760], [1605], [252995], [8074], [9518], [4879], [2548], [7169], [494336], [2010], [648], [5610], [7352], [10468], [4306], [5081], [1832], [7879], [3727], [2768], [83667], [117159], [23394], [9774], [10367], [10869], [27244], [100128927]]
Muscle wasting disorder:[[488], [3479], [1756], [7124], [3569], [9370], [3952], [3553], [2099], [1401], [3586], [6647], [3486], [4790], [6774], [2247], [51738], [7852], [3600], [7291], [8074], [1760], [252995], [2548], [9518], [2768], [4306], [1832], [117159], [23394], [10367], [100128927]]
