Fungus Disease:[[]]
Fungus Diseases:[[]]
Infection Fungal:[[6774], [7124], [348], [7422], [7040], [3586], [3091], [7099], [4790], [3458], [2475], [7097], [3605], [4153], [1026], [3958], [929], [6772], [3557], [4843], [4615], [90865], [7098], [3596], [6597], [5879], [796], [1387], [5806], [30835], [3689], [1906], [820], [5578], [3456], [50616], [85480], [54210], [3439], [6850], [64581], [3574], [959], [1116], [943], [8600], [718], [2547], [6441], [6376], [6590], [8202], [9314], [1269], [7096], [2736], [1000], [100506658], [3577], [1118], [3683], [7416], [10333], [2512], [5266], [1441], [921], [64170], [50848], [325], [259197], [9075], [50489], [989], [90070], [84905], [26253], [9871], [113174], [192343]]
Disease caused by fungus:[[3586], [7157], [64170], [3458], [114548], [4353], [3605], [7099], [1026], [4193], [57817], [6280], [718], [7052], [1113], [6850], [1991], [578], [3684], [6283], [1670], [3347], [728358]]
Infections Fungal:[[6772], [3586], [7124], [7099], [3458], [7097], [348], [7040], [6774], [4790], [4153], [3091], [2475], [3605], [7098], [796], [5806], [929], [90865], [4615], [3439], [1906], [5879], [3958], [64581], [4843], [3456], [54210], [718], [820], [959], [50616], [30835], [85480], [10631], [6376], [3574], [6441], [64170], [7096], [2512], [6869], [6590], [1441], [868], [10333], [11010], [167], [152007], [7180], [144321], [221476], [283971], [140902], [84905], [192343]]
Infections Fungus:[[7157], [7099], [3586], [3458], [3605], [54106], [114548], [57817], [718], [1991], [64581], [1667], [64170], [1670], [117159], [1668], [3347], [8547], [84659]]
Mycotic disease:[[1493], [5979], [64127], [11315], [351], [8792], [348], [5071], [1910], [3064], [3586], [6774], [3123], [1029], [6622], [4137], [540], [5310], [3717], [6347], [24], [1201], [6387], [3119], [120892], [335], [7450], [5621], [7422], [3569], [338], [5311], [3949], [3107], [4287], [19], [4023], [5664], [57623], [1071], [3558], [4314], [255738], [4088], [356], [3117], [26191], [1191], [653361], [1586], [958], [26503], [1401], [2629], [4018], [3593], [116519], [6927], [4688], [729230], [3106], [864], [3570], [80339], [7415], [6597], [2244], [59067], [345], [8651], [3115], [10577], [149233], [5314], [6261], [3592], [7957], [1030], [28], [10320], [1234], [3659], [246778], [3990], [4041], [1378], [100048912], [3077], [3383], [6775], [5376], [9173], [2161], [55600], [26058], [7439], [1138], [4361], [4582], [7369], [1956], [1282], [3122], [6653], [4747], [51752], [7124], [4359], [538], [55054], [1136], [6311], [5663], [3931], [3992], [2646], [6584], [337], [9966], [4321], [56606], [217], [1235], [274], [5734], [2524], [7040], [341], [7292], [3953], [4524], [1232], [6272], [5966], [5771], [2308], [54901], [4068], [7332], [8878], [3562], [100507436], [9388], [3084], [2099], [10452], [3559], [6583], [5328], [8301], [1636], [3635], [4693], [1230], [2212], [945], [4318], [29881], [9370], [5243], [367], [4790], [7128], [7421], [64241], [54332], [6403], [1373], [7077], [4846], [94103], [51085], [2243], [10019], [345611], [7015], [4311], [2581], [10221], [56731], [7840], [2876], [940], [6606], [60468], [3595], [2266], [50941], [100359403], [3458], [221692], [10347], [3658], [3133], [2904], [64478], [1394], [64170], [64399], [5594]]
Unspecified mycosis:[[7157], [7422], [6774], [1029], [3091], [7421], [355], [142], [8651], [7424], [7133], [3190], [6885], [6775], [56616]]
MYCOSES:[[]]
Fungal infectious disease:[[3458], [30835]]
Mycoses (B35-B49):[[]]
Mycosis:[[7157], [7422], [5728], [3091], [1029], [4318], [6774], [7421], [7099], [3458], [50943], [5133], [7097], [355], [4851], [1493], [142], [4292], [406947], [6648], [8626], [238], [407040], [54106], [1191], [1803], [90865], [7133], [7424], [59067], [4684], [8651], [3115], [1030], [5175], [6279], [407021], [943], [51561], [406992], [1673], [1236], [2833], [407008], [6885], [406952], [6775], [1672], [3190], [23705], [9235], [6869], [56616], [6863], [6304], [3718], [931], [406950], [6404], [407050], [3578], [6278], [406995], [1232], [3440], [55894], [1233], [386653], [407975], [406953], [9437], [2171], [6955], [3812], [3385], [64919], [406951], [1036], [10875], [81858], [10850], [6965], [26052], [2826], [89795], [605], [133396], [54509]]
Fungal Diseases:[[7124], [348], [7422], [7040], [3586], [3091], [7099], [4790], [3458], [2475], [6774], [7097], [3605], [929], [4153], [90865], [1387], [6597], [3958], [6772], [1116], [8600], [2033], [1026], [3557], [3596], [9575], [1906], [5879], [4615], [10631], [5806], [5578], [718], [85480], [7098], [4843], [959], [6850], [50616], [796], [6376], [695], [3456], [3689], [820], [54210], [3439], [7351], [326], [9314], [50489], [2547], [6441], [3574], [943], [1269], [1118], [200576], [2512], [7096], [7416], [2186], [6590], [51586], [64170], [50848], [868], [25836], [325], [6625], [9075], [259197], [989], [192343]]
Infection Fungus:[[7157], [7099], [3586], [3605], [3458], [4193], [1026], [114548], [57817], [54106], [4353], [6280], [6850], [7052], [6279], [718], [1991], [1667], [578], [3684], [2597], [383], [9474], [64581], [1670], [6283], [1511], [10578], [64806], [64170], [1668], [84659], [8547], [728358], [26253], [1669], [338322]]
Fungus infection:[[7157], [7099], [3586], [3605], [3458], [4193], [1026], [114548], [57817], [54106], [4353], [6280], [6850], [7052], [6279], [718], [1991], [1667], [578], [3684], [2597], [383], [9474], [64581], [1670], [6283], [1511], [10578], [64806], [64170], [1668], [84659], [8547], [728358], [26253], [1669], [338322]]
Mycoses:[[]]
Fungal infection:[[6774], [7124], [348], [7422], [7040], [3586], [3091], [7099], [4790], [3458], [2475], [7097], [3605], [4153], [1026], [3958], [929], [6772], [3557], [4843], [4615], [90865], [7098], [3596], [6597], [5879], [796], [1387], [5806], [30835], [3689], [1906], [820], [5578], [3456], [50616], [85480], [54210], [3439], [6850], [64581], [3574], [959], [1116], [943], [8600], [718], [2547], [6441], [6376], [6590], [8202], [9314], [1269], [7096], [2736], [1000], [100506658], [3577], [1118], [3683], [7416], [10333], [2512], [5266], [1441], [921], [64170], [50848], [325], [259197], [9075], [50489], [989], [90070], [84905], [26253], [9871], [113174], [192343]]
Fungal infections:[[6772], [3586], [7124], [7099], [3458], [7097], [348], [7040], [6774], [4790], [4153], [3091], [2475], [3605], [7098], [796], [5806], [929], [90865], [4615], [3439], [1906], [5879], [3958], [64581], [4843], [3456], [54210], [718], [820], [959], [50616], [30835], [85480], [10631], [6376], [3574], [6441], [64170], [7096], [2512], [6869], [6590], [1441], [868], [10333], [11010], [167], [152007], [7180], [144321], [221476], [283971], [140902], [84905], [192343]]
Fungal Disease:[[348], [3586], [6774], [6597], [7422], [7124], [7040], [4790], [64170], [3458], [57178], [2033], [3557], [6772], [4843], [8600], [3596], [3091], [7099], [50616], [85480], [6441], [2475], [7097], [1387], [3605], [1026], [3577], [6309], [4153], [3683], [1906], [5879], [3958], [929], [9575], [8648], [4615], [90865], [7098], [50848], [718], [959], [921], [64581], [5578], [796], [6850], [1116], [405], [5806], [30835], [3689], [8202], [10631], [7351], [54210], [3456], [3439], [820], [6376], [695], [5268], [3574], [1000], [943], [2547], [9314], [326], [1269], [55636], [2736], [1118], [2512], [8289], [7096], [7416], [10499], [6869], [23215], [5266], [10333], [7704], [325], [1441], [57492], [3069], [868], [200576], [10777], [9075], [100506658], [2186], [6625], [2182], [6590], [51586], [55193], [9169], [23054], [26137], [22864], [23126], [25836], [51008], [259197], [6760], [90070], [55904], [163786], [80114], [50489], [989], [1105], [11010], [10682], [388325], [9887], [9871], [4580], [26253], [84700], [8192], [7180], [56945], [152007], [55534], [54875], [64744], [388753], [23518], [4238], [192343], [100303755], [493753]]
