Ischaemic heart disease:[[348], [338], [19], [4023], [1401], [335], [7124], [1636], [3569], [7422], [4524], [7040], [217], [4314], [4846], [4879], [3091], [4318], [5444], [463], [7099], [3952], [3123], [3479], [4313], [7450], [7097], [5054], [1234], [7852], [5308], [4018], [3565], [177], [3162], [154], [6387], [2153], [2147], [114548], [3119], [3791], [3690], [4312], [4282], [3958], [213], [11093], [2335], [3486], [7139], [5624], [959], [80310], [1535], [1050], [2244], [6720], [5167], [5144], [186], [2670], [6446], [3624], [7035], [6721], [406911], [2875], [10747], [11173], [406918], [4482], [5322]]
Myocardial ischemia:[[3569], [7040], [3091], [4318], [3586], [1636], [4879], [1401], [3553], [7099], [4846], [5468], [3952], [4313], [1026], [23411], [6387], [3146], [154], [355], [2932], [1432], [4982], [183], [4282], [3958], [1277], [3757], [213], [861], [2697], [1471], [4353], [11093], [650], [356], [1490], [7137], [7139], [2034], [6469], [4323], [8678], [9021], [153], [4684], [5228], [551], [4311], [7273], [407006], [1113], [2167], [8862], [284], [23410], [406952], [4254], [64805], [2170], [1514], [3939], [406907], [51206], [156], [5820], [374], [1890], [3589], [8398], [1525], [9290], [151], [5368], [8554], [1158], [187], [6761], [406909], [1152], [7349], [23576], [406962], [151306], [64344], [406908], [442909], [26168], [4898], [1652], [100302276], [64094], [442898], [100126351]]
Myocardial Ischemias:[[]]
IHD - Ischemic heart disease:[[348], [7422], [1636], [6347], [19], [3627], [3990], [6364], [6367], [248], [7753]]
Ischemic heart diseases (I20-I25):[[]]
Ischemic heart disease:[[348], [4524], [7124], [1956], [3569], [7040], [7422], [3091], [2099], [9370], [3586], [1401], [1636], [7099], [4846], [3123], [3553], [3479], [4879], [6347], [335], [2952], [2147], [2153], [3077], [3815], [3162], [1557], [2932], [177], [185], [338], [1906], [1559], [19], [3557], [4023], [114548], [6331], [6934], [1071], [4353], [2152], [56729], [3627], [2308], [11093], [1116], [1268], [3620], [4018], [2155], [3570], [5566], [7137], [4057], [6464], [947], [4842], [6720], [7056], [246778], [3484], [4878], [3990], [5167], [1910], [6775], [186], [7082], [6364], [2246], [7448], [6649], [1909], [4547], [6721], [4256], [7498], [368], [4522], [2168], [9619], [6804], [2053], [5893], [6367], [6310], [4056], [4175], [4881], [10221], [80149], [2730], [248], [221458], [9439], [522], [7753], [192144]]
Myocardial Ischemia:[[3569], [7040], [3091], [4318], [3586], [1636], [4879], [1401], [3553], [7099], [4846], [5468], [3952], [4313], [1026], [23411], [6387], [3146], [154], [355], [2932], [1432], [4982], [183], [4282], [3958], [1277], [3757], [213], [861], [2697], [1471], [4353], [11093], [650], [356], [1490], [7137], [7139], [2034], [6469], [4323], [8678], [9021], [153], [4684], [5228], [551], [4311], [7273], [407006], [1113], [2167], [8862], [284], [23410], [406952], [4254], [64805], [2170], [1514], [3939], [406907], [51206], [156], [5820], [374], [1890], [3589], [8398], [1525], [9290], [151], [5368], [8554], [1158], [187], [6761], [406909], [1152], [7349], [23576], [406962], [151306], [64344], [406908], [442909], [26168], [4898], [1652], [100302276], [64094], [442898], [100126351]]
Ischemic Heart Disease:[[348], [4524], [7124], [1956], [3569], [7040], [7422], [3091], [2099], [9370], [3586], [1401], [1636], [7099], [4846], [3123], [3553], [3479], [4879], [6347], [335], [2952], [2147], [2153], [3077], [3815], [3162], [1557], [2932], [177], [185], [338], [1906], [1559], [19], [3557], [4023], [114548], [6331], [6934], [1071], [4353], [2152], [56729], [3627], [2308], [11093], [1116], [1268], [3620], [4018], [2155], [3570], [5566], [7137], [4057], [6464], [947], [4842], [6720], [7056], [246778], [3484], [4878], [3990], [5167], [1910], [6775], [186], [7082], [6364], [2246], [7448], [6649], [1909], [4547], [6721], [4256], [7498], [368], [4522], [2168], [9619], [6804], [2053], [5893], [6367], [6310], [4056], [4175], [4881], [10221], [80149], [2730], [248], [221458], [9439], [522], [7753], [192144]]
Myocardial ischaemia:[[6387], [7157], [7422], [4318], [9370], [4846], [3091], [4879], [6347], [2147], [3576], [1906], [627], [4282], [3162], [213], [355], [54822], [7139], [3082], [11093], [3791], [56729], [6772], [356], [2034], [5069], [1958], [6280], [2056], [50507], [406913], [1158], [156], [3778], [134], [7138], [8767], [1152], [6259], [192343]]
Cardiac ischemia:[[6331], [7139], [7137], [488], [4851], [4607], [3757], [2697], [1026], [7124], [7157], [650], [596], [7422], [3091], [406991], [7040], [3084], [4318], [1401], [4846], [857], [348], [2475], [5728], [3479], [4879], [3569], [6548], [6774], [7099], [9370], [1636], [1906], [5594], [183], [7273], [846], [6546], [3162], [4790], [3146], [7852], [4524], [3586], [4780], [3952], [1499], [4313], [1432], [3934], [10413], [406937], [3815], [947], [154], [185], [3553], [142], [5468], [6387], [4282], [6532], [3958], [1113], [406922], [23411], [3717], [213], [6622], [2146], [5465], [10891], [406971], [5743], [4609], [5444], [5595], [1029], [7097], [861], [2147], [3791], [6696], [1471], [3606], [5054], [6347], [3576], [2247], [796], [6647], [355], [57817], [595], [2153], [2932], [3480], [177], [3082], [5970], [3383], [406947], [133], [3605], [4842], [7450], [1490], [960], [56729], [3767], [4153], [406938], [335], [2056], [51738], [6093], [407040], [655], [153], [6285], [4982], [2908], [7412], [7132], [11093], [1385], [328], [5058], [6667], [5027], [217], [114548], [718], [2321], [378938], [929], [7076], [1958], [8678], [7077], [9173], [3557], [406952], [90865], [5972], [338], [959], [5599], [7133], [9475], [356], [406982], [2309], [4353], [2152], [1277], [5159], [1803], [2641], [5978], [3371], [6794], [551], [6469], [4323], [285], [10631], [2170], [9518], [598], [958], [2034], [8862], [7295], [6403], [186], [156], [3303], [6597], [4018], [6280], [805], [5580], [4192], [23410], [4217], [847], [5025], [3685], [284], [6401], [100124700], [10059], [55600], [9021], [7351], [197], [50507], [406992]]
IHD - Ischaemic heart disease:[[348], [19], [1636], [7422], [2875]]
Ischemic Heart Diseases:[[472], [60675], [126259]]
ISCHEMIC HEART DISEASE:[[348], [4524], [7124], [1956], [3569], [7040], [7422], [3091], [2099], [9370], [3586], [1401], [1636], [7099], [4846], [3123], [3553], [3479], [4879], [6347], [335], [2952], [2147], [2153], [3077], [3815], [3162], [1557], [2932], [177], [185], [338], [1906], [1559], [19], [3557], [4023], [114548], [6331], [6934], [1071], [4353], [2152], [56729], [3627], [2308], [11093], [1116], [1268], [3620], [4018], [2155], [3570], [5566], [7137], [4057], [6464], [947], [4842], [6720], [7056], [246778], [3484], [4878], [3990], [5167], [1910], [6775], [186], [7082], [6364], [2246], [7448], [6649], [1909], [4547], [6721], [4256], [7498], [368], [4522], [2168], [9619], [6804], [2053], [5893], [6367], [6310], [4056], [4175], [4881], [10221], [80149], [2730], [248], [221458], [9439], [522], [7753], [192144]]
