Obstruction Nasal Airway:[[4586], [6337], [51297], [7422], [7040], [6338], [7124], [4318], [3569], [1080], [5743], [4790], [7097], [3383], [5594], [6352], [4312], [92747], [4846], [999], [6347], [3952], [2944], [5054], [4780], [6696], [1116], [3162], [355], [857], [7076], [1950], [929], [1385], [2247], [56729], [55107], [7356], [50507], [80332], [6037], [6441], [358], [5008], [653509], [9235], [362], [6362], [6340]]
Obstructions Nasal:[[]]
Nasal obstruction:[[56729]]
Nasal blockage:[[7157], [7124], [7422], [3569], [6774], [1956], [3091], [4318], [7099], [5243], [4790], [596], [3586], [5728], [207], [351], [1029], [6347], [7421], [4609], [999], [2475], [54106], [3480], [5970], [5594], [1026], [2932], [4780], [406991], [10631], [177], [2146], [64127], [5133], [7098], [3791], [7490], [2247], [860], [7412], [3685], [5294], [5734], [283], [27035], [3577], [3665], [64581], [23765], [57531], [9690], [192343]]
Nasal obstruction present:[[56729]]
NO - Nasal obstruction:[[56729]]
Obstruction Nasal:[[6337], [6338], [51297], [7422], [7040], [7124], [4318], [3569], [1080], [5743], [92747], [4790], [7015], [4312], [6347], [4846], [999], [7097], [3383], [2944], [6352], [3952], [5594], [5054], [4879], [355], [4780], [6696], [3162], [3934], [857], [929], [3082], [1950], [338], [682], [4586], [56729], [2247], [133], [4204], [1385], [7076], [8600], [1116], [5156], [358], [2066], [6441], [653509], [50507], [9235], [6037], [54210], [5008], [55107], [362], [7356], [80332], [6362], [6340], [871], [72]]
Nasal airway obstruction:[[51297], [7040], [4318], [92747], [4312], [6352], [3952], [5054], [6696], [3162], [929], [4586], [653509], [9235], [6037]]
Nasal Blockage:[[7157], [7124], [7422], [3569], [6774], [1956], [3091], [4318], [7099], [5243], [4790], [596], [3586], [5728], [207], [351], [1029], [6347], [7421], [4609], [999], [2475], [54106], [3480], [5970], [5594], [1026], [2932], [4780], [406991], [10631], [177], [2146], [64127], [5133], [7098], [3791], [7490], [2247], [860], [7412], [3685], [5294], [5734], [283], [27035], [3577], [3665], [64581], [23765], [57531], [9690], [192343]]
Nasal Blockages:[[7015]]
