Neck Ache:[[]]
Pains Cervical:[[3688]]
Pain Cervical:[[3123], [7124], [3586], [3569], [7422], [3553], [627], [7852], [1401], [2099], [7040], [3576], [4318], [7099], [5743], [6387], [2475], [4790], [5594], [5243], [1312], [3106], [999], [348], [3458], [6347], [3146], [29126], [3605], [5595], [1906], [5290], [3119], [7097], [50943], [1565], [154], [3479], [4879], [5037], [5027], [6280], [23411], [6696], [5133], [3593], [3952], [4846], [5468], [3606], [4282], [1432], [5979], [406937], [3557], [3552], [4312], [3934], [3725], [857], [406947], [7132], [7442], [3958], [3558], [4353], [2643], [2263], [2335], [114548], [6648], [1910], [4982], [5806], [729230], [3620], [4314], [1191], [1020], [650], [8600], [1116], [2321], [3082], [2697], [56729], [10855], [4210], [5599], [5578], [2896], [94025], [6279], [7133], [9518], [6285], [2150], [4049], [2260], [8792], [959], [3673], [9365], [2353], [3303], [5228], [6548], [5020], [203228], [3570], [153], [358], [6678], [2852], [1280], [1392], [51561], [301], [406907], [7345], [361], [5742], [1991], [116], [5025], [2833], [1437], [407008], [64805], [7494], [406932], [624], [51094], [2081], [7100], [54210], [972], [1909], [1520], [7850], [406989], [1386], [2171], [4856], [6366], [1082], [5047], [148], [406921], [406904], [6750], [4758], [407037], [5179], [574447], [9308], [4887], [3625], [4886], [8115], [60675], [406925], [57468], [30818], [10724], [647979], [151647], [23129], [2063], [3218], [63982], [192343], [6775079]]
Cervicalgia:[[]]
Cervical pain:[[]]
Neck Aches:[[]]
Cervicodynias:[[]]
Neck pain:[[1312], [27430]]
Painful neck:[[1956], [7422], [3569], [5743], [999], [406991], [627], [1312], [6532], [1277], [1490]]
Neck ache:[[]]
Neckaches:[[]]
Cervicodynia:[[]]
Pains Neck:[[3688]]
Pain Neck:[[3569], [5290], [7124], [4914], [3586], [7422], [2099], [4318], [7040], [5743], [1401], [7852], [2475], [627], [4790], [1312], [3553], [6387], [6347], [6532], [29126], [999], [3576], [348], [3479], [7099], [5594], [1565], [5133], [154], [6696], [9370], [3146], [5979], [5468], [4982], [3717], [1432], [50943], [3815], [3162], [23411], [7132], [6280], [7097], [51738], [3552], [3606], [114548], [3119], [4312], [3082], [2908], [4314], [857], [4803], [6648], [6863], [7490], [3934], [8600], [2321], [2260], [10855], [5599], [5578], [6279], [90865], [2263], [4157], [5806], [1020], [2149], [1191], [959], [4311], [1116], [55107], [3570], [4160], [8856], [3303], [842], [4804], [5742], [301], [6678], [2353], [9332], [1548], [8792], [4322], [2833], [1437], [3554], [9536], [51094], [406907], [624], [7100], [156], [51083], [406989], [7113], [1386], [89780], [10919], [972], [953], [4916], [8863], [23657], [6750], [1644], [909], [116844], [4692], [27430], [26952], [192343], [6775079]]
Neckache:[[]]
Cervicalgias:[[]]
Nonspecific pain in the neck region:[[999], [4790], [4318], [29126], [1116], [3934]]
