Lipid nephrosis:[[4868], [8743]]
Lipoid nephrosis:[[]]
Minimal Change Diseases:[[367], [7157], [7124], [26191], [3569], [348], [1029], [7040], [1956], [7422], [351], [64127], [6622], [4524], [5243], [3952], [2099], [4313], [3146], [3717], [3091], [3553], [596], [1636], [7421], [2064], [6934], [672], [3479], [5468], [1080], [207], [4879], [3458], [999], [7490], [5444], [5133], [6532], [7015], [6774], [1499], [4609], [335], [2034], [6647], [29126], [1493], [4582], [5594], [1565], [673], [5054], [4851], [595], [581], [114548], [2908], [5970], [4869], [675], [1543], [79728], [10413], [4233], [406947], [3949], [3815], [8743], [6772], [1131], [3627], [9429], [10673], [24], [2157], [6584], [3688], [2100], [3953], [1576], [57817], [25], [861], [2697], [2322], [3725], [2146], [5595], [4204], [238], [356], [2332], [3309], [354], [3575], [3757], [255738], [213], [6285], [7098], [6462], [2033], [3486], [5347], [8842], [650], [7442], [22943], [2309], [1387], [1577], [4627], [5950], [6615], [7430], [5460], [3600], [6786], [1050], [4323], [820], [84876], [2688], [4297], [998], [4072], [54790], [6093], [10599], [301], [941], [51129], [3684], [100], [8856], [2645], [1509], [2904], [7012], [4254], [7466], [8792], [1649], [4868], [6653], [1901], [29108], [83990], [2053], [239], [1667], [407041], [7436], [115650], [1009], [60528], [55851], [80790], [23109]]
Minimal change glomerulonephritis:[[]]
Light negative glomerulonephritis:[[7124], [3586], [7040], [7157], [596], [3569], [3553], [7422], [3091], [6279], [4282], [4318], [1191], [6347], [6774], [7490], [1493], [7076], [1991], [5806], [3383], [5329], [5027], [406947], [4313], [5133], [718], [4803], [5578], [4353], [4914], [213], [3075], [5579], [185], [8771], [7412], [6850], [3727]]
Nil disease:[[3845]]
Nephropathies Minimal Change:[[348], [7422], [1636]]
lipoid nephrosis:[[]]
Minimal Change Disease:[[1493], [64127], [351], [348], [8792], [6622], [1029], [3569], [3717], [6774], [26191], [7422], [24], [335], [3949], [7124], [1956], [255738], [356], [7040], [4582], [5376], [4524], [2099], [3953], [5663], [5243], [367], [6653], [7157], [3931], [6584], [3146], [1636], [7015], [7421], [5594], [4851], [3458], [5970], [2904], [2157], [9429], [2153], [10413], [1543], [2064], [596], [672], [6772], [6934], [4277], [3952], [114548], [2033], [6532], [354], [4313], [8842], [207], [1080], [3091], [1499], [999], [3553], [2056], [673], [2625], [4609], [6647], [595], [3479], [7490], [5468], [581], [4879], [1565], [2645], [29126], [4869], [941], [100], [7054], [675], [4193], [5444], [5133], [2908], [3417], [4233], [8743], [7012], [3688], [5054], [6663], [25], [861], [2146], [2322], [2100], [1576], [3815], [3725], [930], [5595], [3082], [3265], [213], [238], [3309], [3757], [4204], [4255], [4288], [2697], [2332], [860], [2247], [3486], [406947], [3627], [650], [1577], [6462], [4170], [57817], [7098], [5950], [7430], [2309], [1050], [2022], [6285], [7442], [3418], [302], [22943], [4323], [1387], [2688], [4297], [4363], [11186], [6615], [768], [10673], [2034], [3600], [6521], [6786], [3375], [6275], [5347], [4613], [4627], [10599], [30835], [7436], [6093], [4072], [10018], [5460], [7056], [301], [84876], [54790], [3575], [8856], [820], [7037], [998], [51129], [7447], [1509], [3684], [268], [2159], [7150], [6390], [64423], [2057], [4254], [7466], [3678], [760], [2921], [406995], [1901], [239], [2053], [4868], [668], [1131], [79728], [1649], [407004], [3687], [5726], [3832], [688]]
Nephrosis Lipoid:[[]]
MCD - Minimal change disease:[[4582], [3569], [5243], [6275]]
Minimal Change Glomerulopathy:[[348], [7040], [4233], [6934], [301], [3263], [64423], [23109]]
MCN - Minimal change nephropathy:[[]]
Minimal change disease:[[1493], [64127], [351], [348], [8792], [6622], [1029], [3569], [3717], [6774], [26191], [7422], [24], [335], [3949], [7124], [1956], [255738], [356], [7040], [4582], [5376], [4524], [2099], [3953], [5663], [5243], [367], [6653], [7157], [3931], [6584], [3146], [1636], [7015], [7421], [5594], [4851], [3458], [5970], [2904], [2157], [9429], [2153], [10413], [1543], [2064], [596], [672], [6772], [6934], [4277], [3952], [114548], [2033], [6532], [354], [4313], [8842], [207], [1080], [3091], [1499], [999], [3553], [2056], [673], [2625], [4609], [6647], [595], [3479], [7490], [5468], [581], [4879], [1565], [2645], [29126], [4869], [941], [100], [7054], [675], [4193], [5444], [5133], [2908], [3417], [4233], [8743], [7012], [3688], [5054], [6663], [25], [861], [2146], [2322], [2100], [1576], [3815], [3725], [930], [5595], [3082], [3265], [213], [238], [3309], [3757], [4204], [4255], [4288], [2697], [2332], [860], [2247], [3486], [406947], [3627], [650], [1577], [6462], [4170], [57817], [7098], [5950], [7430], [2309], [1050], [2022], [6285], [7442], [3418], [302], [22943], [4323], [1387], [2688], [4297], [4363], [11186], [6615], [768], [10673], [2034], [3600], [6521], [6786], [3375], [6275], [5347], [4613], [4627], [10599], [30835], [7436], [6093], [4072], [10018], [5460], [7056], [301], [84876], [54790], [3575], [8856], [820], [7037], [998], [51129], [7447], [1509], [3684], [268], [2159], [7150], [6390], [64423], [2057], [4254], [7466], [3678], [760], [2921], [406995], [1901], [239], [2053], [4868], [668], [1131], [79728], [1649], [407004], [3687], [5726], [3832], [688]]
Idiopathic Minimal Change Nephrotic Syndrome:[[7124], [3569], [7490], [348], [7040], [7422], [1636], [5243], [3952], [4524], [3553], [2908], [673], [5970], [1493], [5444], [4582], [3953], [2153], [1577], [7098], [941], [3497], [80790]]
Minimal change nephropathy:[[3263]]
Glomerulopathies Minimal Change:[[7040]]
Nephroses Lipoid:[[6770], [1893], [1583]]
MCGN - Minimal change glomerulonephritis:[[]]
Nephropathy Minimal Change:[[7124], [3569], [348], [7157], [7040], [7422], [1956], [4524], [114548], [1636], [3091], [5468], [7421], [596], [4313], [3952], [5243], [7490], [3553], [5460], [4879], [207], [999], [6647], [3717], [1029], [1499], [3479], [6774], [3458], [5444], [595], [5594], [4851], [5054], [8743], [5133], [4233], [6934], [5970], [2153], [5950], [10413], [6772], [3725], [213], [3082], [2697], [64127], [406947], [6615], [10673], [4288], [2247], [2022], [3627], [6462], [1577], [7098], [4627], [2056], [3375], [6275], [820], [941], [4868], [7037], [51129], [7056], [84876], [54790], [3684], [4254], [8792], [1649], [2053], [3931], [407004], [406995], [239], [1667], [3687], [406968], [3263], [80790], [23109]]
