Renal sclerosis:[[6774], [3123], [7249], [7248], [7132], [3119], [3559], [958], [5820], [4609], [3106], [348], [4233], [3575], [50507], [6647], [1410], [6775], [1636], [6794], [6093], [4790], [3458], [919], [183], [4750], [3394], [7852], [7124], [185], [7422], [965], [3569], [5133], [5594], [3592], [7040], [2066], [1594], [7157], [4524], [3586], [4318], [10133], [7421], [3553], [9370], [4879], [2475], [7099], [3952], [7412], [3576], [1234], [6347], [5243], [1401], [1906], [207], [942], [4846], [6927], [1493], [3091], [5444], [4313], [5527], [3383], [6696], [3479], [50943], [5468], [4968], [3135], [8878], [1950], [596], [355], [3105], [2625], [23411], [7128], [3146], [5743], [1499], [2944], [7074], [2099], [29126], [7015], [332], [2309], [5747], [283], [3606], [5054], [3605], [4780], [4582], [3565], [6382], [367], [3162], [7076], [406991], [177], [7097], [3178], [4282], [3077], [114548], [960], [857], [5216], [142], [5970], [2146], [4851], [10673], [1471], [6387], [1591], [2952], [54106], [3558], [2950], [3684], [3082], [351], [6198], [2247], [1490], [1432], [335], [3627], [9429], [920], [6772], [3958], [4312], [7490], [8743], [3934], [51738], [3791], [3688], [3075], [406947], [6622], [7515], [59272], [6885], [1027], [4982], [6402], [10891], [5806], [3709], [358], [5290], [406938], [682], [4088], [2321], [718], [729230], [10544], [3552], [3596], [9365], [3717], [5649], [6648], [959], [3480], [5595], [10413], [30009], [3557], [581], [56729], [5621], [7292], [90865], [2022], [1312], [2932], [407040], [1540], [84868], [2147], [836], [9518], [4316], [2638], [9474], [4855], [3725], [4843], [285]]
Renal arteriosclerosis:[[3816], [9370], [7422], [348], [7040], [1401], [4846], [7421], [7099], [5468], [3458], [1906], [406991], [6696], [335], [4982], [1471], [8074], [9365], [7412], [387], [6647], [4353], [406992], [6376], [2152], [4314], [4023], [3611], [1071], [6401], [4018], [255738], [2876], [948], [406913], [5617], [4162], [27178], [1435], [2624], [406911], [7168], [3931], [7292], [5420], [10146], [29843], [3207], [65997]]
Chronic arteriosclerotic nephritis:[[7369], [4846]]
arteriosclerosis of kidney:[[7422], [1471], [3816], [7040], [348], [9370], [4846], [7421], [1401], [7099], [3458], [5468], [406991], [6696], [335], [1906], [4982], [6647], [8074], [255738], [9365], [4353], [387], [7412], [4314], [1071], [2876], [4018], [2152], [948], [406992], [406913], [6376], [1435], [5617], [3611], [4162], [2624], [5420], [3931], [406934], [10146], [199], [22900], [3207], [65997]]
Nephrosclerosis:[[4524], [1636], [4353], [8074], [59272], [1490], [11093], [5741], [8542], [655], [406996], [1579], [653]]
Renal sclerosis unspecified:[[6774], [7249], [7248], [7132], [3559], [348], [4609], [4233], [4790], [6775], [7157], [7422], [5594], [7852], [7124], [7040], [207], [7421], [2099], [5468], [3091], [7128], [596], [355], [1499], [1432], [1950], [5743], [351], [7074], [4088], [7015], [367], [283], [3791], [114548], [3178], [3725], [836], [5970], [142], [960], [3558], [6772], [5595], [6387], [5879], [5599], [387], [1027], [8743], [6885], [3688], [5159], [2321], [652], [581], [5621], [4170], [2932], [7046], [2147], [9020], [4087], [285], [472], [598], [7048], [8651], [5329], [3065], [7133], [64127], [1268], [3315], [3265], [558], [331], [6868], [1385], [4792], [1814], [10018], [5578], [658], [7042], [834], [4803], [811], [4804], [2316], [3667], [1021], [5300], [3551], [8741], [3014], [3312], [3566], [10013], [6256], [10399], [2149], [4092], [1436], [8772], [467], [3276], [59341], [3572], [2923], [5321], [1965], [7529], [22861], [10211], [1230], [3560], [91], [9043], [7223]]
nephrosclerosis:[[4524], [1636], [4353], [8074], [59272], [1490], [11093], [5741], [8542], [655], [406996], [1579], [653]]
Interstitial arteriosclerotic nephritis:[[7369]]
Arteriosclerosis of kidney:[[7422], [1471], [3816], [7040], [348], [9370], [4846], [7421], [1401], [7099], [3458], [5468], [406991], [6696], [335], [1906], [4982], [6647], [8074], [255738], [9365], [4353], [387], [7412], [4314], [1071], [2876], [4018], [2152], [948], [406992], [406913], [6376], [1435], [5617], [3611], [4162], [2624], [5420], [3931], [406934], [10146], [199], [22900], [3207], [65997]]
Nephroscleroses:[[]]
