Nervous System Malformation:[[4774]]
Nervous System Anomaly:[[]]
Congenital deformity of nervous system:[[7040], [6663], [3236]]
Congenital disease of nervous system:[[5979], [351], [1910], [4137], [7422], [2218], [3717], [338], [3569], [4359], [4314], [3593], [7124], [5290], [5376], [1136], [1956], [4747], [7040], [3383], [2668], [8929], [5631], [1636], [5243], [4846], [4803], [1959], [7077], [4790], [182], [627], [1134], [3458], [1145], [7157], [5054], [2147], [6331], [3162], [5080], [2033], [9464], [2065], [3952], [3481], [1144], [2066], [25], [6663], [673], [22861], [2625], [3479], [207], [3845], [2064], [3553], [4548], [4352], [5027], [4609], [7849], [4763], [2056], [2784], [4204], [8506], [596], [7097], [1499], [2950], [7099], [2353], [64802], [1789], [9421], [8029], [2670], [999], [1909], [4313], [5743], [6607], [5468], [4914], [1906], [3767], [5236], [51738], [6469], [3757], [332], [861], [4208], [6616], [1630], [1026], [8626], [4915], [2247], [2512], [6513], [3908], [8087], [2908], [177], [238], [1605], [4288], [7098], [4653], [4916], [3688], [1280], [1406], [57716], [5587], [7490], [7428], [23405], [6598], [9839], [429], [54106], [3897], [1140], [196], [4615], [2034], [7076], [1803], [10159], [796], [50674], [7133], [7476], [6935], [9241], [6786], [2316], [5087], [1822], [22914], [1969], [401], [3236], [5428], [7466], [10456], [3418], [4853], [9863], [604], [2741], [113235], [375790], [5443], [1859], [1349], [1131], [57211], [55636], [2026], [5277], [2048], [9423], [259232], [11277], [1103], [1827], [6683], [4036], [1272], [2736], [2916], [90167], [2746], [27086], [3313], [90], [7021], [3670], [7477], [65125], [11005], [54806], [215], [7066], [5309], [3280], [3360], [9968], [5154], [84668], [10178], [3549], [657], [57731], [1082]]
Unspecified congenital anomaly of brain spinal cord and nervous system:[[]]
Nervous System Malformations:[[4036], [8029], [81693]]
Nervous System Abnormalities:[[51134]]
Congenital deformity NOS of nervous system:[[]]
Nervous System Congenital Abnormalities:[[]]
Nervous System Anomalies:[[]]
Nervous System Malformations Congenital:[[4036], [8029]]
Congenital anomaly NOS of nervous system:[[]]
Congenital malformations of the nervous system (Q00-Q07):[[]]
Congenital anomaly of nervous system:[[5290], [3845], [5080], [8626], [2625], [2316], [6658]]
Congenital malformation of nervous system unspecified:[[7422], [7157], [1956], [673], [2033], [1499], [999], [3688], [4208]]
Congenital malformation of the nervous system:[[5290], [3569], [3845], [7422], [8626], [627], [7157], [1956], [673], [3553], [2950], [1499], [5080], [999], [4313], [3757], [861], [6513], [4288], [2033], [3688], [7490], [9839], [23405], [4314], [4548], [2034], [57211], [1131], [4208], [90], [5154], [3549], [6911], [3110], [157680], [3975], [7477], [84107]]
Congenital lesion of nervous system:[[7422], [5979], [7157], [627], [1956], [673], [7124], [7040], [3845], [3952], [3569], [4846], [1636], [7849], [4137], [25], [2064], [3479], [207], [5743], [5243], [3553], [596], [4763], [4609], [351], [4790], [7097], [7099], [4288], [999], [4313], [1406], [1906], [338], [8626], [6469], [3717], [6513], [1026], [2247], [3383], [7098], [238], [4314], [7076], [54106], [1803], [2056], [2670], [22914], [9423], [4853], [9241]]
Congenital Anomalies Nervous System:[[2218], [8929], [5080], [1349], [1605], [7490], [5087], [1789], [1822], [4763], [5277], [6469], [8626], [2908], [55636], [9839], [4314], [4548], [10220], [2316], [7133], [1136], [2736], [4208], [9241], [7547], [745], [6658], [6092], [3975], [9573]]
Nervous System Abnormality:[[]]
