Devics Disease:[[]]
Neuromyelitis Optica (NMO) Spectrum Disorder:[[1636], [3569], [361], [3553], [3605], [59272], [57085]]
SMON - subacute myelo-optico-neuropathy:[[]]
Disease Devic:[[1493], [5979], [64127], [11315], [351], [8792], [348], [5071], [1910], [3064], [3586], [6774], [3123], [1029], [6622], [4137], [540], [5310], [3717], [6347], [24], [1201], [6387], [3119], [120892], [335], [7450], [5621], [7422], [3569], [338], [5311], [3949], [3107], [4287], [19], [4023], [5664], [57623], [1071], [3558], [4314], [255738], [4088], [356], [3117], [26191], [1191], [653361], [1586], [958], [26503], [1401], [2629], [4018], [3593], [116519], [6927], [4688], [729230], [3106], [864], [3570], [80339], [7415], [6597], [2244], [59067], [345], [8651], [3115], [10577], [149233], [5314], [6261], [3592], [7957], [1030], [28], [10320], [1234], [3659], [246778], [3990], [4041], [1378], [100048912], [3077], [3383], [6775], [5376], [9173], [2161], [55600], [26058], [7439], [1138], [4361], [4582], [7369], [1956], [1282], [3122], [6653], [4747], [51752], [7124], [4359], [538], [55054], [1136], [6311], [5663], [3931], [3992], [2646], [6584], [337], [9966], [4321], [56606], [217], [1235], [274], [5734], [2524], [7040], [341], [7292], [3953], [4524], [1232], [6272], [5966], [5771], [2308], [54901], [4068], [7332], [8878], [3562], [100507436], [9388], [3084], [2099], [10452], [3559], [6583], [5328], [8301], [1636], [3635], [4693], [1230], [2212], [945], [4318], [29881], [9370], [5243], [367], [4790], [7128], [7421], [64241], [54332], [6403], [1373], [7077], [4846], [94103], [51085], [2243], [10019], [345611], [7015], [4311], [2581], [10221], [56731], [7840], [2876], [940], [6606], [60468], [3595], [2266], [50941], [100359403], [3458], [221692], [10347], [3658], [3133], [2904], [64478], [1394], [64170], [64399], [5594]]
Devics Syndrome:[[]]
Neuromyelitis Optica Devic:[[3569], [3123], [4318], [1636], [351], [3553], [3146], [4313], [3119], [3605], [6696], [2147], [361], [3565], [335], [5133], [959], [56729], [3309], [7132], [718], [59272], [3117], [26191], [958], [10673], [1116], [3240], [3559], [5806], [6285], [50616], [59067], [7172], [2670], [3115], [3575], [358], [2159], [9332], [6288], [4976], [3439], [246778], [10563], [3663], [966], [27178], [3654], [1594], [112744], [23705], [6506], [1118], [7292], [3060], [362], [6374], [9588], [4340], [115352], [2969], [1581], [965], [25824], [923], [714], [2262], [27179], [8887], [27159], [10437], [57085], [9023]]
NMO Spectrum Disorders:[[3569], [2697], [3553], [361], [1636], [3605], [59272]]
Neuromyelitis Optica:[[3569], [3123], [4318], [1636], [351], [3553], [3146], [4313], [3119], [3605], [6696], [2147], [361], [3565], [335], [5133], [959], [56729], [3309], [7132], [718], [59272], [3117], [26191], [958], [10673], [1116], [3240], [3559], [5806], [6285], [50616], [59067], [7172], [2670], [3115], [3575], [358], [2159], [9332], [6288], [4976], [3439], [246778], [10563], [3663], [966], [27178], [3654], [1594], [112744], [23705], [6506], [1118], [7292], [3060], [362], [6374], [9588], [4340], [115352], [2969], [1581], [965], [25824], [923], [714], [2262], [27179], [8887], [27159], [10437], [57085], [9023]]
Neuromyelitis Optica Spectrum Disorders:[[3569], [4318], [3123], [351], [3553], [361], [1636], [4313], [3605], [5133], [7132], [6285], [959], [718], [3240], [56729], [4976], [59272], [958], [2670], [7172], [2159], [358], [10563], [246778], [4340], [3654], [1118], [7292], [2969], [965], [27179]]
Neuromyelitis Optica Devic's:[[3569], [3123], [4318], [1636], [351], [3553], [3146], [4313], [3119], [3605], [6696], [2147], [361], [3565], [335], [5133], [959], [56729], [3309], [7132], [718], [59272], [3117], [26191], [958], [10673], [1116], [3240], [3559], [5806], [6285], [50616], [59067], [7172], [2670], [3115], [3575], [358], [2159], [9332], [6288], [4976], [3439], [246778], [10563], [3663], [966], [27178], [3654], [1594], [112744], [23705], [6506], [1118], [7292], [3060], [362], [6374], [9588], [4340], [115352], [2969], [1581], [965], [25824], [923], [714], [2262], [27179], [8887], [27159], [10437], [57085], [9023]]
Syndrome Devic:[[3757], [1280], [114548], [3753], [2074], [7157], [348], [1281], [51085], [546], [80184], [7466], [3845], [673], [8481], [5728], [8195], [7486], [641], [2706], [2317], [4292], [91147], [8626], [1540], [4000], [54658], [1161], [7490], [2033], [6331], [4023], [1071], [5781], [4436], [2263], [3643], [7291], [3784], [2261], [2260], [582], [10806], [8085], [10083], [367], [4683], [207], [84062], [3123], [7468], [4647], [4952], [2200], [1029], [7399], [4810], [201163], [2969], [10804], [6949], [7227], [2492], [775], [7840], [2316], [5428], [3730], [5080], [585], [1278], [54487], [5604], [55612], [2121], [811], [5290], [132884], [4281], [116442], [84100], [2812], [5077], [64127], [79068], [6663], [783], [338], [57167], [1130], [9968], [2332], [1277], [3990], [10743], [7456], [19], [2122], [3265], [6737], [84059], [6741], [3481], [6513], [4089], [23111], [2646], [356], [1285], [1387], [26585], [8976], [7504], [1827], [331], [23405], [9401], [65217], [4893], [672], [4692], [9569], [5894], [4277], [6774], [3117], [1401], [1788], [7401], [7128], [3570], [545], [10163], [583], [10682], [124590], [129880], [54808], [27241], [2138], [79738], [4137], [2475], [60], [3897], [5159], [1364], [8091], [5885], [79803], [2811], [2956], [9993], [5460], [4286], [675], [3717], [8220], [80144], [80025], [999], [3973], [79621], [4193], [64135], [1145], [55212], [2645], [27031], [4851], [1493], [10535], [2131], [1910], [7122], [9031], [4853], [1134], [2146], [100188856], [355], [50943], [105259599], [2153], [9652], [10908], [3664], [7020], [8214], [5308], [10062], [8517], [5076], [27019], [5189], [5395], [1287], [1906], [25825], [3759]]
Neuromyelitis Optica Spectrum Disorder:[[1636], [3569], [3123], [4318], [3553], [361], [351], [3605], [4313], [7132], [6285], [959], [4976], [2670], [59272], [56729], [958], [27178], [4340], [23705], [3654], [7292], [9588], [2969], [25824], [27179], [57085]]
Devics Neuromyelitis Optica:[[3569], [3123], [4318], [1636], [351], [3553], [3146], [4313], [3119], [3605], [6696], [2147], [361], [3565], [335], [5133], [959], [56729], [3309], [7132], [718], [59272], [3117], [26191], [958], [10673], [1116], [3240], [3559], [5806], [6285], [50616], [59067], [7172], [2670], [3115], [3575], [358], [2159], [9332], [6288], [4976], [3439], [246778], [10563], [3663], [966], [27178], [3654], [1594], [112744], [23705], [6506], [1118], [7292], [3060], [362], [6374], [9588], [4340], [115352], [2969], [1581], [965], [25824], [923], [714], [2262], [27179], [8887], [27159], [10437], [57085], [9023]]
NMO Spectrum Disorder:[[1636], [3569], [3553], [361], [3605], [2697], [59272], [57085]]
Devic's disease:[[]]
Optic neuromyelitis:[[4976], [3569], [1636], [4318], [3553], [4313], [361], [3559], [2670], [3575], [4340], [3060], [923]]
Neuromyelitis Opticas Devic:[[3123], [3569], [4318], [1636], [351], [1401], [3553], [3146], [3119], [4313], [3605], [6696], [2147], [361], [3565], [335], [5133], [959], [56729], [3309], [7132], [718], [59272], [3117], [26191], [958], [10673], [1116], [3240], [3559], [5806], [6285], [50616], [59067], [7172], [2670], [3115], [3575], [358], [2159], [9332], [6288], [4976], [3439], [246778], [10563], [3663], [966], [27178], [3654], [1594], [112744], [23705], [6506], [1118], [7292], [3060], [362], [6374], [9588], [4340], [115352], [2969], [1581], [939], [965], [25824], [923], [714], [2262], [27179], [8887], [27159], [10437], [57085], [9023]]
Neuromyelitis Optica (NMO) Spectrum Disorders:[[3569], [361], [3553], [1636], [3605], [59272]]
Devic syndrome:[[]]
Syndrome Devic's:[[3757], [1280], [114548], [3753], [2074], [7157], [348], [1281], [51085], [546], [80184], [7466], [3845], [673], [8481], [5728], [8195], [7486], [641], [2706], [2317], [4292], [91147], [8626], [1540], [4000], [54658], [1161], [7490], [2033], [6331], [4023], [1071], [5781], [4436], [2263], [3643], [7291], [3784], [2261], [2260], [582], [10806], [8085], [10083], [367], [4683], [207], [84062], [3123], [7468], [4647], [4952], [2200], [1029], [7399], [4810], [201163], [2969], [10804], [6949], [7227], [2492], [775], [7840], [2316], [5428], [3730], [5080], [585], [1278], [54487], [5604], [55612], [2121], [811], [5290], [132884], [4281], [116442], [84100], [2812], [5077], [64127], [79068], [6663], [783], [338], [57167], [1130], [9968], [2332], [1277], [3990], [10743], [7456], [19], [2122], [3265], [6737], [84059], [6741], [3481], [6513], [4089], [23111], [2646], [356], [1285], [1387], [26585], [8976], [7504], [1827], [331], [23405], [9401], [65217], [4893], [672], [4692], [9569], [5894], [4277], [6774], [3117], [1401], [1788], [7401], [7128], [3570], [545], [10163], [583], [10682], [124590], [129880], [54808], [27241], [2138], [79738], [4137], [2475], [60], [3897], [5159], [1364], [8091], [5885], [79803], [2811], [2956], [9993], [5460], [4286], [675], [3717], [8220], [80144], [80025], [999], [3973], [79621], [4193], [64135], [1145], [55212], [2645], [27031], [4851], [1493], [10535], [2131], [1910], [7122], [9031], [4853], [1134], [2146], [100188856], [355], [50943], [105259599], [2153], [9652], [10908], [3664], [7020], [8214], [5308], [10062], [8517], [5076], [27019], [5189], [5395], [1287], [1906], [25825], [3759]]
Disease Devic's:[[1493], [5979], [64127], [11315], [351], [8792], [348], [5071], [1910], [3064], [3586], [6774], [3123], [1029], [6622], [4137], [540], [5310], [3717], [6347], [24], [1201], [6387], [3119], [120892], [335], [7450], [5621], [7422], [3569], [338], [5311], [3949], [3107], [4287], [19], [4023], [5664], [57623], [1071], [3558], [4314], [255738], [4088], [356], [3117], [26191], [1191], [653361], [1586], [958], [26503], [1401], [2629], [4018], [3593], [116519], [6927], [4688], [729230], [3106], [864], [3570], [80339], [7415], [6597], [2244], [59067], [345], [8651], [3115], [10577], [149233], [5314], [6261], [3592], [7957], [1030], [28], [10320], [1234], [3659], [246778], [3990], [4041], [1378], [100048912], [3077], [3383], [6775], [5376], [9173], [2161], [55600], [26058], [7439], [1138], [4361], [4582], [7369], [1956], [1282], [3122], [6653], [4747], [51752], [7124], [4359], [538], [55054], [1136], [6311], [5663], [3931], [3992], [2646], [6584], [337], [9966], [4321], [56606], [217], [1235], [274], [5734], [2524], [7040], [341], [7292], [3953], [4524], [1232], [6272], [5966], [5771], [2308], [54901], [4068], [7332], [8878], [3562], [100507436], [9388], [3084], [2099], [10452], [3559], [6583], [5328], [8301], [1636], [3635], [4693], [1230], [2212], [945], [4318], [29881], [9370], [5243], [367], [4790], [7128], [7421], [64241], [54332], [6403], [1373], [7077], [4846], [94103], [51085], [2243], [10019], [345611], [7015], [4311], [2581], [10221], [56731], [7840], [2876], [940], [6606], [60468], [3595], [2266], [50941], [100359403], [3458], [221692], [10347], [3658], [3133], [2904], [64478], [1394], [64170], [64399], [5594]]
Neuromyelitis optica:[[3569], [3123], [4318], [1636], [351], [3553], [3146], [4313], [3119], [3605], [6696], [2147], [361], [3565], [335], [5133], [959], [56729], [3309], [7132], [718], [59272], [3117], [26191], [958], [10673], [1116], [3240], [3559], [5806], [6285], [50616], [59067], [7172], [2670], [3115], [3575], [358], [2159], [9332], [6288], [4976], [3439], [246778], [10563], [3663], [966], [27178], [3654], [1594], [112744], [23705], [6506], [1118], [7292], [3060], [362], [6374], [9588], [4340], [115352], [2969], [1581], [965], [25824], [923], [714], [2262], [27179], [8887], [27159], [10437], [57085], [9023]]
Neuromyelitis optica [Devic]:[[3569], [3123], [4318], [1636], [351], [3553], [3146], [4313], [3119], [3605], [6696], [2147], [361], [3565], [335], [5133], [959], [56729], [3309], [7132], [718], [59272], [3117], [26191], [958], [10673], [1116], [3240], [3559], [5806], [6285], [50616], [59067], [7172], [2670], [3115], [3575], [358], [2159], [9332], [6288], [4976], [3439], [246778], [10563], [3663], [966], [27178], [3654], [1594], [112744], [23705], [6506], [1118], [7292], [3060], [362], [6374], [9588], [4340], [115352], [2969], [1581], [965], [25824], [923], [714], [2262], [27179], [8887], [27159], [10437], [57085], [9023]]
