Neurodegenerative Diseases:[[348], [6622], [4137], [1956], [627], [3091], [351], [23435], [1499], [4846], [6532], [4609], [3479], [6647], [3458], [2932], [5444], [6347], [4780], [23411], [472], [3077], [5970], [3383], [6696], [5621], [120892], [5071], [183], [836], [2896], [8878], [114548], [2332], [841], [5599], [217], [7316], [196], [328], [3315], [2521], [598], [1191], [5465], [6469], [1268], [11315], [203228], [7133], [3303], [135], [7341], [4615], [5300], [729230], [54209], [6786], [216], [7351], [4842], [1410], [84876], [5467], [54790], [7078], [1020], [8862], [10059], [6908], [23410], [2668], [9927], [5320], [84557], [43], [5649], [10133], [4747], [51548], [7471], [1965], [22933], [1859], [9451], [2512], [10628], [6311], [3099], [664], [8398], [2495], [2170], [267012], [1639], [5582], [6623], [6421], [2744], [824], [5093], [4205], [2931], [8301], [839], [2879], [5336], [23135], [187], [9217], [26354], [55737], [1201], [286], [5641], [5025], [29978], [2173], [6314], [54715], [11240], [6818], [4835], [5550], [7224], [406960], [4900], [54664], [6233], [25978], [10961], [9559], [642], [4077], [493856], [6432], [57498], [2186], [64506], [23640], [6230], [4857], [5118], [57628], [9896], [90678], [23043], [2861], [3748], [84879], [30820], [57787], [134864], [51699], [23129], [7087], [51606], [11033], [219736], [1880], [26994], [23001], [9737], [643387], [10229], [51225], [2849], [23467], [192343]]
Neurologic Degenerative Condition:[[]]
Neurodegenerative Disorders:[[348], [6622], [7422], [3569], [351], [4137], [627], [5468], [120892], [7097], [23411], [3077], [23435], [5621], [406938], [5071], [4023], [10891], [4128], [3643], [2260], [2521], [1191], [5300], [6285], [22943], [3303], [4615], [11315], [135], [7341], [4684], [7351], [197], [5428], [7534], [2597], [9817], [7345], [2740], [51741], [5654], [2130], [1021], [6908], [29110], [54210], [43], [7337], [706], [3654], [54822], [4929], [7096], [5524], [3073], [27429], [1639], [10280], [835], [6277], [7114], [6414], [3074], [6310], [839], [1270], [3028], [5887], [4504], [4744], [1627], [9627], [5886], [6314], [5707], [8148], [10084], [23408], [64423], [5860], [5414], [11076], [10939], [6874], [81609], [1203], [6252], [94031], [54982], [5714], [116442], [4723], [6343], [11273], [23475], [55074], [643387], [4715], [4726], [4259], [130013], [140606], [80199]]
Neurologic Disorders Degenerative:[[3553], [355], [356], [773]]
Neurologic Degenerative Conditions:[[]]
Neurodegenerative Disease:[[348], [4137], [351], [6622], [3553], [5743], [1499], [6532], [4780], [23411], [120892], [23435], [836], [5621], [581], [19], [4204], [841], [203228], [2896], [1457], [2629], [2521], [11315], [54209], [2395], [6868], [135], [65018], [5428], [361], [1536], [842], [1139], [4976], [102], [10062], [29110], [4254], [283], [3778], [7471], [706], [10133], [1386], [3181], [4929], [274], [1639], [10280], [5582], [7376], [7942], [5967], [347], [7957], [3745], [10458], [5700], [25978], [6712], [10939], [3597], [6448], [100506742], [79628], [65055], [146057], [6447], [58497], [26090], [10945], [3300], [221927], [91137], [51271], [81847], [57038], [92935], [221443], [117195], [677662]]
Nervous System Degenerative Diseases:[[]]
Neurologic Disease Degenerative:[[351], [4137], [3569], [356], [7124], [4318], [3135], [3553], [3576], [2643], [355], [6285], [773]]
Neurodegenerative Disorder:[[53369], [2332], [3064], [108684022], [8878], [3329], [6606], [6908], [2395], [4864], [6311], [27429], [5582], [29072], [3028], [7957], [4860], [54840], [1822], [5700], [56649], [11284], [108663996], [8997], [108663993], [27445], [11152], [378884], [9001], [65055], [1468], [57724], [5575], [4832], [154881], [4695], [724066], [9515]]
Neurologic Disorder Degenerative:[[]]
Neurologic Diseases Degenerative:[[7124], [3569], [351], [4318], [4137], [3553], [3576], [3135], [355], [6285], [356], [773], [2643]]
Degenerative disease of nervous system unspecified:[[351], [348], [1029], [7422], [6387], [1956], [7124], [4790], [7040], [5970], [4803], [836], [7852], [4233], [2332], [355], [22861], [4914], [5329]]
