Tumor Primitive Neuroepithelial:[[6598], [1956], [4330], [1499], [25], [6657], [947], [2130], [4838], [54880]]
Tumors Primitive Neuroectodermal:[[7157], [4609], [1956], [23405], [1029], [5743], [675], [3815], [5594], [595], [5925], [324], [3791], [3417], [3383], [5595], [2130], [4436], [6657], [7161], [7298], [2308], [4613], [6598], [5156], [2078], [768], [4684], [2521], [358], [361], [5426], [2313], [3020], [760], [4838], [5725], [4267], [6760], [6751], [771]]
Tumors Primitive Neuroepithelial:[[1956], [1499], [6657], [25], [6598], [2130], [947], [4838], [54880], [4330]]
PNET - Primitive neuroectodermal tumour:[[7157], [1029], [675], [5925], [3417], [2130], [7161]]
Tumor Primitive Neuroectodermal:[[675], [7157], [1029], [6598], [324], [5925], [7161], [3815], [1956], [23405], [771], [4613], [5743], [5594], [4609], [3383], [595], [5595], [3791], [3417], [2130], [4436], [6657], [7298], [2308], [5156], [2078], [768], [4684], [358], [361], [2521], [2313], [4838], [760], [5725], [3020], [5426], [4267], [6760], [6751], [8618]]
Neuroepithelioma:[[10276], [3479], [3952], [3480], [842], [3485], [7357]]
Primitive neuroectodermal tumour:[[7157], [1956], [1029], [5743], [4609], [3815], [595], [324], [675], [5925], [5594], [6657], [3791], [768], [3417], [5595], [3383], [23405], [2130], [7161], [4436], [6598], [5156], [7298], [2308], [4613], [2078], [358], [2521], [4838], [2313], [4267], [6751]]
PNET - Primitive neuroectodermal tumor:[[675], [2130]]
Primitive Neuroepithelial Neoplasms:[[]]
PNETs:[[7157], [7422], [3553], [6774], [5728], [3630], [4851], [3934], [4288], [1191], [4316], [2641], [10631], [7345], [4221], [1113], [1616], [2740], [546], [3397], [6752], [11082], [2520], [6750], [429], [153090], [6755], [1114], [6318], [5272], [1992], [6751], [6656], [6753], [6754], [29103], [574038], [55684], [57669], [10143]]
Primitive neuroectodermal tumor:[[675], [3815], [3383], [324], [3791], [4436], [7298], [23405], [5156], [2521], [2078], [361], [358], [2130], [2313], [5426], [8618]]
PNET:[[7157], [7124], [1029], [2475], [5728], [675], [2950], [5925], [3417], [1113], [7161], [11186], [1278], [3880], [2130], [546], [2026], [2264], [3020], [2922], [3161], [153090], [8467], [6318], [1114], [574038], [55684], [574484], [574492]]
Primitive Neuroepithelial Neoplasm:[[]]
