Neurofibromatosis unspecified:[[4771], [7157], [1956], [7422], [207], [672], [7040], [2064], [1029], [673], [5879], [675], [960], [5781], [3084], [4436], [5590], [7430], [558], [5604], [10746], [3985]]
Neurofibroma Multiple:[[5728], [7157], [1956], [7422], [7040], [2064], [367], [673], [947], [472], [701], [10413], [5879], [4763], [2022], [6662], [10630], [4751], [55872], [4102], [7003], [8839], [127933]]
Syndrome Neurofibromatosis:[[4763], [7157], [3845], [673], [4771], [5781], [4436], [207], [1029], [5604], [338], [672], [100852404], [2475], [2956], [675], [7422], [1956], [7040], [4524], [5156], [2247], [2064], [3815], [6285], [161742], [23512], [5879], [6352], [94025], [3084], [1490], [4330], [6662], [7430], [1030], [406910], [2668], [4254], [2026], [4040], [55118], [10128], [108449888], [3985], [84282], [10335]]
Syndromes Neurofibromatosis:[[4763], [7157], [7040], [7422], [3845], [4524], [672], [207], [673], [1029], [2475], [675], [3815], [5781], [960], [338], [4436], [1030], [2668], [23512]]
Neurofibromatosis:[[4763], [4771], [7157], [1956], [7422], [7040], [4524], [2064], [672], [3845], [673], [207], [1029], [2475], [3815], [675], [960], [5879], [338], [5781], [2247], [4436], [6352], [1490], [3084], [6285], [7430], [5156], [6662], [94025], [100852404], [1030], [558], [5604], [2956], [10763], [4254], [100048912], [5590], [2668], [406910], [4192], [2026], [4040], [190], [23512], [3799], [10128], [161742], [4330], [3985], [10746], [339], [108449888], [55118], [79915], [4974], [10335], [84282], [693197], [51379], [106113037], [106113036], [55803], [108771182], [108771181], [108771184], [108771183], [108281159], [108783648], [108783653], [108783652], [108783647], [108281182], [108281181], [108281180], [108281170], [108281169]]
Clinical neurofibromatosis:[[4763], [4771], [7157], [338], [1956], [7422], [7040], [4524], [2064], [672], [3845], [673], [207], [1029], [2475], [3815], [675], [960], [5781], [1490], [6352], [4436], [2247], [6285], [5879], [7430], [3084], [5156], [6662], [94025], [5604], [558], [10763], [2956], [406910], [2026], [1030], [4254], [100048912], [4192], [190], [2668], [4040], [23512], [161742], [4330], [3985], [55118], [79915], [10335], [55803]]
Neurofibromatosis syndrome:[[]]
Multiple neurofibromatosis:[[1029], [4763], [1030], [4771], [7157], [3815], [1956], [7422], [7040], [4524], [338], [2064], [672], [3845], [673], [207], [5156], [2475], [675], [960], [5781], [2247], [3084], [4436], [6352], [5879], [558], [100048912], [1490], [6285], [10763], [7430], [6662], [2956], [94025], [5590], [406910], [5604], [4192], [4254], [2668], [4040], [2026], [190], [10128], [339], [55118], [79915], [51379], [106113037], [106113036], [108771182], [108771181], [108771184], [108771183], [108783648], [108783653], [108783652], [108783647]]
Neurofibromas Multiple:[[5728], [7157], [1956], [7040], [4763], [558], [100048912], [6876], [6285], [10763], [3371], [3491], [8840], [4856], [7148], [127933], [10505]]
NF - Neurofibromatosis:[[4763], [4771], [1956], [7157], [207], [1029], [7422], [3845], [7040], [2064], [2475], [672], [673], [960], [5879], [6352], [3815], [675], [1490], [5590], [6662], [5781], [2247], [7430], [6285], [338], [3084], [4436], [558], [5604], [100048912], [10763], [406910], [2956], [4254], [2668], [10746], [55118]]
Neurofibromatoses:[[]]
