Peripheral Neuroepitheliomas:[[5376], [706], [4359], [6335], [6387], [64083], [7157], [6336], [1956], [7124], [348], [7422], [2064], [3569], [7040], [627], [3559], [64689], [207], [11280], [3586], [1636], [351], [5375], [522], [64746], [3091], [4318], [6774], [9370], [1401], [4790], [539], [3553], [2099], [4524], [7099], [673], [3576], [6622], [7015], [2802], [10], [3479], [672], [6663], [29126], [596], [6532], [3952], [5728], [5743], [7852], [50943], [515], [5243], [3458], [4846], [3570], [3717], [1029], [920], [7421], [3605], [5468], [344148], [10476], [406991], [4763], [7097], [23411], [3845], [3106], [6347], [2908], [367], [355], [3606], [4747], [3146], [79571], [6647], [3565], [3815], [4137], [5133], [1312], [4313], [2492], [3383], [6696], [51738], [3123], [1080], [332], [4879], [3162], [960], [1499], [7276], [999], [406947], [1234], [4780], [1906], [324], [3077], [54106], [406938], [177], [929], [4982], [7490], [3135], [22796], [4851], [4609], [3688], [1493], [595], [836], [335], [5054], [3627], [27178], [9256], [356], [5970], [2147], [2944], [928], [472], [4193], [171513], [2475], [7173], [6648], [5290], [1138], [185], [5594], [581], [3105], [675], [1813], [120892], [6863], [10673], [3558], [2321], [4312], [7515], [3600], [8743], [2950], [4000], [1136], [3075], [2100], [6311], [2153], [5444], [114548], [1432], [3119], [1026], [6531], [3084], [7450], [3934], [3791], [4843], [3725], [154], [2146], [2296], [4869], [861], [4233], [64127], [282617], [1576], [4915], [4282], [5925], [1543], [3672], [8600], [93643], [4684], [326], [4255], [2932], [84868], [4288], [3958], [3480], [183], [947], [1471]]
Peripheral primitive neuroectodermal tumour:[[7157], [1956], [1029], [5743], [3815], [324], [4609], [595], [675], [5925], [5594], [3383], [3791], [23405], [3417], [6598], [5595], [2308], [2130], [7161], [4436], [5156], [2078], [7298], [358], [2313]]
(pPNET) Peripheral Primitive Neuroectodermal Tumors:[[595]]
Peripheral Neuroepithelioma:[[3479], [3952], [3480], [842], [3485]]
Ewing sarcoma / peripheral neuroectodermal tumor:[[2130], [2313], [2078]]
Tumors Peripheral Neuroectodermal:[[7157], [1956], [4609], [23405], [5743], [1029], [6663], [3815], [324], [595], [3383], [5594], [675], [2146], [3791], [5925], [4684], [2308], [3417], [6598], [5595], [4436], [8074], [7161], [5156], [7298], [2078], [387], [2130], [3897], [358], [361], [1958], [2313], [10215], [4665]]
Peripheral Primitive Neuroectodermal Tumor:[[3815], [3383], [324], [675], [3791], [23405], [4436], [5156], [2078], [7298], [358], [361], [2130], [2313], [8618]]
Peripheral neuroectodermal tumor:[[]]
Ewing sarcoma / peripheral neuroectodermal tumour:[[2130], [2313], [595], [2078]]
PPNET:[[595]]
Peripheral primitive neuroectodermal tumor:[[3815], [3383], [324], [675], [3791], [23405], [4436], [5156], [2078], [7298], [358], [361], [2130], [2313], [8618]]
Peripheral neuroectodermal tumour:[[7157], [1956], [5743], [1029], [324], [3815], [6663], [4609], [595], [675], [5925], [5594], [3383], [3791], [2146], [23405], [3417], [5595], [2308], [6598], [387], [7161], [4436], [5156], [2078], [2130], [7298], [358], [1958], [3897], [2313]]
Tumor Peripheral Neuroectodermal:[[7157], [675], [1029], [6598], [324], [5925], [7161], [8074], [3815], [1956], [23405], [5743], [3383], [6663], [5594], [4609], [595], [5595], [2146], [3791], [4684], [2308], [387], [3417], [4436], [5156], [7298], [2078], [2130], [5663], [1958], [358], [3897], [361], [26291], [2313], [1959], [4644], [10215], [4665], [1960], [8618]]
Primitive Neuroectodermal Tumor Extracranial:[[]]
Peripheral Primitive Neuroectodermal Neoplasm:[[]]
Ewing sarcoma / PNET:[[2130], [8467]]
Peripheral Primitive Neuroectodermal Tumors:[[595]]
