Recklinghausens Disease of Nerve:[[]]
Type I Neurofibromatosis:[[4763], [7422], [4771], [2064], [1029], [5781], [5156], [4436], [1030], [2475], [7040], [7157], [338], [1956], [672], [3845], [3084], [4524], [207], [673], [84282], [960], [3815], [675], [51379], [1490], [100048912], [2956], [2247], [5879], [6352], [190], [558], [94025], [6285], [5604], [6662], [5590], [10128], [3985], [4040], [7430], [10763], [4254], [2668], [2026], [406910], [4192], [23512], [3799], [161742], [4330], [339], [10746], [108449888], [108771182], [108771181], [55118], [693197], [106113037], [106113036], [4974], [10335], [55803], [108771184], [108771183], [108783648], [108783653], [108783652], [108783647]]
von Recklinghausen Disease:[[]]
Neurofibromatosis 1:[[4763], [338], [6352], [6285], [6662], [100852404], [10128], [339], [161742], [55803]]
NF1 (Neurofibromatosis 1):[[4763], [100852404], [6285], [6662], [161742], [10128], [55803]]
Recklinghausen's Disease of Nerve:[[]]
Neurofibromatosis Peripheral Type:[[4763], [7422], [4771], [2064], [1029], [5781], [5156], [4436], [1030], [2475], [7040], [7157], [1956], [207], [672], [3084], [338], [4524], [3845], [673], [3815], [960], [675], [1490], [3985], [2247], [6352], [6285], [94025], [558], [5604], [6662], [5590], [7430], [2668], [10763], [4254], [2026], [406910], [4192], [23512], [4330], [108771182], [108771181], [106113037], [106113036], [108771184], [108771183], [108783648], [108783647]]
NEUROFIBROMATOSIS TYPE 1:[[7157], [1956], [7422], [4524], [2064], [672], [3845], [207], [1029], [4763], [2475], [3815], [960], [2247], [4436], [94025], [1030], [558], [5604], [2956], [10763], [4254], [100048912], [5590], [406910], [4192], [2026], [190], [23512], [161742], [55118], [4974], [10335], [106113037], [106113036], [108771182], [108771181], [108771184], [108771183], [108783648], [108783653], [108783652], [108783647]]
Neurofibromatosis I:[[]]
Neurofibromatosis Peripheral NF 1:[[4763], [672], [1956], [207], [7040], [2475], [1029], [4771], [673], [7157], [960], [3815], [5604], [3084], [7422], [2064], [4436], [5781], [3845], [675], [338], [5590], [6352], [7430], [6662], [10763], [6285], [1490], [2247], [2668], [558], [406910], [4254]]
Neurofibromatosis peripheral type:[[4763], [7422], [4771], [2064], [1029], [5781], [5156], [4436], [1030], [2475], [7040], [7157], [1956], [207], [672], [3084], [338], [4524], [3845], [673], [3815], [960], [675], [1490], [3985], [2247], [6352], [6285], [94025], [558], [5604], [6662], [5590], [7430], [2668], [10763], [4254], [2026], [406910], [4192], [23512], [4330], [108771182], [108771181], [106113037], [106113036], [108771184], [108771183], [108783648], [108783647]]
VON RECKLINGHAUSEN DISEASE:[[]]
Type 1 Neurofibromatosis:[[3815], [4763], [5156], [2668]]
Neurofibromatosis Peripheral NF1:[[4763], [4771], [7157], [1956], [2064], [7040], [207], [3845], [673], [672], [106113037], [106113036], [108771181], [108771184], [108771183], [108771182], [2475], [3084], [108783648], [6285], [5781], [4436], [108783647], [5156], [6662], [2668], [3985], [5590], [4254], [4192], [23512]]
Molluscum Fibrosum:[[]]
Von Recklinghausen disease:[[]]
NF1:[[4763], [4782], [7157], [1956], [7040], [106113037], [106113036], [3845], [108771181], [108771184], [108771183], [108771182], [2064], [111811965], [351], [2099], [672], [5728], [6774], [673], [207], [2475], [6532], [7015], [4609], [29126], [596], [3717], [857], [108783648], [5290], [3265], [4851], [472], [2908], [6696], [2100], [5925], [3480], [5979], [3417], [5781], [8743], [4089], [4893], [4288], [4436], [2260], [108783647], [4204], [5241], [5578], [598], [4170], [108281170], [1116], [11200], [2778], [6597], [2022], [11186], [6285], [3084], [5894], [108281169], [4297], [6662], [108281181], [108281180], [10673], [5371], [5156], [2688], [2353], [7153], [283120], [7189], [1111], [8091], [1019], [108281182], [7415], [4904], [3932], [216], [801], [4771], [2113], [100852404], [3297], [92140], [7150], [1969], [2194], [100048912], [5430], [3659], [5590], [546], [4254], [2161], [6390], [8038], [2668], [5921], [9759], [4192], [6688], [2902], [8797], [330], [1482], [7529], [6659], [5451], [406903], [1859], [406934], [995], [7297], [2101], [5154], [7178], [406901], [389], [7074], [161742], [1948], [6383], [3394], [9846], [53335], [23512], [7533], [3113], [994], [4921], [114609], [5783], [6876], [9201], [1778], [29072], [392], [4094], [5898], [292], [124540], [4340], [10128], [6504], [10482], [7274], [51547], [3660], [2294], [574455], [4774], [9055], [23095], [3362], [1646], [26058], [988], [4781], [4168], [974], [5606], [2041], [4784], [442915], [57292], [9928], [9221], [3985], [9223], [2906], [79109], [7156], [51474], [8844], [90627], [5784], [108449888], [5127], [9150], [8216], [1195], [6242], [9644], [23197], [26504], [23779], [11326], [51478], [25776], [29968], [55968], [57706], [9470]]
Recklinghausen Disease Nerve:[[]]
Recklinghausen Disease of Nerve:[[]]
Neurofibromatosis type 1 [von recklinghausen's disease]:[[7157], [1956], [7422], [4524], [2064], [672], [3845], [207], [1029], [4763], [2475], [3815], [960], [2247], [4436], [94025], [1030], [558], [5604], [2956], [10763], [4254], [100048912], [5590], [406910], [4192], [2026], [190], [23512], [161742], [55118], [4974], [10335], [106113037], [106113036], [108771182], [108771181], [108771184], [108771183], [108783648], [108783653], [108783652], [108783647]]
NF1 - Neurofibromatosis type 1:[[4763], [7157], [1956], [3845], [106113037], [106113036], [108771181], [108771184], [108771183], [108771182], [2064], [672], [207], [2475], [108783648], [4436], [108783647], [100048912], [4254], [5590], [4192], [161742], [23512], [108783653], [108783652]]
Multiple non-ossifying fibromatosis:[[]]
NEUROFIBROMATOSIS PERIPHERAL TYPE:[[4763], [7422], [4771], [2064], [1029], [5781], [5156], [4436], [1030], [2475], [7040], [7157], [1956], [207], [672], [3084], [338], [4524], [3845], [673], [3815], [960], [675], [1490], [3985], [2247], [6352], [6285], [94025], [558], [5604], [6662], [5590], [7430], [2668], [10763], [4254], [2026], [406910], [4192], [23512], [4330], [108771182], [108771181], [106113037], [106113036], [108771184], [108771183], [108783648], [108783647]]
Peripheral Neurofibromatosis:[[]]
NEUROFIBROMATOSIS TYPE I:[[4763], [3985], [10746], [693197], [51379]]
von Recklinghausens Disease:[[]]
Peripheral Neurofibromatoses:[[]]
Type I Neurofibromatoses:[[]]
von Recklinghausen's Disease:[[]]
Neurofibromatosis type 1:[[7157], [1956], [7422], [4524], [2064], [672], [3845], [207], [1029], [4763], [2475], [3815], [960], [2247], [4436], [94025], [1030], [558], [5604], [2956], [10763], [4254], [100048912], [5590], [406910], [4192], [2026], [190], [23512], [161742], [55118], [4974], [10335], [106113037], [106113036], [108771182], [108771181], [108771184], [108771183], [108783648], [108783653], [108783652], [108783647]]
