Neurotoxicosis:[[]]
Syndromes Neurotoxicity:[[351], [3091], [6774], [5243], [4137], [4790], [207], [3553], [9370], [4609], [596], [7852], [3458], [3162], [5594], [2263], [1432], [1813], [355], [5595], [4312], [8743], [1869], [5465], [1385], [2056], [2353], [1536], [4804], [6616], [2903], [10000], [3304], [5413]]
Neurotoxicity:[[351], [6622], [348], [627], [4137], [3091], [5243], [3553], [6774], [9370], [207], [4790], [5743], [4609], [5621], [23435], [4780], [596], [7852], [3458], [4313], [5594], [120892], [1234], [1432], [6647], [2950], [1813], [3162], [1577], [355], [3606], [3064], [6531], [1576], [5071], [5595], [4312], [8743], [3934], [7276], [581], [5599], [217], [10891], [1869], [4314], [2067], [3309], [6513], [2263], [196], [407040], [7161], [1571], [598], [5465], [1385], [3308], [2056], [3303], [4316], [2521], [2534], [10018], [7415], [4842], [3329], [10599], [7351], [2149], [551], [3312], [7295], [1244], [4311], [2353], [5155], [5610], [3673], [3297], [1536], [2547], [4804], [2904], [952], [6376], [1524], [1020], [590], [208], [5144], [27250], [6616], [2246], [494324], [406907], [3313], [2903], [54822], [1558], [2902], [10133], [1901], [23569], [8473], [407004], [1742], [6506], [3304], [406921], [7220], [3782], [210], [2746], [3339], [7432], [10000], [3738], [6948], [3562], [2744], [6414], [7942], [10452], [6583], [1192], [4133], [5142], [2891], [406884], [5600], [8851], [23642], [3306], [406994], [5141], [2745], [1491], [2617], [5602], [6314], [5305], [4209], [116443], [54664], [23671], [25978], [10550], [2905], [3310], [10525], [100507246], [98], [23516], [5414], [2906], [2021], [6565], [55532], [116444], [51160], [5413], [2907], [406887], [883], [79882], [57552], [55074], [5143], [116835], [51182], [23208], [729533], [114132], [653820], [100313774], [192343]]
Neurotoxic effect:[[348], [351], [3569], [2099], [6622], [4137], [5728], [6647], [3458], [120892], [3162], [1565], [2100], [177], [836], [5663], [5621], [10], [23435], [2521], [3958], [3375], [1555], [4035], [2629], [2597], [7345], [3066], [10273], [6376], [4804], [55294], [1244], [4311], [102], [4914], [4552], [5581], [2246], [9131], [54209], [6506], [3181], [6649], [406932], [823], [23400], [6505], [5173], [406884], [8851], [3092], [9445], [64116], [55074], [83941], [192343], [100313774]]
Neurotoxin Disorders:[[]]
Syndrome Neurotoxicity:[[348], [2263], [207], [6513], [4137], [6774], [5621], [351], [355], [5594], [7276], [3339], [627], [2067], [6622], [5243], [3553], [3064], [9370], [4790], [1244], [10452], [5743], [7852], [3458], [4313], [3091], [4609], [1813], [10599], [23435], [3606], [4780], [6531], [6647], [5610], [3162], [2950], [3934], [596], [6616], [1234], [2746], [3313], [1577], [1432], [1576], [120892], [5595], [4312], [10891], [4314], [581], [10000], [3782], [217], [551], [8743], [3308], [5071], [2056], [1385], [196], [7161], [4842], [1869], [3309], [5465], [3329], [407040], [6376], [598], [590], [3303], [10018], [7295], [2353], [5155], [2521], [54664], [7351], [25978], [7415], [3673], [952], [1524], [1536], [2149], [2547], [2904], [208], [5144], [27250], [406907], [407004], [2903], [2902], [7432], [6506], [6948], [406921], [6414], [3738], [4133], [5142], [2891], [6314], [192343]]
Poisoning of nerve tissue:[[]]
Neurotoxin Disorder:[[]]
Poisoning Nervous System:[[7157], [7124], [5243], [348], [3569], [4846], [1029], [4790], [2950], [5071], [3146], [1026], [6285], [7515], [2068], [1906], [4353], [1571], [43], [7345], [2670], [9423], [4155], [2026], [1356], [210], [58157], [4489]]
Neurotoxic Disorder:[[]]
Neurotoxin Diseases:[[]]
Poisonings Nervous System:[[5454], [627], [9464], [5728], [7157], [7422], [7124], [1956], [9421], [6622], [3952], [4137], [25830], [6774], [8929], [1993], [5243], [348], [2064], [3569], [207], [3586], [84759], [3553], [4846], [7040], [4609], [673], [351], [6647], [6532], [4318], [4763], [3479], [1312], [1499], [1636], [7097], [5979], [29126], [596], [4204], [23287], [7099], [3845], [4790], [4313], [1029], [7852], [5743], [3458], [999], [335], [2475], [3605], [2950], [2335], [4233], [5468], [7015], [1813], [675], [6387], [5071], [2668], [6696], [3146], [324], [3717], [920], [51738], [4915], [5594], [3630], [5054], [1234], [6347], [8626], [2332], [4780], [1026], [2247], [332], [5290], [338], [6513], [23435], [3162], [154], [23411], [2147], [1493], [5133], [472], [3105], [3084], [2033], [238], [1910], [2065], [177], [2908], [7515], [142], [3320], [5970], [1565], [2068], [3383], [2146], [861], [355], [2100], [50943], [79068], [5925], [120892], [7098], [1906], [4255], [2932], [4288], [6663], [6714], [92689], [2066], [6285], [3688], [7276], [3690], [836], [5621], [6469], [3417], [9429], [6531], [5879], [5595], [1027], [1191], [6331], [361], [2705], [5599], [114548], [3949], [6598], [23405], [10371], [7490], [2022], [2322], [10891], [4914], [7428], [3481], [6934], [3897], [3757], [1815], [6935], [2625], [406947], [10673], [3356], [9839], [54106], [682], [5080], [3767], [4803], [6597], [25], [4852], [4353], [4314], [1139], [7046], [6352], [4988], [4615], [4804], [90865], [8842], [196], [864], [6657], [7077], [443], [135], [356], [5329], [1280], [1756], [7076], [1571], [1803], [1786], [1020], [100507436]]
Neurotoxic Disorders:[[]]
Neurotoxin Disease:[[]]
