Melanocytic naevus:[[3265], [4790], [8314], [4157], [23451]]
Nevus:[[3265], [4893], [3845], [5290], [2261], [1029], [673], [1243], [1499], [999], [3815], [5594], [595], [177], [2706], [8314], [5727], [7517], [7430], [3860], [3014], [4157], [2776], [1030], [4830], [3851], [7520], [10763], [10643], [91754], [1021], [5573], [23451], [7010], [5077], [6286], [2767], [4507], [6612], [133522], [1824], [340273], [57105], [7024], [3868], [26154], [3849], [5010], [23592], [5996], [22822], [644943], [326340], [374393], [55830], [158035]]
Pigmented nevus no International Classification of Diseases for Oncology subtype:[[]]
Naevus:[[4790], [3265], [2263], [2261], [4157], [2547], [8314], [23451]]
Pigmented nevus:[[]]
Pigmented Moles:[[7422], [596], [3309], [4157], [4286]]
nevus NOS:[[1499]]
Melanocytic nevus:[[3265], [4893], [673], [5594], [595], [3815], [1030]]
Mole:[[7157], [348], [7422], [57061], [1029], [2064], [3553], [1401], [5728], [5468], [999], [199713], [4313], [3688], [4288], [2321], [3953], [3643], [1028], [2056], [847], [1030], [3484], [100], [2057], [1634], [8038], [2512], [5047], [154288], [3623], [8000], [1082], [176], [9166], [633], [2993], [8740], [5698], [5494], [93659], [150365], [79703], [574474], [574479], [574483]]
Pigmented naevus:[[3265], [4157]]
Nevi Melanocytic:[[4893], [673], [3265], [1029], [2776], [7157], [5743], [207], [1499], [999], [7015], [595], [596], [6622], [3815], [406991], [4157], [238], [2146], [4288], [7490], [8314], [1950], [2697], [6513], [6657], [4286], [10763], [7430], [947], [10643], [7299], [2767], [214], [23600], [2720], [54739], [8317], [57105], [5454]]
Nevus Melanocytic:[[3265], [4893], [3845], [673], [1029], [1499], [999], [595], [3815], [8314], [5594], [2776], [4157], [7430], [1030], [10763], [10643], [5573], [23451], [5077], [2767], [57105]]
Melanocytic nevi unspecified:[[7157], [673], [1029], [5743], [3265], [4893]]
Melanocytic nevi:[[7157], [673], [1029], [5743], [4893], [7490], [3265], [6513], [6657], [4157], [947], [10763], [2776], [7299], [23600], [2720], [54739], [8317], [5454]]
Pigmented nevus no ICD-O subtype:[[]]
Pigmented Nevi:[[]]
Pigmented Nevus:[[]]
