Niemann Pick Diseases:[[]]
Niemann-Pick Diseases:[[]]
Niemann-Pick disease unspecified:[[]]
Sphingomyelin lipidosis:[[]]
Niemann Pick Disease:[[10577], [6609], [29881], [4864], [7099], [23435], [19], [2629], [949], [1118], [6362], [6721], [3916], [10457], [57192]]
Niemann-Pick disease:[[10577], [6609], [29881], [4864], [7099], [23435], [19], [2629], [949], [1118], [6362], [6721], [3916], [10457], [57192]]
Sphingomyelinase deficiency:[[6609], [355], [920], [7124], [1956], [3553], [4846], [4318], [7099], [841], [7852], [581], [1432], [2629], [7132], [5580], [4843], [2308], [5599], [6352], [1994], [50507], [8772], [3491], [427], [56848]]
Niemann-Pick Disease:[[10577], [6609], [29881], [4864], [7099], [23435], [19], [2629], [949], [1118], [6362], [6721], [3916], [10457], [57192]]
Neuronal cholesterol lipidosis:[[]]
Sphingomyelin/cholesterol lipidosis:[[]]
