NIEMANN-PICK DISEASE WITH CHOLESTEROL ESTERIFICATION BLOCK:[[]]
NEUROVISCERAL STORAGE DISEASE WITH VERTICAL SUPRANUCLEAR OPHTHALMOPLEGIA:[[]]
Niemann Pick Disease without Sphingomyelinase Deficiency:[[6609], [7099], [2629]]
Niemann Pick Type C Disease:[[6609], [10577], [348], [29881], [4864], [3586], [7422], [351], [2629], [4137], [79068], [5579], [540], [5578], [19], [2353], [5581], [949], [950], [10457], [6362], [57192], [7099], [23435], [4094], [4160], [7879], [1509], [23621], [7431], [3920], [3312], [1118], [6721], [8877], [4791], [5727], [23643], [5742], [2760], [6775079], [1476], [382], [116150], [7050], [309], [3916], [5867], [27346], [83985], [83930]]
Niemann-Pick Disease without Sphingomyelinase Deficiency:[[6609], [7099], [2629]]
NIEMANN-PICK DISEASE CHRONIC NEURONOPATHIC FORM:[[]]
Supraoptic vertical ophthalmoplegia:[[]]
Niemann-Pick Disease with Cholesterol Esterification Block:[[]]
Niemann Pick Disease with Cholesterol Esterification Block:[[]]
Niemann-Pick Disease Chronic Neuronopathic Form:[[]]
Niemann-Pick's Disease Type C:[[]]
Niemann Pick Disease Chronic Neuronopathic Form:[[]]
Neurovisceral Storage Disease with Vertical Supranuclear Ophthalmoplegia:[[]]
Niemann-Pick disease type C:[[10577], [6609], [29881], [4864], [949], [57192], [2629], [6362], [7099], [10457], [23435], [19], [1118], [6721], [3916]]
NIEMANN-PICK DISEASE TYPE C:[[10577], [6609], [29881], [4864], [949], [57192], [2629], [6362], [7099], [10457], [23435], [19], [1118], [6721], [3916]]
Niemann Pick's Disease Type C:[[]]
NIEMANN-PICK DISEASE WITHOUT SPHINGOMYELINASE DEFICIENCY:[[6609], [7099], [2629]]
NPC:[[4864], [684], [10577], [7157], [7175], [4318], [6774], [207], [1956], [3569], [1029], [5728], [7040], [7124], [7015], [7422], [3576], [5743], [3091], [351], [29126], [1499], [4609], [3123], [1080], [3586], [4313], [595], [5243], [1401], [999], [2475], [6347], [7421], [7099], [3106], [4846], [7852], [960], [4233], [4193], [3479], [596], [7515], [2944], [3105], [4282], [5290], [55871], [3135], [3605], [406991], [6647], [2950], [6696], [2146], [4851], [472], [6387], [3480], [3815], [8626], [5970], [2706], [355], [3606], [5925], [54106], [6667], [335], [4312], [2067], [857], [5133], [836], [1906], [7291], [1027], [324], [8743], [1277], [406938], [5071], [3082], [1471], [2309], [1571], [4843], [19], [2068], [8878], [682], [4088], [406937], [2305], [2321], [2261], [7431], [3065], [283120], [6352], [998], [4968], [6657], [4854], [3596], [1786], [406906], [6615], [7517], [6935], [378938], [4297], [7474], [5300], [11186], [8678], [4072], [7528], [301], [7046], [6502], [545], [9314], [6794], [3685], [7048], [5478], [10631], [100124700], [4057], [5562], [1019], [6275], [898], [6403], [100048912], [6868], [1789], [6364], [6348], [8877], [9212], [5268], [3397], [7514], [7508], [1147], [3655], [1509], [5777], [6591], [84657], [27161], [4830], [10397], [283131], [8850], [949], [2547], [406985], [10630], [92140], [558], [3939], [462], [4915], [406986], [406933], [4586], [1508], [406942], [3875], [407008], [6908], [5727], [406996], [5037], [406910], [5742], [3925], [9112], [2810], [4261], [27250], [2120], [51741], [7471], [4092], [406935], [55384], [10419], [727], [6304], [406952], [4853], [9076], [5901], [5292], [5915]]
Niemann-Pick Type C Disease:[[10577], [6609], [348], [3586], [7422], [29881], [4864], [351], [2629], [79068], [4137], [5579], [540], [5578], [19], [2353], [5581], [949], [950], [10457], [6362], [57192], [7099], [23435], [4094], [4160], [7879], [1509], [23621], [7431], [3920], [3312], [1118], [6721], [8877], [5727], [4791], [5742], [23643], [6775079], [1476], [2760], [382], [116150], [7050], [309], [3916], [5867], [27346], [83985], [83930]]
