NIJMEGEN BREAKAGE SYNDROME:[[4683], [7157], [10111], [545], [472], [7015], [4609], [3480], [4361], [6117], [284716]]
NBS:[[4683], [4830], [7157], [1080], [7015], [472], [4193], [3479], [7852], [5371], [5290], [5979], [8626], [3725], [114548], [2261], [3014], [7341], [2690], [7158], [7874], [7323], [1660], [4916], [5074], [28996], [6672], [3020], [34], [4908], [37], [3431], [463], [11262], [79840], [6047], [165918], [26038], [1613], [26054], [93349], [4101], [192343]]
Variant V1 Ataxia-Telangiectasia:[[3091], [6774], [4683], [3320], [5599], [64421]]
Nonsyndromal Microcephaly Autosomal Recessive with Normal Intelligence:[[]]
At-V1:[[4683]]
Microcephaly normal intelligence and immunodeficiency:[[4683], [348]]
Nijmegen breakage syndrome:[[4683], [7157], [10111], [545], [472], [7015], [4609], [3480], [4361], [6117], [284716]]
SEEMANOVA SYNDROME II:[[1280], [3123], [7157], [6948], [546], [3117], [3119], [5080], [3757], [9968], [367], [2074], [51085], [2033], [3122], [6513], [114548], [348], [351], [7490], [8626], [3753], [4292], [54658], [5728], [7048], [1636], [1376], [7046], [3845], [673], [7291], [6390], [6774], [5743], [4089], [3127], [1281], [7466], [3115], [4313], [185], [3557], [2969], [2147], [6663], [4261], [1457], [2316], [183], [79577], [5430], [657], [3643], [8195], [207], [1387], [7421], [4436], [2263], [4683], [4627], [7227], [4023], [7486], [4843], [5460], [1557], [4000], [4286], [57167], [2099], [6872], [1071], [1029], [1161], [201163], [5468], [2706], [5077], [3091], [2260], [4790], [7020], [1565], [816], [1460], [5993], [2475], [5970], [8085], [5781], [7399], [3481], [7468], [269], [4952], [56244], [4088], [582], [7133], [2261], [551], [1785], [50943], [659], [3784], [9569], [4851], [2212], [775], [1660], [2908], [2122], [2146], [5290], [10483], [302], [10062], [672], [84062], [811], [6389], [2625], [6878], [2547], [6934], [7099], [186], [7422], [6720], [585], [3125], [1277], [1278], [3126], [4193], [9150], [2492], [3265], [5308], [4780], [4692], [7124], [3482], [5604], [2737], [3664], [6495], [760], [64127], [3113], [3291], [2623], [3172], [6391], [338], [8221], [10643], [3725], [7040], [4552], [81857], [90], [2150], [4609], [170302], [23405], [2149], [1788], [26585], [6716], [3717], [3856], [5076], [4613], [308], [590], [2956], [7021], [1401], [10743], [6927], [356], [1634], [468], [4204], [1734], [2332], [19], [2068], [94], [3990], [9475], [10911], [595], [301], [5894], [8976], [2624]]
Seemanova Syndrome II:[[1280], [3123], [7157], [6948], [546], [3117], [3119], [5080], [3757], [9968], [367], [2074], [51085], [2033], [3122], [6513], [114548], [348], [351], [7490], [8626], [3753], [4292], [54658], [5728], [7048], [1636], [1376], [7046], [3845], [673], [7291], [6390], [6774], [5743], [4089], [3127], [1281], [7466], [3115], [4313], [185], [3557], [2969], [2147], [6663], [4261], [1457], [2316], [183], [79577], [5430], [657], [3643], [8195], [207], [1387], [7421], [4436], [2263], [4683], [4627], [7227], [4023], [7486], [4843], [5460], [1557], [4000], [4286], [57167], [2099], [6872], [1071], [1029], [1161], [201163], [5468], [2706], [5077], [3091], [2260], [4790], [7020], [1565], [816], [1460], [5993], [2475], [5970], [8085], [5781], [7399], [3481], [7468], [269], [4952], [56244], [4088], [582], [7133], [2261], [551], [1785], [50943], [659], [3784], [9569], [4851], [2212], [775], [1660], [2908], [2122], [2146], [5290], [10483], [302], [10062], [672], [84062], [811], [6389], [2625], [6878], [2547], [6934], [7099], [186], [7422], [6720], [585], [3125], [1277], [1278], [3126], [4193], [9150], [2492], [3265], [5308], [4780], [4692], [7124], [3482], [5604], [2737], [3664], [6495], [760], [64127], [3113], [3291], [2623], [3172], [6391], [338], [8221], [10643], [3725], [7040], [4552], [81857], [90], [2150], [4609], [170302], [23405], [2149], [1788], [26585], [6716], [3717], [3856], [5076], [4613], [308], [590], [2956], [7021], [1401], [10743], [6927], [356], [1634], [468], [4204], [1734], [2332], [19], [2068], [94], [3990], [9475], [10911], [595], [301], [5894], [8976], [2624]]
Immunodeficiency Microcephaly And Chromosomal Instability:[[4683], [7124], [348], [79840], [641], [3981]]
Syndrome Berlin Breakage:[[]]
Variant V1s Ataxia-Telangiectasia:[[472], [545], [3480], [1029], [7157], [7015], [3014], [5395], [5111], [4361], [23650], [3569], [672], [4863], [3091], [4790], [6774], [207], [1026], [2475], [675], [4193], [142], [355], [4292], [836], [1432], [4683], [6714], [581], [3320], [7299], [5591], [5599], [1111], [11200], [5580], [6935], [4613], [3685], [5562], [6597], [7341], [1869], [604], [23410], [4602], [3064], [1994], [546], [5347], [959], [467], [648], [4171], [7153], [2122], [4176], [2175], [1487], [6197], [6117], [5976], [1871], [7012], [578], [5893], [4172], [7155], [6118], [5501], [11073], [5830], [64421], [3251], [8115], [84148], [9636], [63967], [10155], [8290], [51547], [8106], [7707], [5527], [7443], [79840], [84126], [5378], [64374], [10926], [221927], [9894], [84142], [9696], [79866], [83695], [81533]]
Variant 1s Ataxia-Telangiectasia:[[7157]]
Ataxia Telangiectasia Variant V1:[[3091], [6774], [4683], [3320], [5599], [64421]]
Syndrome Nijmegen Breakage:[[4683], [7157], [10111], [545], [472], [7015], [4609], [3480], [4361], [6117], [284716]]
NONSYNDROMAL MICROCEPHALY AUTOSOMAL RECESSIVE WITH NORMAL INTELLIGENCE:[[]]
Ataxia-Telangiectasia Variant 1:[[472], [545], [3480], [1029], [7015], [672], [4361], [7157], [2475], [3091], [4790], [207], [142], [5562], [1026], [3569], [4292], [836], [6714], [355], [3320], [6774], [1111], [4683], [5599], [5591], [6935], [7341], [1869], [5347], [3014], [6597], [1994], [648], [7443], [6117], [5395], [2122], [4171], [5976], [4176], [5501], [578], [2175], [5111], [1487], [6197], [5830], [10155], [3251], [675], [11073], [8115], [8106], [84148], [79840], [23650], [5378], [7012], [10926], [4613], [4863], [221927], [84142], [4602], [959], [4193], [1432], [467], [581], [5580], [83695], [7299], [3685], [11200], [81533], [3064], [6118], [604], [9636], [8290], [23410], [63967], [546], [7153], [1871], [5893], [4172], [7155], [9696], [64421], [84126], [51547], [7707], [5527], [64374], [9894], [79866]]
Ataxia Telangiectasia Variant 1:[[472], [545], [3480], [1029], [7015], [672], [4361], [7157], [2475], [3091], [4790], [207], [142], [5562], [1026], [3569], [4292], [836], [6714], [355], [3320], [6774], [1111], [4683], [5599], [5591], [6935], [7341], [1869], [5347], [3014], [6597], [1994], [648], [7443], [6117], [5395], [2122], [4171], [5976], [4176], [5501], [578], [2175], [5111], [1487], [6197], [5830], [10155], [3251], [675], [11073], [8115], [8106], [84148], [79840], [23650], [5378], [7012], [10926], [4613], [4863], [221927], [84142], [4602], [959], [4193], [1432], [467], [581], [5580], [83695], [7299], [3685], [11200], [81533], [3064], [6118], [604], [9636], [8290], [23410], [63967], [546], [7153], [1871], [5893], [4172], [7155], [9696], [64421], [84126], [51547], [7707], [5527], [64374], [9894], [79866]]
IMMUNODEFICIENCY MICROCEPHALY AND CHROMOSOMAL INSTABILITY:[[4683], [7124], [348], [79840], [641], [3981]]
AT-V1:[[4683]]
NBS - Nijmegen breakage syndrome:[[4683], [7157], [472], [7015]]
BERLIN BREAKAGE SYNDROME:[[]]
BBS:[[583], [5979], [118], [3359], [582], [2925], [79738], [8195], [585], [54585], [27241], [84100], [55212], [10806], [129880], [157657], [26160], [379], [11020], [166379], [79140], [92482], [84984]]
Seemanova syndrome II:[[1280], [3123], [7157], [6948], [546], [3117], [3119], [5080], [3757], [9968], [367], [2074], [51085], [2033], [3122], [6513], [114548], [348], [351], [7490], [8626], [3753], [4292], [54658], [5728], [7048], [1636], [1376], [7046], [3845], [673], [7291], [6390], [6774], [5743], [4089], [3127], [1281], [7466], [3115], [4313], [185], [3557], [2969], [2147], [6663], [4261], [1457], [2316], [183], [79577], [5430], [657], [3643], [8195], [207], [1387], [7421], [4436], [2263], [4683], [4627], [7227], [4023], [7486], [4843], [5460], [1557], [4000], [4286], [57167], [2099], [6872], [1071], [1029], [1161], [201163], [5468], [2706], [5077], [3091], [2260], [4790], [7020], [1565], [816], [1460], [5993], [2475], [5970], [8085], [5781], [7399], [3481], [7468], [269], [4952], [56244], [4088], [582], [7133], [2261], [551], [1785], [50943], [659], [3784], [9569], [4851], [2212], [775], [1660], [2908], [2122], [2146], [5290], [10483], [302], [10062], [672], [84062], [811], [6389], [2625], [6878], [2547], [6934], [7099], [186], [7422], [6720], [585], [3125], [1277], [1278], [3126], [4193], [9150], [2492], [3265], [5308], [4780], [4692], [7124], [3482], [5604], [2737], [3664], [6495], [760], [64127], [3113], [3291], [2623], [3172], [6391], [338], [8221], [10643], [3725], [7040], [4552], [81857], [90], [2150], [4609], [170302], [23405], [2149], [1788], [26585], [6716], [3717], [3856], [5076], [4613], [308], [590], [2956], [7021], [1401], [10743], [6927], [356], [1634], [468], [4204], [1734], [2332], [19], [2068], [94], [3990], [9475], [10911], [595], [301], [5894], [8976], [2624]]
ATAXIA-TELANGIECTASIA VARIANT V1:[[3091], [6774], [4683], [3320], [5599], [64421]]
MICROCEPHALY WITH NORMAL INTELLIGENCE IMMUNODEFICIENCY AND LYMPHORETICULAR MALIGNANCIES:[[]]
Microcephaly with Normal Intelligence Immunodeficiency and Lymphoreticular Malignancies:[[]]
Seemanova Syndrome 2:[[3757], [2263], [79068], [3845], [2033], [4436], [2706], [64127], [8091], [1278], [6934], [675], [2260], [7015], [3569], [7466], [51085], [80184], [4292], [7486], [3172], [775], [641], [1029], [5781], [10804], [3784], [5728], [6928], [4853], [3717], [6513], [1540], [7456], [114548], [3753], [348], [8085], [7468], [3767], [1280], [5080], [582], [2099], [4000], [7157], [5133], [1030], [3123], [2068], [2475], [338], [1910], [56729], [3481], [11200], [1281], [64135], [7422], [7048], [5743], [8481], [8647], [2074], [583], [132884], [7124], [2200], [10682], [3117], [26585], [4193], [2146], [4277], [783], [5594], [5460], [4023], [841], [3559], [2645], [60], [4780], [79621], [7403], [6925], [6514], [10644], [10163], [10984], [324], [8626], [3075], [3418], [57818], [546], [100188856], [4088], [718], [9839], [7020], [2261], [4179], [351], [7021], [10413], [4204], [5076], [1071], [5395], [5932], [673], [4843], [5610], [80025], [54658], [7097], [5308], [1161], [4313], [3759], [4647], [5468], [79803], [9993], [805], [8220], [7139], [3339], [4893], [4544], [5156], [1803], [6311], [2247], [5071], [3565], [1482], [4952], [6337], [7941], [154], [6657], [3667], [998], [1457], [1244], [25825], [2736], [596], [2064], [6347], [2646], [51816], [197], [2492], [2316], [7042], [1123], [8195], [3593], [6927], [4036], [117581], [7297], [1290], [3084], [3558], [1557], [54790], [2624], [10631], [1460], [5190], [4072], [9415], [63895], [2100], [6738], [1956], [302], [843], [3480], [10253], [7249], [861], [2641], [4153], [1380], [3958], [581], [23314], [8864], [1576], [4921], [3934], [150], [801], [2034], [7840]]
