Turner's phenotype karyotype normal:[[7157], [1029], [3091], [207], [4609], [4869], [7015], [2322], [3717], [3417], [50943], [7490], [861], [10413], [9429], [4282], [4194], [1050], [142], [1493], [6657], [6790], [2952], [3418], [1788], [54790], [2778], [4297], [2078], [604], [4363], [4893], [8091], [7037], [5888], [3767], [3674], [27185], [2516], [5591], [2624], [3684], [9212], [6736], [462], [79923], [3397], [4208], [171023], [6688], [29072], [54880], [291], [4005], [6901], [10002], [6427], [3563], [4330], [7307], [9844], [6575], [560], [132], [201516]]
Noonan's syndrome:[[3757], [1280], [114548], [3753], [2074], [7157], [348], [1281], [51085], [546], [80184], [7466], [3845], [673], [8481], [5728], [8195], [7486], [641], [2706], [2317], [4292], [91147], [8626], [1540], [4000], [54658], [1161], [7490], [2033], [6331], [4023], [1071], [5781], [4436], [2263], [3643], [7291], [3784], [2261], [2260], [582], [10806], [8085], [10083], [367], [4683], [207], [84062], [3123], [7468], [4647], [4952], [2200], [1029], [7399], [4810], [201163], [2969], [10804], [6949], [7227], [2492], [775], [7840], [2316], [5428], [3730], [5080], [585], [1278], [54487], [5604], [55612], [2121], [811], [5290], [132884], [4281], [116442], [84100], [2812], [5077], [64127], [79068], [6663], [783], [338], [57167], [1130], [9968], [2332], [1277], [3990], [10743], [7456], [19], [2122], [3265], [6737], [84059], [6741], [3481], [6513], [4089], [23111], [2646], [356], [1285], [1387], [26585], [8976], [7504], [1827], [331], [23405], [9401], [65217], [4893], [672], [4692], [9569], [5894], [4277], [6774], [3117], [1401], [1788], [7401], [7128], [3570], [545], [10163], [583], [10682], [124590], [129880], [54808], [27241], [2138], [79738], [4137], [2475], [60], [3897], [5159], [1364], [8091], [5885], [79803], [2811], [2956], [9993], [5460], [4286], [675], [3717], [8220], [80144], [80025], [999], [3973], [79621], [4193], [64135], [1145], [55212], [2645], [27031], [4851], [1493], [10535], [2131], [1910], [7122], [9031], [4853], [1134], [2146], [100188856], [355], [50943], [105259599], [2153], [9652], [10908], [3664], [7020], [8214], [5308], [10062], [8517], [5076], [27019], [5189], [5395], [1287], [1906], [25825], [3759]]
Turner Phenotype with Normal Karyotype:[[50943], [6736]]
Turner phenotype karyotype normal:[[50943], [6736]]
Noonan Syndrome:[[673], [5781], [3845], [5604], [5594], [5894], [4893], [867], [6654], [8216], [6774], [57762], [3479], [4763], [5054], [5500], [6016], [2688], [5159], [8036], [5327], [5770], [22800], [6655], [22808], [5605], [23394], [161742], [200734], [144568]]
Noonan-Ehmke Syndrome:[[673], [3845], [5781], [5604], [5894], [4893], [57762], [4763], [5594], [867], [8216], [6774], [6654], [5159], [6016], [5500], [8036], [3479], [5054], [5605], [22800], [6655], [2688], [22808], [161742], [5327], [23394], [5770], [6239], [200734], [144568]]
Noonan Ehmke Syndrome:[[673], [3845], [5781], [5604], [5894], [4893], [57762], [4763], [5594], [867], [8216], [6774], [6654], [5159], [6016], [5500], [8036], [3479], [5054], [5605], [22800], [6655], [2688], [22808], [161742], [5327], [23394], [5770], [6239], [200734], [144568]]
TURNER PHENOTYPE WITH NORMAL KARYOTYPE:[[50943], [6736]]
Pseudo Ullrich Turner Syndrome:[[]]
NOONAN SYNDROME:[[673], [5781], [3845], [5604], [5594], [5894], [4893], [867], [6654], [8216], [6774], [57762], [3479], [4763], [5054], [5500], [6016], [2688], [5159], [8036], [5327], [5770], [22800], [6655], [22808], [5605], [23394], [161742], [200734], [144568]]
Turner Syndrome Familial:[[6331], [4524], [2690], [7421], [9365], [367], [627], [3757], [26191], [3486], [331], [6473], [6736], [1594], [6474]]
Turner Like Syndrome:[[3757], [331], [3486], [367], [6331], [81887], [5460], [8239], [50943], [627], [4524], [26191], [7421], [7403], [268], [2690], [9365], [6736], [8835], [6103], [5770], [84433], [1617], [4650], [2488], [6474], [80258], [57623]]
Turner's Phenotype Karyotype Normal:[[7157], [1029], [3091], [207], [4609], [4869], [7015], [2322], [3717], [3417], [50943], [7490], [861], [10413], [9429], [4282], [4194], [1050], [142], [1493], [6657], [6790], [2952], [3418], [1788], [54790], [2778], [4297], [2078], [604], [4363], [4893], [8091], [7037], [5888], [3767], [3674], [27185], [2516], [5591], [2624], [3684], [9212], [6736], [462], [79923], [3397], [4208], [171023], [6688], [29072], [54880], [291], [4005], [6901], [10002], [6427], [3563], [4330], [7307], [9844], [6575], [560], [132], [201516]]
Ullrich-Noonan Syndrome:[[]]
Noonan-Ehmke syndrome:[[673], [3845], [5781], [5604], [5894], [4893], [57762], [4763], [5594], [867], [8216], [6774], [6654], [5159], [6016], [5500], [8036], [3479], [5054], [5605], [22800], [6655], [2688], [22808], [161742], [5327], [23394], [5770], [6239], [200734], [144568]]
Turner-Like Syndrome:[[3757], [331], [3486], [367], [6331], [81887], [5460], [8239], [50943], [627], [4524], [26191], [7421], [7403], [268], [2690], [9365], [6736], [8835], [6103], [5770], [84433], [1617], [4650], [2488], [6474], [80258], [57623]]
Turner-like syndrome:[[3757], [331], [3486], [367], [6331], [81887], [5460], [8239], [50943], [627], [4524], [26191], [7421], [7403], [268], [2690], [9365], [6736], [8835], [6103], [5770], [84433], [1617], [4650], [2488], [6474], [80258], [57623]]
Ullrich Noonan Syndrome:[[]]
Noonan syndrome:[[673], [5781], [3845], [5604], [5594], [5894], [4893], [867], [6654], [8216], [6774], [57762], [3479], [4763], [5054], [5500], [6016], [2688], [5159], [8036], [5327], [5770], [22800], [6655], [22808], [5605], [23394], [161742], [200734], [144568]]
Pseudo-Ullrich-Turner Syndrome:[[]]
