Lowe Disease:[[]]
Cerebrooculorenal Syndrome:[[]]
Renal-oculocerebrodystrophy:[[]]
LOWE SYNDROME:[[4952], [6594], [11021], [3633]]
Oculocerebrorenal syndrome of Lowe:[[4952], [3633]]
Cerebro-Oculo-Renal Syndrome:[[]]
Lowe-Terrey-MacLachlan Syndrome:[[]]
Lowe-Bickel syndrome:[[]]
Lowe Syndrome:[[4952], [6594], [11021], [3633]]
Oculocerebrorenal Dystrophy:[[]]
Cerebro-oculorenal dystrophy:[[]]
Lowe Bickel Syndrome:[[]]
Lowe disease:[[]]
Renal Oculocerebrodystrophy:[[]]
Oculocerebrorenal syndrome:[[4952], [3633]]
Lowe-Bickel Syndrome:[[]]
Renal-Oculocerebrodystrophy:[[]]
Lowe's syndrome:[[3757], [1280], [114548], [3753], [2074], [7157], [348], [1281], [51085], [546], [80184], [7466], [3845], [673], [8481], [5728], [8195], [7486], [641], [2706], [2317], [4292], [91147], [8626], [1540], [4000], [54658], [1161], [7490], [2033], [6331], [4023], [1071], [5781], [4436], [2263], [3643], [7291], [3784], [2261], [2260], [582], [10806], [8085], [10083], [367], [4683], [207], [84062], [3123], [7468], [4647], [4952], [2200], [1029], [7399], [4810], [201163], [2969], [10804], [6949], [7227], [2492], [775], [7840], [2316], [5428], [3730], [5080], [585], [1278], [54487], [5604], [55612], [2121], [811], [5290], [132884], [4281], [116442], [84100], [2812], [5077], [64127], [79068], [6663], [783], [338], [57167], [1130], [9968], [2332], [1277], [3990], [10743], [7456], [19], [2122], [3265], [6737], [84059], [6741], [3481], [6513], [4089], [23111], [2646], [356], [1285], [1387], [26585], [8976], [7504], [1827], [331], [23405], [9401], [65217], [4893], [672], [4692], [9569], [5894], [4277], [6774], [3117], [1401], [1788], [7401], [7128], [3570], [545], [10163], [583], [10682], [124590], [129880], [54808], [27241], [2138], [79738], [4137], [2475], [60], [3897], [5159], [1364], [8091], [5885], [79803], [2811], [2956], [9993], [5460], [4286], [675], [3717], [8220], [80144], [80025], [999], [3973], [79621], [4193], [64135], [1145], [55212], [2645], [27031], [4851], [1493], [10535], [2131], [1910], [7122], [9031], [4853], [1134], [2146], [100188856], [355], [50943], [105259599], [2153], [9652], [10908], [3664], [7020], [8214], [5308], [10062], [8517], [5076], [27019], [5189], [5395], [1287], [1906], [25825], [3759]]
Oculocerebrorenal dystrophy:[[]]
Lowe-Terrey-MacLachlan syndrome:[[]]
Oculocerebrorenal Syndrome:[[4952], [3633]]
OCRL:[[4952], [4609], [3146], [5879], [2885], [998], [6280], [7430], [1994], [4057], [7514], [4914], [301], [6279], [1991], [1025], [59341], [5868], [9927], [3482], [1213], [5216], [1660], [4036], [5062], [55503], [1511], [7850], [4218], [5861], [1173], [4831], [10653], [10482], [5870], [3148], [10454], [26060], [8087], [160], [3646], [163], [8924], [51142], [161], [11051], [51552], [81876], [6635], [51429], [10291], [8022], [1175], [11021], [1211], [23299], [6594], [9513], [219931], [9984], [5597], [11326], [6636], [3633], [55177], [9859], [117178], [1212], [636], [51512], [51143], [11031], [10618], [26292], [9950], [80335], [6327], [11120], [140465], [445582], [25962], [552900], [124801], [51560], [54039], [54814], [83443], [8345], [63931], [10282], [728689], [132320], [55716], [257364], [51759], [27092], [145508], [90203], [28971], [144717], [150368], [200728], [55111], [80262], [133121]]
Oculocerebrorenal Syndrome of Lowe:[[4952], [3633]]
Lowe Terrey MacLachlan Syndrome:[[]]
Cerebro Oculo Renal Syndrome:[[]]
LOWE OCULOCEREBRORENAL SYNDROME:[[4952]]
Lowe Oculocerebrorenal Syndrome:[[4952]]
OCRL1:[[4952], [1072], [1184], [4036], [3633], [4218], [1183], [150368], [144717]]
Lowe syndrome:[[4952], [6594], [11021], [3633]]
