Olfactory Nerve Diseases:[[]]
Cranial Nerve I Diseases:[[]]
Disorders of the first nerve:[[4803], [627], [4908], [1958], [7157], [5376], [7422], [348], [1956], [4137], [5080], [6622], [7124], [5728], [3569], [7040], [351], [4318], [3091], [3630], [9370], [100048912], [1813], [367], [673], [3481], [3553], [51738], [207], [2697], [3586], [6774], [7099], [3952], [4684], [2099], [8842], [4790], [1029], [120892], [29126], [1080], [10371], [5743], [6647], [5054], [4815], [6347], [7015], [4914], [5243], [1401], [3845], [3576], [5290], [3458], [2706], [3815], [3162], [3606], [4000], [596], [3084], [7852], [406991], [2944], [4851], [2146], [2263], [4193], [6387], [5444], [332], [2952], [114548], [7442], [4763], [7054], [960], [3383], [999], [5133], [1268], [3480], [2260], [947], [6285], [23435], [4153], [796], [5027], [7276], [4282], [3417], [154], [3725], [19], [1432], [6657], [5329], [4915], [3350], [581], [43], [183], [5781], [2247], [406947], [4852], [3082], [7490], [23405], [3627], [361], [5156], [185], [3953], [3315], [6598], [1385], [59341], [551], [4976], [6469], [196], [6662], [4854], [7412], [288], [6280], [4893], [6863], [4160], [9365], [598], [9076], [8291], [773], [135], [7351], [1139], [7046], [3060], [3673], [4544], [5176], [7133], [7345], [358], [4929], [2492], [3558], [5354], [7189], [998], [1977], [2150], [326], [2705], [4842], [3956], [8929], [3297], [7466], [57492], [6401], [6091], [1812], [6376], [4322], [3418], [2668], [729230], [7056], [9927], [7042], [1269], [5020], [2693], [26047], [2641], [4316], [5649], [8864], [8877], [1030], [9839], [102], [6279], [6869], [10381], [1524], [2737], [478], [4747], [116], [1436], [5604], [8900], [2741]]
Olfactory Nerve Disease:[[]]
First Cranial Nerve Diseases:[[]]
Disorder of the first cranial nerve:[[]]
Disorder of olfactory nerve:[[4914], [55636]]
Disorders of olfactory (1st) nerve:[[6774]]
Olfactory nerve disorder:[[4914], [55636]]
Cranial Nerve I Disorders:[[]]
Disorders of olfactory nerve:[[4914], [5028], [6299]]
