Hypospermatogeneses:[[]]
Sperm Counts Low:[[4524], [3952], [2153], [1543], [4552], [3625]]
Oligoasthenoteratozoospermias:[[]]
Sperm Count Low:[[7124], [2099], [3815], [2153], [4128], [1588], [3356], [2492], [4254], [100506658], [11096], [560], [83844]]
Oligospermia:[[4524], [4790], [1080], [3815], [2952], [3162], [142], [1786], [407040], [11200], [1111], [406906], [4254], [574501], [1081], [2798], [1617], [90780], [23304], [57135], [317719], [192343]]
Oligozoospermia:[[4524], [367], [1080], [2944], [675], [57167], [2952], [1565], [355], [4292], [23435], [407040], [356], [283120], [5139], [2052], [5428], [842], [2516], [29128], [3623], [84100], [2053], [6310], [10733], [84766], [1617], [1618], [5619], [7320], [27030], [56603], [11249], [83844], [4439], [143689], [30812], [29118], [23626], [158983], [286319], [55559], [340719], [140801], [440822], [317719], [345557]]
HYPOSPERMATOGENESIS:[[120227], [54514], [84944], [66037], [84072], [56165], [9083], [122402], [163589], [91646], [442868], [442867]]
Oligospermia NOS:[[3162]]
Oligoasthenoteratozoospermia:[[7157], [4524], [672], [367], [2944], [675], [2950], [338], [7431], [4552], [407042], [89869], [9194], [6691], [164684], [11158], [221400]]
Low sperm count:[[7124], [2099], [3815], [2153], [4128], [1588], [3356], [2492], [4254], [100506658], [11096], [560], [83844]]
Hypospermatogenesis:[[120227], [54514], [84944], [66037], [84072], [56165], [9083], [122402], [163589], [91646], [442868], [442867]]
Low sperm counts:[[4524], [3952], [2153], [1543], [4552], [3625]]
