Kjer optic atrophy:[[4976], [80207], [777778], [10059], [9927], [58156], [692222], [106783499], [4977], [619394], [100188775], [7025], [6742], [6389], [5428], [8258], [10939], [50], [7466], [22872], [8566], [6905], [23446], [10730], [64837], [84233], [478], [51102], [84816], [5631], [778], [112812], [6687], [4540], [9445], [64802], [55210], [3954], [4007], [2232], [51594], [91137], [91574], [57505], [29929], [8120], [51761], [25994], [200205], [51218], [9640], [9515]]
Autosomal dominant optic atrophy classic form:[[4976]]
Optic Atrophy Kjer Type:[[4976], [80207], [778], [7466], [9927], [5428], [51761], [10939], [10059], [8566], [7025], [6389], [84233], [5631], [478], [91137], [29929], [23446], [9445], [112812], [4540], [64802], [3954], [9640], [51594]]
Optic Atrophies Juvenile:[[]]
Autosomal dominant optic atrophy Kjer type:[[7466], [4976], [80207]]
Optic Atrophy 1:[[4976], [10059], [7466], [5428], [5631], [6742], [7025], [80207], [777778], [64802], [22872], [51102], [23446], [10730], [29929], [9927], [84816], [3954], [112812], [25994], [692222], [6905], [58156], [106783499], [6389], [4977], [619394], [100188775], [10939], [50], [55210], [8566], [64837], [8258], [84233], [478], [778], [6687], [200205], [4540], [9445], [91574], [4007], [2232], [51594], [91137], [8120], [57505], [51761], [51218], [9640], [9515]]
KJER-TYPE OPTIC ATROPHY:[[4976], [80207], [778], [7466], [9927], [5428], [51761], [10939], [10059], [8566], [7025], [6389], [84233], [5631], [478], [91137], [29929], [23446], [9445], [112812], [4540], [64802], [3954], [9640], [51594]]
Optic Atrophy Kjer's:[[4976], [80207], [777778], [10059], [9927], [58156], [692222], [106783499], [4977], [619394], [100188775], [7025], [6742], [6389], [5428], [8258], [10939], [50], [7466], [22872], [8566], [6905], [23446], [10730], [64837], [84233], [478], [51102], [84816], [5631], [778], [112812], [6687], [4540], [9445], [64802], [55210], [3954], [4007], [2232], [51594], [91137], [91574], [57505], [29929], [8120], [51761], [25994], [200205], [51218], [9640], [9515]]
Optic Atrophy Juvenile:[[4540], [5428], [7466], [478]]
Optic Atrophy Autosomal Dominant:[[4976], [58156], [692222], [106783499], [80207], [7466], [5428], [9927], [10059], [10939], [6389], [50], [478]]
Optic Atrophies Kjer-Type:[[]]
Optic Atrophy Kjer-Type:[[4976], [80207], [778], [7466], [9927], [5428], [51761], [10939], [10059], [8566], [7025], [6389], [84233], [5631], [478], [91137], [29929], [23446], [9445], [112812], [4540], [64802], [3954], [9640], [51594]]
Optic Atrophy 1s:[[]]
Optic Atrophy Hereditary Autosomal Dominant:[[4976], [80207], [7466], [9927], [10939], [6389], [478]]
OPTIC ATROPHY JUVENILE:[[4540], [5428], [7466], [478]]
Optic Atrophy Dominant:[[4976], [58156], [692222], [106783499], [80207], [7466], [5428], [9927], [10059], [6742], [6389], [10939], [50], [478]]
OAK:[[]]
Optic atrophy type 1:[[4976], [3954]]
Optic Atrophies Dominant:[[]]
OPTIC ATROPHY 1:[[4976], [10059], [7466], [5428], [5631], [6742], [7025], [80207], [777778], [64802], [22872], [51102], [23446], [10730], [29929], [9927], [84816], [3954], [112812], [25994], [692222], [6905], [58156], [106783499], [6389], [4977], [619394], [100188775], [10939], [50], [55210], [8566], [64837], [8258], [84233], [478], [778], [6687], [200205], [4540], [9445], [91574], [4007], [2232], [51594], [91137], [8120], [57505], [51761], [51218], [9640], [9515]]
OPA1:[[4976], [9968], [7157], [1956], [351], [3952], [4609], [5290], [2100], [120892], [4288], [5071], [23435], [4869], [6657], [4088], [100873941], [1994], [5566], [7517], [4087], [65018], [3312], [5428], [4311], [10059], [4914], [5770], [1025], [9927], [9131], [56616], [5245], [5052], [10133], [57506], [7168], [8452], [664], [4171], [1859], [5745], [27429], [3609], [7170], [10456], [10452], [5449], [9401], [10935], [1452], [7182], [5346], [6901], [4628], [6780], [1938], [112399], [11331], [54840], [7434], [4887], [5476], [224], [55669], [9343], [23770], [2041], [55210], [10989], [51024], [9928], [55832], [140823], [3032], [10938], [9493], [8604], [22803], [10939], [400916], [55847], [1327], [51100], [4719], [23409], [7171], [55486], [10726], [9150], [8165], [56940], [1777], [115209], [9868], [54927], [80207], [51360], [6341], [4704], [81570], [1159], [5778], [10730], [25813], [94081], [26517], [10590], [84844], [10076], [10531], [91137], [10652], [123169], [4694], [4728], [25994], [114294], [9377], [1340], [6327], [55023], [54940], [4884], [55011], [84749], [221154], [4580], [80349], [1891], [25962], [83943], [4702], [55735], [6793], [1355], [54994], [55114], [80179], [25980], [79135], [27166], [7179], [93492], [10651], [440574], [84303], [23277], [57017], [23190], [51257], [56954], [55716], [93380], [29928], [139322], [79717], [11022], [55848], [79096], [90580], [85451], [80305], [92014], [219670], [116841], [100652748], [90871], [196294], [374986], [54839], [57664], [642938], [345757], [692222], [730211]]
OPTIC ATROPHY KJER TYPE:[[4976], [80207], [778], [7466], [9927], [5428], [51761], [10939], [10059], [8566], [7025], [6389], [84233], [5631], [478], [91137], [29929], [23446], [9445], [112812], [4540], [64802], [3954], [9640], [51594]]
Optic Atrophy Type 1:[[4976], [3954]]
Kjer Optic Atrophy:[[4976], [80207], [777778], [10059], [9927], [58156], [692222], [106783499], [4977], [619394], [100188775], [7025], [6742], [6389], [5428], [8258], [10939], [50], [7466], [22872], [8566], [6905], [23446], [10730], [64837], [84233], [478], [51102], [84816], [5631], [778], [112812], [6687], [4540], [9445], [64802], [55210], [3954], [4007], [2232], [51594], [91137], [91574], [57505], [29929], [8120], [51761], [25994], [200205], [51218], [9640], [9515]]
Kjers Optic Atrophy:[[4976], [80207], [777778], [10059], [9927], [58156], [692222], [106783499], [4977], [619394], [100188775], [7025], [6742], [6389], [5428], [8258], [10939], [50], [7466], [22872], [8566], [6905], [23446], [10730], [64837], [84233], [478], [51102], [84816], [5631], [778], [112812], [6687], [4540], [9445], [64802], [55210], [3954], [4007], [2232], [51594], [91137], [91574], [57505], [29929], [8120], [51761], [25994], [200205], [51218], [9640], [9515]]
Autosomal Dominant Optic Atrophy Kjer Type:[[7466], [4976], [80207]]
