Leber Disease:[[24], [167691], [4524], [7840], [64802], [6121], [150082], [10318], [23418], [4535], [9227], [80184], [3000], [23746], [1406], [4744], [4508], [145226], [4540], [4536], [10537], [4538], [6785], [4976], [3614], [4541], [2026], [7287], [57096], [4519], [4647], [7399], [4514], [3769], [55812], [5961], [392255], [3092], [1121], [54806], [8615], [285440], [283234], [1495], [778], [343035], [6389], [23164], [4867], [54714], [8476], [7798], [1261], [4539], [6101], [163786], [9657], [58513], [51667], [585], [4719], [165530], [4901], [10198], [79812], [9742], [5132], [23307], [4694], [64753], [9256], [148870], [115861], [23059], [114827], [57709], [6775063], [6775098]]
Optic Atrophy Leber Hereditary:[[4976], [4540], [6389], [4007]]
LHON - Leber hereditary optic neuropathy:[[4535], [4524], [4538], [4540], [4541], [4976], [6775063], [6775098]]
Optic Atrophy Leber:[[4976], [100188775], [64802], [6389], [4540], [4007], [778]]
LEBER HEREDITARY OPTIC NEUROPATHY:[[4524], [4535], [4538], [4508], [4540], [4536], [4541], [4976], [4519], [4514], [6389], [4744], [4539], [4719], [4694], [54539], [6775063], [6775098]]
Leber Hereditary Optic Neuropathy:[[4524], [4535], [4538], [4508], [4540], [4536], [4541], [4976], [4519], [4514], [6389], [4744], [4539], [4719], [4694], [54539], [6775063], [6775098]]
Leber's Hereditary Optic Atrophy:[[]]
Optic Atrophy Leber Type:[[4976], [778], [64802], [6389], [4540]]
LEBER OPTIC ATROPHY:[[100188775], [4007]]
Optic Neuroretinopathy Hereditary:[[4976], [7157], [5080], [80207], [26585], [9927], [6495], [4535], [3553], [4538], [11200], [4524], [4541], [7080], [4508], [4540], [547], [7124], [7253], [7422], [348], [1636], [3569], [4627], [4536], [673], [4137], [5728], [4846], [4318], [5354], [207], [3576], [2944], [2475], [3479], [4519], [3798], [4514], [8566], [4763], [6687], [3075], [6389], [185], [581], [2697], [4282], [5631], [478], [7466], [4088], [10939], [7415], [2131], [4087], [4539], [2052], [4653], [2670], [2048], [2026], [91137], [3858], [5015], [4744], [1415], [55210], [4007], [1414], [4719], [665], [4720], [51067], [4694], [54539], [200205], [4576], [6775063], [6775098], [6775066]]
Leber Optic Atrophy and Dystonia:[[]]
Lebers Disease:[[6121], [1406], [4538], [57096]]
Lebers Optic Neuropathy:[[4538]]
LHON - Leber's hereditary optic neuropathy:[[7157], [4535], [2052], [4538], [4976], [4541], [3858], [4540], [4576], [6775063], [6775098], [6775066]]
Optic Neuropathy Leber's:[[7157], [4535], [4538], [4137], [4541], [4508], [4976], [4540], [2052], [2026], [3858], [665], [80207], [51067], [4007], [4576], [6775063], [6775098], [6775066]]
Leber's optic atrophy:[[]]
Leber hereditary optic neuropathy:[[4524], [4535], [4538], [4508], [4540], [4536], [4541], [4976], [4519], [4514], [6389], [4744], [4539], [4719], [4694], [54539], [6775063], [6775098]]
Optic Neuroretinopathies Hereditary:[[4976], [7157], [5080], [80207], [26585], [9927], [6495], [4535], [3553], [4538], [11200], [4524], [4541], [7080], [4508], [4540], [547], [7124], [7253], [7422], [348], [1636], [3569], [4627], [4536], [673], [4137], [5728], [4846], [4318], [5354], [207], [3576], [2944], [2475], [3479], [4519], [3798], [4514], [8566], [4763], [6687], [3075], [6389], [185], [581], [2697], [4282], [5631], [478], [7466], [4088], [10939], [7415], [2131], [4087], [4539], [2052], [4653], [2670], [2048], [2026], [91137], [3858], [5015], [4744], [1415], [55210], [4007], [1414], [4719], [665], [4720], [51067], [4694], [54539], [200205], [4576], [6775063], [6775098], [6775066]]
Leber's Diseases:[[7157], [4137], [4976], [2052], [6121], [3000], [23746], [665], [57096]]
Leber's Optic Atrophy:[[]]
Leber Optic Neuropathy:[[4535], [4538], [4508], [4540], [4524], [4541], [4536], [4519], [4514], [4976], [4539], [2026], [6389], [4744], [4007], [4719], [4694], [54539], [6775063], [6775098]]
Leber's Disease:[[4137], [7157], [4535], [2052], [4976], [2026], [6121], [4508], [4540], [4538], [3000], [778], [4541], [23746], [3858], [10560], [4576], [665], [57096], [80207], [51067], [343035], [6775063], [6775098], [6775066]]
Leber optic atrophy:[[100188775], [4007]]
Leber's Hereditary Optic Neuropathy:[[7157], [4137], [4535], [2052], [4976], [2026], [4538], [3858], [4508], [4540], [4541], [665], [80207], [51067], [4007], [4576], [6775063], [6775098], [6775066]]
LHON:[[7157], [4524], [4535], [2052], [4976], [4538], [664], [3858], [4540], [4541], [55486], [4576], [6775063], [6775098], [6775072], [6775066], [6775071]]
