Ulcer Oral:[[7124], [7157], [7422], [3553], [3569], [4318], [1956], [7040], [3091], [3586], [2099], [3576], [2064], [5743], [7099], [4790], [7421], [5243], [1401], [7097], [7015], [4609], [4313], [6347], [6387], [596], [3606], [4846], [50943], [1557], [51738], [3605], [28], [5468], [355], [4314], [406947], [4780], [3557], [4282], [3265], [4843], [3146], [5747], [3119], [1906], [2100], [3077], [5460], [356], [23411], [2247], [3558], [54106], [4153], [7048], [6469], [581], [79001], [7046], [4316], [90865], [4049], [7076], [283120], [3308], [10599], [3593], [8829], [149233], [3592], [5742], [6401], [7078], [7043], [3579], [3002], [51561], [7042], [100], [54210], [406987], [943], [3939], [7033], [406958], [51311], [2520], [5008], [192343]]
Ulcers Mouth:[[7124], [7421], [1401], [7097], [5156], [51284]]
Mouth ulcer:[[]]
Oral mucosal ulcerations:[[3576], [3569], [4851], [30009]]
Ulcer of mouth:[[7124], [7157], [3569], [7421], [1080], [1401], [7097], [3146], [3558], [6469], [7046], [246778], [5225]]
Ulcers Oral:[[7422], [7124], [4318], [7040], [3576], [4524], [3553], [1401], [7421], [6934], [7097], [3458], [348], [6347], [4233], [6387], [3952], [3605], [9429], [2147], [6352], [4282], [1906], [54106], [3077], [23411], [2247], [8743], [1432], [2260], [1673], [2263], [8842], [7076], [3953], [4316], [5111], [6280], [3082], [90865], [2697], [820], [1803], [958], [406986], [6279], [5159], [1000], [7078], [5742], [3491], [51284], [943], [2023], [7114], [1667], [1647], [5154], [9547], [1668], [1240], [574444], [192343]]
Mouth ulceration:[[7124], [142], [3685]]
Ulcer Mouth:[[7124], [7157], [3569], [7421], [1080], [1401], [7097], [3146], [3558], [6469], [7046], [246778], [5225]]
Oral ulcer:[[3586], [3558], [149233], [51311]]
Mouth ulcers:[[]]
Oral ulcers:[[4524], [1401], [3077], [943], [2023], [1667], [1668]]
Ulceration of oral mucosa:[[7124], [2099], [3586], [4318], [999], [7015], [4313]]
