Pseudotumors Orbital:[[]]
Inflammatory pseudotumour of orbit:[[3553], [7253], [6778], [7070], [6422]]
Orbital pseudotumour:[[7040], [3569], [5743], [7422], [3553], [4790], [5468], [5728], [1312], [7852], [406991], [5054], [6347], [3557], [6387], [406938], [2908], [3162], [3383], [3480], [1277], [7253], [2247], [3552], [406947], [2152], [650], [2261], [1490], [959], [958], [8878], [5806], [10673], [5156], [4160], [3350], [2289], [407021], [3290], [7080], [7070], [407018], [6778], [1812], [2776], [2516], [7038], [23451], [6422], [7173], [1901], [6752], [1213], [1131], [3492], [896], [5697], [255239], [1230], [5732], [407019], [7252], [220], [5729], [79977], [55605], [6751], [1123], [1964], [54496], [80142], [54805], [9427], [55699], [6775079]]
Chronic pseudotumour:[[8626], [653361], [10018], [4688], [3115], [3119], [355], [1138], [7369], [3662], [1136], [3107], [7422], [282617], [578], [3704], [2099], [3113], [3123], [5728], [3117], [4609], [596], [3658], [7124], [64399], [602], [3162], [7157], [5970], [64478], [4312], [114548], [332], [1956], [10144], [25], [1471], [59], [348], [3431], [3586], [574028], [3569], [7040], [4524], [22926], [5027], [841], [3120], [3091], [7077], [1636], [351], [79068], [977], [4988], [3394], [613], [4318], [6774], [9370], [5243], [1401], [3845], [5159], [673], [627], [207], [4790], [22943], [1536], [7421], [1535], [3553], [1029], [5743], [1499], [7099], [4846], [57619], [1312], [1080], [3576], [6622], [5468], [6532], [7015], [19], [4852], [6441], [3106], [6582], [3479], [29126], [3952], [7852], [50943], [2944], [3458], [999], [2475], [4193], [10206], [3565], [3717], [56915], [4313], [2064], [11262], [920], [51176], [23560], [4137], [5054], [5444], [1234], [6347], [3605], [4780], [4879], [2952], [6927], [406991], [7097], [2950], [2316], [23411], [4851], [1493], [472], [7840], [3105], [6387], [3146], [1026], [3077], [7515], [5594], [3383], [154], [6696], [4321], [367], [3606], [6863], [3135], [2932], [83852], [183], [177], [7356], [55213], [1557], [2147], [6352], [51738], [2645], [2244], [64127], [5133], [4582], [1432], [1906], [6648], [1030], [4153], [7450], [3958], [6647], [3934], [960], [3791], [28], [3557], [595], [6909], [4282], [161], [672], [3815], [57476], [406938], [27185], [2908], [7042], [929], [4982], [11136], [3082], [3620], [2146], [6772], [10919], [4843], [2247], [3552], [2897], [58], [4023]]
Inflammatory Pseudotumor of Orbit:[[]]
Orbital pseudotumor:[[1277], [6752]]
Orbital Inflammatory Pseudotumors:[[]]
Pseudotumor (inflammatory) of orbit:[[]]
Idiopathic orbital inflammation:[[7040], [3569], [7422], [3553], [5743], [3480], [4790], [5468], [5054], [6347], [3557], [406991], [5728], [7852], [3162], [3383], [406938], [2908], [3552], [406947], [5806], [2247], [10673], [1490], [2289], [3290]]
Inflammatory pseudotumor of orbit proper:[[]]
Pseudotumor Orbital:[[1277], [6752]]
Pseudotumor Orbital Inflammatory:[[1277], [6752]]
Inflammatory pseudotumor of orbit:[[]]
Inflammatory pseudotumour of orbit proper:[[3553]]
Chronic pseudotumor:[[3717]]
