Ornithine Transcarbamylase Deficiency Hyperammonemia Due To:[[5009]]
Ornithine Transcarbamylase Deficiency Disease:[[]]
OCTD:[[2200], [5009]]
OCT - Ornithine carbamoyltransferase deficiency:[[5009]]
OTC - Ornithine transcarbamylase deficiency:[[5009]]
Ornithine Carbamoyltransferase Deficiency:[[5009], [790]]
Ornithine carbamoyltransferase deficiency:[[5009], [790]]
Ornithine Transcarbamylase Deficiencies:[[]]
ORNITHINE TRANSCARBAMYLASE DEFICIENCY:[[5009]]
OCT deficiency:[[2067], [4524], [5627], [2153], [7157], [3075], [7124], [3569], [25974], [672], [6774], [4790], [367], [673], [3938], [472], [5449], [174], [4609], [1401], [207], [5009], [7450], [4846], [1499], [5468], [7015], [4851], [1234], [596], [1071], [6657], [4204], [3576], [595], [5925], [6667], [7852], [6696], [5184], [57817], [2348], [6566], [3815], [3284], [2146], [4000], [3565], [2706], [2729], [3958], [51079], [4843], [79923], [35], [3240], [27235], [4170], [9997], [2263], [3643], [116519], [860], [6469], [3596], [3155], [2034], [4593], [2212], [50507], [1045], [5080], [6688], [1111], [3014], [1737], [3767], [4976], [24], [2623], [2492], [947], [5741], [4586], [7534], [8050], [4723], [3371], [249], [4878], [2811], [5310], [3158], [4729], [4720], [3029], [6441], [9232], [7068], [6690], [2626], [53], [57107], [9776], [387715], [5196], [55636], [10381], [7518], [2796], [405], [8741], [3662], [8451], [4171], [8085], [56670], [574411], [406941], [6915], [5154], [1734], [6272], [4001], [55894], [6247], [29078], [6121], [22868], [7222], [3400], [6414], [6554], [4726], [11005], [1757], [427], [5266], [839], [6497], [8910], [3078], [8349], [1270], [133686], [79133], [148738], [5805], [4249], [4700], [4744], [57492], [128], [5116], [5351], [84300], [126328], [84166], [8328], [487], [5816], [54982], [10878], [64116], [2806], [51144], [79188], [6165], [1522], [5191], [55163], [5169], [106780800], [108004539], [60506], [146956], [5194], [64236], [9066], [113], [374654], [389549], [25782], [54551], [80144], [55131], [93587], [55329], [106780804], [106780803], [192343]]
OTC Deficiency:[[5009], [326625], [5160], [3172], [1892], [38], [2108], [4724], [60528], [5162], [1737], [4719], [4723], [2109], [4722], [4729], [4720], [374291], [1373], [4704], [57176], [56945], [55037], [54931], [4728], [6182], [55699], [91942], [29078], [51081], [4726], [51649], [65993], [79731], [28957], [4695], [55967], [506], [64432], [51021], [51116], [4700], [84274], [63931], [10128], [51204], [30968], [7818], [4967], [26073], [522], [9581]]
Deficiency of ornithine transcarbamylase:[[5009]]
Ornithine Transcarbamylase Deficiency:[[5009]]
OTC Deficiencies:[[5428], [4724], [4719], [2108], [81027], [2109], [4723], [51116]]
Ornithine transcarbamoylase deficiency:[[790]]
OTC DEFICIENCY:[[5009], [326625], [5160], [3172], [1892], [38], [2108], [4724], [60528], [5162], [1737], [4719], [4723], [2109], [4722], [4729], [4720], [374291], [1373], [4704], [57176], [56945], [55037], [54931], [4728], [6182], [55699], [91942], [29078], [51081], [4726], [51649], [65993], [79731], [28957], [4695], [55967], [506], [64432], [51021], [51116], [4700], [84274], [63931], [10128], [51204], [30968], [7818], [4967], [26073], [522], [9581]]
Ornithine Carbamoyltransferase Deficiency Disease:[[5009]]
Deficiency of citrulline phosphorylase:[[]]
ORNITHINE CARBAMOYLTRANSFERASE DEFICIENCY:[[5009], [790]]
Ornithine transcarbamylase deficiency:[[5009]]
Deficiency of ornithine carbamoyltransferase:[[5009], [790]]
ORNITHINE TRANSCARBAMYLASE DEFICIENCY HYPERAMMONEMIA DUE TO:[[5009]]
