Paget Disease of Bone:[[8792], [8878], [5131], [94003], [7415], [22943], [50964], [3178], [3181], [10020], [57592]]
Osteitis Deformans:[[]]
Pagets disease of bone:[[8792], [1493], [64127], [4041], [2099], [11315], [351], [348], [8600], [4137], [4982], [3586], [6774], [659], [652], [650], [3123], [3717], [1910], [6696], [6347], [1029], [3064], [683], [1277], [3569], [6387], [6622], [632], [7422], [1435], [5310], [540], [4088], [4208], [3119], [1201], [10133], [8878], [7157], [1499], [335], [3107], [120892], [4314], [56955], [9518], [7450], [7015], [5621], [3106], [3949], [1278], [1634], [3570], [7415], [1401], [338], [5311], [3558], [7369], [1071], [19], [4287], [7040], [5664], [1956], [356], [57623], [655], [79890], [1586], [26191], [958], [684], [255738], [653361], [249], [182], [2629], [3117], [3383], [864], [729230], [26503], [54901], [3084], [246778], [3953], [5131], [7124], [3593], [4688], [1234], [6261], [8651], [2263], [59067], [10320], [80339], [3592], [6597], [4524], [54361], [3115], [10577], [149233], [1991], [55600], [7957], [3381], [1394], [3659], [1030], [3133], [5734], [221692], [143098], [1378], [94003], [100187828], [654], [4318], [1636], [4361], [4790], [3481], [9370], [657], [6775], [367], [7421], [8200], [5741], [9173], [26058], [7439], [4153], [5553], [658], [51752], [4582], [1235], [55054], [3122], [6653], [217], [4359], [538], [6311], [5663], [84870], [3458], [7128], [50964], [1230], [3992], [1232], [5328], [4846], [5744], [9966], [3635], [4321], [2308], [5594], [274], [5966], [5771], [5243], [6272], [3562], [3559], [4851], [2658], [4068], [3952], [7332], [100507436], [945], [6583], [3162], [649], [633], [10452], [7077], [5617], [8301], [2212], [5027], [4057], [3146], [4312], [6403], [940], [5371], [7291], [10019], [2778], [1373]]
Paget Disease Bone:[[8792], [1493], [2099], [7415], [5131], [94003], [8600], [4982], [8878], [3178], [3181], [50964], [2064], [22943], [29126], [2625], [8626], [5290], [57592], [4288], [3880], [10381], [10020], [5216], [6416], [7182], [11184]]
Paget disease:[[8792], [1493], [7415], [3178], [8878], [3181], [5131], [94003], [2099], [5304], [4982], [8600], [2064], [2625], [29126], [5290], [8626], [4288], [22943], [50964], [3880], [57592], [10381], [5216], [10020], [6416], [3855], [7182], [11184]]
Paget's disease of bone:[[8792], [1435], [10133], [3569], [7422], [5371], [5617], [4790], [7421], [8878], [3605], [4780], [7515], [7415], [4982], [3791], [406938], [1277], [2247], [406947], [8600], [328], [22943], [203228], [9021], [10631], [8651], [50964], [9817], [249], [81501], [8826], [5170], [23165], [6374], [79890], [115908], [10451], [203427], [8036], [57592], [647087], [192343]]
Paget's Disease of Bone:[[8792], [1435], [10133], [3569], [7422], [5371], [5617], [4790], [7421], [8878], [3605], [4780], [7515], [7415], [4982], [3791], [406938], [1277], [2247], [406947], [8600], [328], [22943], [203228], [9021], [10631], [8651], [50964], [9817], [249], [81501], [8826], [5170], [23165], [6374], [79890], [115908], [10451], [203427], [8036], [57592], [647087], [192343]]
Osteitis deformans:[[]]
Osteitis deformans [Paget's disease of bone]:[[]]
Osseous Paget's Disease:[[3569], [7157], [8600], [8626], [1277]]
Pagets Disease Bone:[[8792], [1493], [64127], [4041], [2099], [11315], [351], [348], [8600], [4137], [4982], [3586], [6774], [659], [652], [650], [3123], [3717], [1910], [6696], [6347], [1029], [3064], [683], [1277], [3569], [6387], [6622], [632], [7422], [1435], [5310], [540], [4088], [4208], [3119], [1201], [10133], [8878], [7157], [1499], [335], [3107], [120892], [4314], [56955], [9518], [7450], [7015], [5621], [3106], [3949], [1278], [1634], [3570], [7415], [1401], [338], [5311], [3558], [7369], [1071], [19], [4287], [7040], [5664], [1956], [356], [57623], [655], [79890], [1586], [26191], [958], [684], [255738], [653361], [249], [182], [2629], [3117], [3383], [864], [729230], [26503], [54901], [3084], [246778], [3953], [5131], [7124], [3593], [4688], [1234], [6261], [8651], [2263], [59067], [10320], [80339], [3592], [6597], [4524], [54361], [3115], [10577], [149233], [1991], [55600], [7957], [3381], [1394], [3659], [1030], [3133], [5734], [221692], [143098], [1378], [94003], [100187828], [654], [4318], [1636], [4361], [4790], [3481], [9370], [657], [6775], [367], [7421], [8200], [5741], [9173], [26058], [7439], [4153], [5553], [658], [51752], [4582], [1235], [55054], [3122], [6653], [217], [4359], [538], [6311], [5663], [84870], [3458], [7128], [50964], [1230], [3992], [1232], [5328], [4846], [5744], [9966], [3635], [4321], [2308], [5594], [274], [5966], [5771], [5243], [6272], [3562], [3559], [4851], [2658], [4068], [3952], [7332], [100507436], [945], [6583], [3162], [649], [633], [10452], [7077], [5617], [8301], [2212], [5027], [4057], [3146], [4312], [6403], [940], [5371], [7291], [10019], [2778], [1373]]
Paget disease of bone:[[8792], [8878], [5131], [94003], [7415], [22943], [50964], [3178], [3181], [10020], [57592]]
