Degenerative joint disease of hip:[[7124], [3569], [1280], [3553], [5027]]
Osteoarthritis of hip unspecified:[[7422], [2099], [7040], [7124], [8202], [7421], [5468], [4088], [1499], [1029], [6387], [596], [7852], [2100], [3791], [960], [581], [652], [4792], [2321], [7132], [801], [3551], [3566], [89780], [7917], [805]]
Osteoarthritis of hip:[[64399], [7422], [3569], [7124], [2099], [8200], [7040], [79068], [8202], [1280], [3952], [1401], [7421], [9370], [3553], [84444], [4318], [5468], [4524], [4982], [56244], [1311], [1499], [6696], [3557], [3146], [3605], [1312], [4312], [627], [6387], [3077], [177], [4088], [816], [8600], [1029], [54829], [7852], [56729], [596], [2100], [3106], [960], [2487], [3475], [1277], [10135], [4843], [3953], [4851], [1588], [796], [10413], [581], [3791], [22943], [3486], [4148], [2321], [3481], [4988], [2022], [7132], [6280], [50964], [112744], [4210], [652], [4792], [5027], [4041], [56999], [5950], [801], [632], [567], [196385], [2690], [3566], [6279], [7077], [655], [197], [3551], [5741], [358], [342538], [54210], [89780], [1301], [5184], [11197], [10216], [4921], [4985], [81793], [55830], [7917], [805], [6363], [8838], [8125], [1302], [406917], [1298], [81608], [7123], [169792], [23143], [768216], [4054], [101867536], [50515], [201595], [55245], [344875], [55603], [167826], [150356], [192343], [6775079]]
OSTEOARTHRITIS OF HIP:[[64399], [7422], [3569], [7124], [2099], [8200], [7040], [79068], [8202], [1280], [3952], [1401], [7421], [9370], [3553], [84444], [4318], [5468], [4524], [4982], [56244], [1311], [1499], [6696], [3557], [3146], [3605], [1312], [4312], [627], [6387], [3077], [177], [4088], [816], [8600], [1029], [54829], [7852], [56729], [596], [2100], [3106], [960], [2487], [3475], [1277], [10135], [4843], [3953], [4851], [1588], [796], [10413], [581], [3791], [22943], [3486], [4148], [2321], [3481], [4988], [2022], [7132], [6280], [50964], [112744], [4210], [652], [4792], [5027], [4041], [56999], [5950], [801], [632], [567], [196385], [2690], [3566], [6279], [7077], [655], [197], [3551], [5741], [358], [342538], [54210], [89780], [1301], [5184], [11197], [10216], [4921], [4985], [81793], [55830], [7917], [805], [6363], [8838], [8125], [1302], [406917], [1298], [81608], [7123], [169792], [23143], [768216], [4054], [101867536], [50515], [201595], [55245], [344875], [55603], [167826], [150356], [192343], [6775079]]
Osteoarthritis Of Hips:[[7422], [3091], [4314], [650], [7474], [494324], [3549]]
Coxarthrosis:[[]]
OA - Osteoarthritis of hip:[[7422], [3569], [8200], [2099], [7124], [7040], [3553], [79068], [9370], [8202], [1280], [1401], [3952], [7421], [4318], [4982], [4088], [5468], [84444], [6696], [3605], [1311], [3146], [3557], [1499], [8600], [54829], [4312], [177], [7852], [3953], [1277], [2487], [3475], [10135], [4843], [1588], [10413], [22943], [581], [3486], [4148], [655], [3481], [50964], [2022], [112744], [7132], [4792], [632], [5950], [801], [7077], [358], [1301], [89780], [7123], [192343], [6775079]]
Osteoarthritis Hip:[[64399], [7422], [3569], [7124], [2099], [8200], [7040], [79068], [8202], [1280], [3952], [1401], [7421], [9370], [3553], [84444], [4318], [5468], [4524], [4982], [56244], [1311], [1499], [6696], [3557], [3146], [3605], [1312], [4312], [627], [6387], [3077], [177], [4088], [816], [8600], [1029], [54829], [7852], [56729], [596], [2100], [3106], [960], [2487], [3475], [1277], [10135], [4843], [3953], [4851], [1588], [796], [10413], [581], [3791], [22943], [3486], [4148], [2321], [3481], [4988], [2022], [7132], [6280], [50964], [112744], [4210], [652], [4792], [5027], [4041], [56999], [5950], [801], [632], [567], [196385], [2690], [3566], [6279], [7077], [655], [197], [3551], [5741], [358], [342538], [54210], [89780], [1301], [5184], [11197], [10216], [4921], [4985], [81793], [55830], [7917], [805], [6363], [8838], [8125], [1302], [406917], [1298], [81608], [7123], [169792], [23143], [768216], [4054], [101867536], [50515], [201595], [55245], [344875], [55603], [167826], [150356], [192343], [6775079]]
Coxarthroses:[[]]
Hip osteoarthritis:[[2099], [3553], [1499], [960], [6696], [3557], [84444], [4988], [3486], [4088], [2022], [4792], [1280], [3566], [112744], [4985], [81793], [805], [2487], [1298], [768216], [4054], [50515], [201595], [23143], [55830]]
Hip arthrosis:[[6159], [5068], [6767], [64399], [10133], [7422], [28988], [3569], [3093], [2099], [7124], [7040], [7421], [9026], [4524], [1280], [1401], [348], [3952], [6935], [5468], [4318], [9370], [351], [672], [3553], [4982], [6774], [8202], [5243], [627], [1312], [1029], [7852], [1499], [11153], [6532], [3106], [4137], [50947], [596], [8200], [2944], [79068], [102775567], [8600], [3605], [3077], [1277], [3557], [6696], [960], [4851], [2100], [6387], [1588], [2153], [3146], [177], [3953], [51738], [3690], [10413], [4312], [8743], [2778], [3791], [581], [3356], [841], [5599], [4088], [3107], [4843], [84444], [3486], [2068], [796], [217], [10135], [2321], [1471], [56729], [56244], [3481], [4988], [7132], [7076], [2022], [6285], [4210], [6462], [1545], [652], [22943], [5027], [4018], [5950], [6280], [4792], [56999], [567], [50964], [2638], [155], [3375], [6403], [632], [4041], [7077], [816], [1524], [801], [197], [3709], [3551], [2690], [5741], [7295], [3566], [2159], [6720], [60], [358], [2888], [3990], [5175], [6279], [3002], [84870], [23166], [249], [80315], [5268], [659], [25937], [11188], [655], [26052], [54210], [112744], [58], [3475], [9531], [6348], [406988], [3229], [7352], [1311], [406973], [5334], [3938], [84133], [5739], [6517], [89780], [79054], [337], [1081], [1213], [6319], [9603], [7350], [8082], [10352], [5099], [4208], [8766], [3126], [127018], [11197], [1301], [1759], [3587], [5184], [9450], [4985], [83999], [54829], [4921], [2869], [6913], [29072], [100507098], [7227], [9510], [9970], [81793], [6822], [7917], [2487], [3092], [805], [6424], [117], [30011], [196385], [10216], [4744], [6363]]
Osteoarthritis of the Hip:[[64399], [7422], [3569], [7124], [2099], [8200], [7040], [79068], [8202], [1280], [3952], [1401], [7421], [9370], [3553], [84444], [4318], [5468], [4524], [4982], [56244], [1311], [1499], [6696], [3557], [3146], [3605], [1312], [4312], [627], [6387], [3077], [177], [4088], [816], [8600], [1029], [54829], [7852], [56729], [596], [2100], [3106], [960], [2487], [3475], [1277], [10135], [4843], [3953], [4851], [1588], [796], [10413], [581], [3791], [22943], [3486], [4148], [2321], [3481], [4988], [2022], [7132], [6280], [50964], [112744], [4210], [652], [4792], [5027], [4041], [56999], [5950], [801], [632], [567], [196385], [2690], [3566], [6279], [7077], [655], [197], [3551], [5741], [358], [342538], [54210], [89780], [1301], [5184], [11197], [10216], [4921], [4985], [81793], [55830], [7917], [805], [6363], [8838], [8125], [1302], [406917], [1298], [81608], [7123], [169792], [23143], [768216], [4054], [101867536], [50515], [201595], [55245], [344875], [55603], [167826], [150356], [192343], [6775079]]
Osteoarthritis Of Hip:[[64399], [7422], [3569], [7124], [2099], [8200], [7040], [79068], [8202], [1280], [3952], [1401], [7421], [9370], [3553], [84444], [4318], [5468], [4524], [4982], [56244], [1311], [1499], [6696], [3557], [3146], [3605], [1312], [4312], [627], [6387], [3077], [177], [4088], [816], [8600], [1029], [54829], [7852], [56729], [596], [2100], [3106], [960], [2487], [3475], [1277], [10135], [4843], [3953], [4851], [1588], [796], [10413], [581], [3791], [22943], [3486], [4148], [2321], [3481], [4988], [2022], [7132], [6280], [50964], [112744], [4210], [652], [4792], [5027], [4041], [56999], [5950], [801], [632], [567], [196385], [2690], [3566], [6279], [7077], [655], [197], [3551], [5741], [358], [342538], [54210], [89780], [1301], [5184], [11197], [10216], [4921], [4985], [81793], [55830], [7917], [805], [6363], [8838], [8125], [1302], [406917], [1298], [81608], [7123], [169792], [23143], [768216], [4054], [101867536], [50515], [201595], [55245], [344875], [55603], [167826], [150356], [192343], [6775079]]
