Marie Bamberger Disease:[[]]
Acropachy:[[]]
Marie-Bamberger Disease:[[]]
Hypertrophic pulmonary osteoarthropathy:[[3248], [59341]]
Secondary Hypertrophic Osteoarthropathies:[[]]
HPOA - Hypertrophic pulmonary osteoarthropathy:[[3248], [59341]]
Secondary Hypertrophic Osteoarthropathy:[[]]
Marie Bamberger disease:[[]]
Marie-Bamberger disease:[[]]
Pachydermoperiostitis acquired:[[7157], [1956], [3569], [2064], [3845], [673], [6774], [4524], [3586], [5243], [7124], [3717], [2099], [5728], [207], [1636], [7040], [7422], [4233], [7421], [4318], [3123], [4790], [1029], [1499], [1401], [2475], [2153], [596], [3091], [4609], [7099], [9370], [367], [351], [3553], [546], [2944], [1080], [29126], [7015], [5743], [3458], [3576], [3815], [6714], [8743], [7852], [675], [3106], [11093], [5290], [6647], [3952], [2146], [4851], [50943], [595], [718], [4193], [3146], [4780], [238], [4313], [3480], [7450], [2952], [920], [5594], [5054], [4153], [1026], [4879], [406991], [7097], [6696], [2147], [2100], [3757], [6387], [2932], [3119], [796], [3077], [10413], [177], [5979], [5970], [1557], [3383], [857], [3688], [2706], [355], [3690], [3606], [4292], [5621], [1543], [3135], [3565], [9429], [335], [2157], [4763], [3557], [4170], [4582], [1906], [406938], [3958], [25], [5595], [3082], [4312], [324], [8626], [3791], [185], [2247], [4282], [4893], [861], [5599], [3417], [5781], [3265], [929], [7490], [2033], [6790], [1471], [2322], [23435], [1277], [8074], [6331], [3320], [4204], [5265], [407040], [213], [7291], [2321], [5329], [2261], [2260], [331], [3481], [6513], [5347], [2263], [4089], [3627], [7132], [8600], [867], [5888], [558], [682], [5460], [2305], [10135], [356], [1756], [26191], [2778], [9518], [727], [1786], [598], [811], [2308], [133], [11186], [3593], [2065], [4210], [2034], [3084], [302], [648], [3308], [8678], [7412], [7052], [2212], [7139], [55959], [2312], [6794], [5371], [5624], [5156], [4792], [1994], [9365], [7153], [84823], [3689]]
