Otitides External:[[56652], [6403], [5428], [7157], [7124], [1956], [7422], [3569], [3123], [1636], [5243], [7040], [6261], [7852], [3553], [7099], [3091], [367], [2064], [2099], [4981], [1234], [3586], [29126], [351], [920], [6387], [4318], [3845], [627], [207], [7421], [1080], [3576], [6622], [1493], [5743], [929], [3605], [3077], [4846], [1312], [3383], [2147], [3815], [355], [3135], [9429], [4193], [5133], [5621], [291], [5594], [595], [4780], [4879], [3949], [472], [3146], [5970], [3557], [6696], [4582], [2152], [3953], [177], [3643], [3627], [255738], [3688], [2706], [3690], [64127], [1588], [356], [3596], [5595], [3082], [959], [4843], [958], [100507436], [50484], [5747], [3559], [387], [4288], [5071], [948], [811], [4982], [7490], [2022], [10891], [3593], [7412], [2247], [7057], [6513], [3757], [3685], [7048], [3320], [5156], [947], [3689], [567], [3784], [2214], [3674], [4314], [729230], [3481], [7070], [4170], [5340], [30835], [3570], [7098], [682], [7037], [361], [2244], [6382], [4684], [940], [301], [149233], [7018], [22914], [2243], [1586], [2690], [2811], [796], [3673], [9332], [8792], [6469], [5027], [3684], [3678], [9518], [7056], [6615], [5788], [2266], [2159], [3579], [3575], [100], [100133941], [6935], [1524], [7084], [7253], [3133], [1048], [1958], [768], [5300], [1236], [2833], [7128], [8091], [7442], [3875], [4907], [4683], [3350], [57007], [4976], [4057], [9173], [1814], [2150], [966], [64805], [1003], [3572], [246243], [4162], [3554], [1716], [5617], [4217], [80381], [7486], [7156], [6716], [684], [2213], [4625], [2006], [79679], [1763], [10257], [2741], [10664], [8140]]
Inflammation of ear canal:[[7422], [1956], [3091], [207], [5970], [4843]]
Otitis External:[[7124], [7099], [7040], [3569], [3553], [3586], [4318], [3605], [4846], [3576], [3146], [4843], [3570], [5340]]
Otitis externa:[[]]
Unspecified otitis externa:[[]]
Otitis Externa:[[]]
OE - Otitis externa:[[]]
Unspecified otitis externa unspecified ear:[[]]
Inflammation External Ear:[[7422], [1956], [3091], [207], [5970], [4843]]
External Ear Inflammations:[[]]
