Congenital Pain Indifferences:[[]]
Pain Indifference Congenital:[[6335], [85446]]
Congenital indifference to pain:[[6335]]
Congenital Indifference to Pain:[[6335]]
Congenital pain asymbolia:[[6335], [5290], [857], [4914], [2266], [2244], [7124], [2243], [7422], [5979], [3569], [1180], [7040], [4879], [1401], [4803], [1906], [3553], [5243], [627], [1636], [2697], [1991], [2099], [59341], [3479], [7099], [3106], [2784], [351], [4790], [5743], [6329], [3952], [59344], [4846], [796], [5027], [9370], [999], [4137], [5468], [3458], [4204], [3717], [3162], [7097], [51738], [6331], [3119], [3958], [2908], [7139], [1910], [6469], [4312], [3934], [11280], [213], [4314], [1588], [2321], [2260], [7490], [1471], [3593], [5578], [1280], [7137], [3673], [406937], [4157], [7133], [3570], [5443], [2353], [55107], [773], [2161], [64805], [186], [59], [85446], [1909], [79054], [406907], [2741], [8200], [89780], [4916], [1082], [2170], [65125], [5313], [1644], [1158], [60675], [51305], [59335], [51393], [5046], [7976], [192343]]
Asymbolia:[[]]
Channelopathy-Associated Insensitivity To Pain:[[6335]]
Insensitivity To Pain Congenital:[[6335], [4914], [7124], [7422], [7040], [2099], [4803], [3479], [351], [5743], [4846], [2908], [11280], [85446], [79054], [65125], [5313], [59335], [51393]]
Congenital Analgesia:[[]]
Pain Insensitivity Congenital:[[6335], [4914], [7124], [7422], [7040], [2099], [4803], [3479], [351], [5743], [4846], [2908], [11280], [85446], [79054], [65125], [5313], [59335], [51393]]
