PHS:[[2737], [5743], [5092], [1956], [84105], [9792], [1950], [5972], [5742], [6925], [55], [113235], [4489]]
Cerebroacrovisceral Early Lethality Complex:[[672], [675], [2475], [2068], [8289], [7157], [4609], [7415], [348], [5888], [79577], [1025], [6280], [6279], [4683], [1956], [79001], [4160], [3688], [84515], [1739], [1401], [7124], [7273], [5885], [4719], [4729], [5683], [55737], [5686], [142], [1080], [1173], [324], [5929], [5887], [6622], [2064], [3845], [5694], [3091], [5594], [5925], [9559], [1959], [65018], [3569], [2932], [79718], [1737], [472], [26271], [54623], [23435], [120892], [5347], [5290], [2335], [3320], [29882], [3685], [3953], [3996], [2332], [51693], [6925], [7153], [8091], [10284], [4436], [332], [27072], [673], [207], [4780], [7936], [6293], [51112], [627], [5663], [1017], [6532], [1027], [3064], [57511], [4018], [545], [4691], [7979], [6647], [5591], [8777], [3032], [2547], [983], [10466], [7430], [3329], [7520], [6531], [3791], [9527], [4312], [7328], [6790], [3082], [3717], [2272], [1019], [648], [1457], [7037], [387], [60684], [11200], [3265], [10290], [55294], [55327], [7515], [738], [1111], [80329], [2737], [4914], [5604], [5894], [5578], [4893], [3606], [8737], [3627], [4297], [811], [8743], [3557], [3326], [7428], [10059], [7150], [2243], [6606], [112936], [1965], [4040], [10524], [9429], [5599], [898], [10018], [8842], [7450], [5310], [7486], [7517], [7329], [4763], [2885], [1643], [9575], [4255], [7057], [2706], [27185], [23476], [4170], [54658], [598], [283899], [2081], [2244], [3417], [546], [89853], [5770], [6464], [7291], [7514], [59272], [7321], [8663], [5610], [5430], [5328], [1536], [79728], [3875], [7161], [2668], [6794], [5058], [7535], [1020], [2532], [5449], [4864], [1445], [580], [4926], [7299]]
PALLISTER-HALL SYNDROME:[[2737], [2736]]
Hypothalamic Hamartoblastoma Hypopituitarism Imperforate Anus and Postaxial Polydactyly:[[]]
HYPOTHALAMIC HAMARTOBLASTOMA HYPOPITUITARISM IMPERFORATE ANUS AND POSTAXIAL POLYDACTYLY:[[]]
Pallister Hall Syndrome:[[2737], [2736]]
Pallister-Hall syndrome:[[2737], [2736]]
Syndromes Hypothalamic Hamartoblastoma:[[2737]]
Complex CAVE:[[]]
Complices CAVE:[[]]
Syndrome Pallister-Hall:[[2737], [2736]]
Syndrome Hypothalamic Hamartoblastoma:[[2737]]
Syndrome Hall-Pallister:[[2737], [2736]]
