Pancreatitis Necrotizings:[[1080], [6690], [5644], [5068], [7124], [3569], [7040], [3586], [1401], [7157], [5645], [3553], [348], [3576], [3123], [6347], [4318], [7099], [4524], [7422], [1636], [3845], [9370], [28], [4790], [1029], [3952], [5743], [3458], [673], [3146], [7421], [6696], [2944], [1312], [406991], [920], [7015], [4313], [2952], [29126], [929], [3162], [7097], [130120], [960], [4023], [675], [3605], [2524], [796], [177], [3934], [2950], [3383], [3606], [5444], [6647], [23411], [56729], [1493], [4233], [1906], [9075], [3119], [5970], [50943], [6648], [4312], [7076], [51738], [846], [4282], [5265], [1543], [4582], [217], [406938], [4153], [3958], [5329], [11330], [10413], [285], [8743], [4843], [3557], [114548], [387], [3082], [3117], [1950], [1571], [2247], [90865], [406947], [407040], [213], [5578], [2321], [1471], [4353], [3559], [5806], [2152], [4314], [3627], [7132], [7098], [1116], [3308], [1803], [4316], [9518], [3315], [2308], [11093], [10673], [6469], [5155], [2022], [57817], [6280], [4893], [116519], [4049], [125], [3956], [3689], [4057], [10855], [7128], [7442], [5624], [6786], [6401], [4087], [1508], [26291], [6403], [7077], [4803], [2641], [3297], [59067], [345], [3439], [847], [7941], [197], [149233], [7018], [50616], [551], [1045], [4311], [6376], [407021], [406913], [6928], [252995], [8795], [4586], [1113], [51284], [8314], [6279], [100133941], [2167], [9332], [952], [6288], [1991], [2740], [3990], [284], [2833], [25937], [2643], [10399], [3875], [2678], [4317], [2169], [2], [7039], [5627], [1056], [9839], [9173], [3304], [54210], [1672], [760], [6364], [2246], [6348], [3554], [3939], [10971]]
Necrotizing pancreatitis:[[1080], [7124], [3569], [7040], [7099], [7157], [3553], [3576], [7422], [3123], [4790], [3458], [3605], [929], [3162], [56729], [9075], [50943], [4282], [4153], [387], [1950], [90865], [4314], [4057], [149233], [2169], [3920], [7066], [6283]]
Acute necrotising pancreatitis:[[10747]]
Pancreatitis Necrotisings:[[1080], [6690], [5644], [5068], [7124], [3569], [7040], [3586], [1401], [7157], [5645], [3553], [348], [3576], [3123], [6347], [4318], [7099], [4524], [7422], [1636], [3845], [9370], [28], [4790], [1029], [3952], [5743], [3458], [673], [3146], [7421], [6696], [2944], [1312], [406991], [920], [7015], [4313], [2952], [29126], [929], [3162], [7097], [130120], [960], [4023], [675], [3605], [2524], [796], [177], [3934], [2950], [3383], [3606], [5444], [6647], [23411], [56729], [1493], [4233], [1906], [9075], [3119], [5970], [50943], [6648], [4312], [7076], [51738], [846], [4282], [5265], [1543], [4582], [217], [406938], [4153], [3958], [5329], [11330], [10413], [285], [8743], [4843], [3557], [114548], [387], [3082], [3117], [1950], [1571], [2247], [90865], [406947], [407040], [213], [5578], [2321], [1471], [4353], [3559], [5806], [2152], [4314], [3627], [7132], [7098], [1116], [3308], [1803], [4316], [9518], [3315], [2308], [11093], [10673], [6469], [5155], [2022], [57817], [6280], [4893], [116519], [4049], [125], [3956], [3689], [4057], [10855], [7128], [7442], [5624], [6786], [6401], [4087], [1508], [26291], [6403], [7077], [4803], [2641], [3297], [59067], [345], [3439], [847], [7941], [197], [149233], [7018], [50616], [551], [1045], [4311], [6376], [407021], [406913], [6928], [252995], [8795], [4586], [1113], [51284], [8314], [6279], [100133941], [2167], [9332], [952], [6288], [1991], [2740], [3990], [284], [2833], [25937], [2643], [10399], [3875], [2678], [4317], [2169], [2], [7039], [5627], [1056], [9839], [9173], [3304], [54210], [1672], [760], [6364], [2246], [6348], [3554], [3939], [10971]]
Pancreatitis Necrotizing:[[1080], [7124], [3569], [7040], [7099], [7157], [3553], [3576], [7422], [3123], [4790], [3458], [3605], [929], [3162], [56729], [9075], [50943], [4282], [4153], [387], [1950], [90865], [4314], [4057], [149233], [2169], [3920], [7066], [6283]]
Acute necrotizing pancreatitis:[[]]
Pancreatic Necrosis:[[7124], [3576], [355], [7132], [8743], [7186], [7133], [356], [4982], [10673], [959], [7128], [8795], [8797], [8764], [8771], [7157], [4585], [672], [3569], [9235], [7130], [7015], [1029], [7099], [4609], [7422], [7040], [4790], [8793], [5068], [8794], [9370], [3586], [1956], [4318], [25816], [1401], [5970], [3553], [3458], [3717], [351], [3146], [3091], [207], [8870], [114899], [29126], [6774], [3952], [7126], [958], [5468], [2064], [5071], [596], [1432], [5743], [5594], [5243], [3479], [7421], [4780], [5728], [3845], [6347], [23411], [1499], [7852], [11093], [142], [841], [3605], [2932], [5595], [407021], [4193], [7189], [54106], [4313], [177], [7097], [6772], [836], [2950], [7291], [406991], [348], [595], [3383], [58533], [51738], [960], [3552], [4851], [4233], [1636], [1026], [3162], [3082], [6696], [2146], [3123], [3315], [3565], [406947], [775], [6667], [3958], [50943], [1027], [3688], [4282], [7037], [2152], [407040], [4582], [3815], [4288], [10413], [3551], [5599], [1147], [2309], [8772], [6352], [3725], [627], [1906], [6648], [5879], [6376], [59341], [3106], [5054], [5925], [331], [6647], [6790], [7076], [2247], [1490], [3690], [1786], [4255], [6615], [7474], [2305], [3065], [7057], [1493], [1116], [581], [389941], [3135], [114548], [6401], [4312], [10631], [4023], [3791], [7412], [378938], [29108], [5133], [4586], [3105], [796], [5781], [3627], [8837], [4804], [1277], [10135], [338], [90865], [4843], [4314], [2100], [3606], [8877], [7424], [6850], [2641], [2335], [10891], [4792], [406938], [682], [9314], [6678], [183], [948], [329], [1191], [3620], [1524], [26191], [3558]]
Pancreatitis Necrotising:[[10747]]
Necrotising pancreatitis:[[10747]]
Pancreatitis Acute Necrotizing:[[1080], [3569], [7124], [7040], [7099], [7157], [3553], [3576], [7422], [3123], [4790], [3458], [3605], [3162], [929], [4153], [56729], [50943], [4282], [1950], [90865], [9075], [4314], [149233], [387], [2169], [7066], [6283]]
Pancreatic Necroses:[[3651], [4089], [6690], [2645], [5406], [4585], [9451], [5967], [1056], [5320], [672], [1029], [4070], [6035], [7015], [4609], [675], [2572], [28], [5068], [5539], [64714], [7157], [3569], [23436], [8870], [2813], [1956], [5646], [688], [2494], [6344], [7124], [279], [54623], [124220], [7422], [389692], [5408], [7040], [351], [1937], [1990], [54097], [5066], [4524], [5968], [5468], [2064], [3091], [1357], [1208], [4318], [6774], [1401], [3845], [673], [207], [4790], [11200], [7421], [6531], [3553], [5071], [2322], [5728], [5743], [1499], [2627], [7099], [5243], [1080], [3576], [81037], [999], [2475], [5540], [1045], [29126], [596], [1358], [7852], [3586], [1360], [4193], [2932], [3717], [4313], [79728], [407021], [5594], [10076], [11093], [595], [280], [348], [4780], [332], [5290], [406991], [23411], [960], [4233], [472], [6387], [3479], [1026], [2099], [5970], [6696], [2146], [4851], [355], [775], [3480], [3952], [6934], [6714], [5407], [9370], [3458], [857], [3688], [7037], [1636], [3630], [3146], [4582], [1432], [3815], [6667], [3958], [7515], [5595], [10413], [1027], [3162], [8743], [3934], [51738], [3123], [2952], [4288], [177], [3082], [5979], [3486], [5820], [627], [406947], [6347], [5747], [1312], [3172], [63036], [9429], [5879], [920], [142], [3265], [2130], [3725], [2152], [50943], [7494], [3106], [4170], [5925], [8842], [407040], [6648], [6657], [7291], [5460], [4436], [324], [7097], [6790], [2950], [7076], [2944], [1490], [2778], [1786], [7298], [3315], [6513], [7031], [112744], [4282], [5054], [1234], [328], [3605], [387], [11278], [2305], [6469], [6647], [3065]]
