Unspecified papilledema:[[6774]]
Optic disc oedema:[[3569], [7422], [2697], [23418]]
Papilledema unspecified:[[6774]]
Papilloedema:[[]]
Optic Disc Edema:[[7422], [7124], [3569], [4318], [348], [3091], [4314], [177], [7076], [23418]]
Papillitis:[[]]
Optic disc edema:[[7422], [7124], [3569], [4318], [348], [3091], [4314], [177], [7076], [23418]]
Optic Disk Edema:[[]]
Edemas Optic Disc:[[7157]]
Disk Choked:[[55920], [10529], [7421], [3553], [4846], [4313], [7515], [335], [8743], [4312], [3557], [4000], [114548], [1277], [3552], [2697], [8842], [2309], [1490], [2308], [860], [7273], [8795], [102], [2160], [8797], [5076], [1674], [176], [5961], [442904], [5318], [5270], [10611], [1299], [8557], [79148], [8522], [220202], [91624], [25794], [6094], [768206], [440993]]
Papillitis Optic:[[4976], [4990], [100048912], [80207], [10133], [6495], [5080], [220202], [7157], [7049], [1956], [7124], [5076], [4524], [7422], [348], [11200], [3569], [8317], [7253], [2811], [4627], [1636], [3091], [4535], [1030], [777778], [3553], [9927], [4318], [10059], [673], [627], [4846], [207], [3576], [58156], [5728], [2944], [106783499], [4137], [692222], [3479], [8258], [55384], [4977], [2475], [4313], [2952], [596], [619394], [100188845], [100188775], [1234], [4538], [1026], [6650], [4763], [177], [6657], [1906], [183], [3690], [10413], [4508], [185], [3075], [581], [4540], [4282], [478], [9201], [2697], [4843], [6389], [1071], [7025], [2260], [6742], [4327], [4314], [2104], [4541], [4088], [1545], [7474], [7076], [598], [4536], [8820], [50], [6469], [1268], [7020], [4854], [3559], [361], [7412], [64081], [9365], [7466], [10939], [5428], [4087], [7415], [2316], [4286], [6299], [1524], [7042], [29775], [2052], [7080], [4915], [5604], [5175], [3575], [2006], [23414], [4653], [53353], [4878], [2670], [4519], [8633], [1820], [84233], [578], [51594], [22872], [9076], [57410], [2737], [2232], [8566], [5354], [6905], [5195], [4514], [7471], [2048], [10381], [5629], [1137], [2026], [6664], [5138], [10730], [23446], [9423], [84665], [2131], [64837], [116], [26585], [2202], [3060], [7226], [8644], [1141], [473], [4340], [5730], [6781], [1270], [220], [1902], [54828], [10312], [3858], [56923], [5015], [23418], [3730], [84816], [10818], [51102], [778], [8573], [29967], [10653], [2253], [4881], [5626], [5631], [4744], [2043], [7003], [3798], [112812], [6687], [1645], [23180], [1646], [4539], [9445], [6496], [1415], [128674], [547]]
Edema of the Optic Disc:[[7422], [7124], [3569], [4318], [348], [3091], [4314], [177], [7076], [23418]]
Edema of optic disc:[[7422], [7124], [3569], [4318], [348], [3091], [4314], [177], [7076], [23418]]
Papillitis Optic Nerve:[[100048912], [5080], [1956], [348], [7124], [7422], [3091], [4318], [673], [627], [3553], [5728], [3576], [5076], [596], [2944], [1026], [2952], [6495], [581], [2697], [6657], [4088], [1545], [7076], [4763], [598], [1268], [9365], [4854], [4087], [7415], [4976], [361], [7042], [4915], [2006], [23414], [4653], [1524], [4990], [9927], [578], [2737], [51594], [5354], [2048], [10381], [7466], [2131], [116], [26585], [2202], [7226], [8644], [1141], [5730], [6781], [1902], [1270], [10312], [5015], [8573], [29967], [10653], [2043], [4327], [3798], [1645], [1646], [547], [65078], [1592], [220202], [474], [50], [6152], [8820], [5010], [64218], [4821], [8739], [51807], [10730], [84233], [54536], [1943], [26254], [100131187], [79932], [340665], [146167], [654231], [108348016]]
Optic disc swelling:[[7422], [7157], [596]]
Edemas Optic Disk:[[]]
Optic papillitis:[[]]
Papilledema:[[6774]]
Optic Papilla Edema:[[]]
Edema of the Optic Disk:[[]]
Choked Disks:[[]]
