Disorder of parathyroid gland:[[7421], [8074], [1027], [846], [3953], [2263], [7046], [5741], [6899]]
Disorder of parathyroid glands:[[4846], [51738], [7490], [8074], [846], [2260], [5741], [706], [55503]]
Parathyroid Disease:[[]]
Disorder of parathyroid gland unspecified:[[7421], [7046], [1027]]
Parathyroid Disorder:[[5741], [846], [2272], [1636], [133], [7421], [3569], [4524], [2099], [7422], [7040], [1499], [3952], [1956], [5111], [8074], [4846], [3479], [1080], [51738], [2932], [7015], [596], [5594], [50964], [7490], [23411], [154], [1027], [3606], [2697], [2260], [5595], [324], [5979], [8600], [1277], [860], [1387], [3953], [2263], [6616], [3673], [706], [7046], [4852], [7291], [23405], [22943], [1280], [2316], [249], [1051], [252995], [7345], [7248], [4208], [3691], [468], [55503], [6804], [6659], [239], [6899], [7252], [1009], [1300], [80816], [192343]]
Unspecified disorder of parathyroid gland:[[7421], [7046], [1027]]
Parathyroid Diseases:[[846]]
Parathyroid disease:[[]]
Disorders of parathyroid gland:[[7421], [8074], [3958], [846], [1027], [7046], [3953], [2263], [9365], [5741], [6899]]
Parathyroid gland disorder:[[7421], [8074], [1027], [846], [3953], [2263], [7046], [5741], [6899]]
Parathyroid Disorders:[[5741], [846], [1113], [7422], [3569], [4524], [7040], [2697], [1499], [7421], [1956], [3952], [8074], [3479], [2099], [1636], [79577], [4846], [9759], [51738], [1080], [7015], [2146], [2932], [1029], [2778], [23411], [3606], [596], [4982], [50964], [1027], [154], [2100], [1280], [324], [5970], [9365], [8600], [4221], [3958], [5595], [2261], [2260], [7490], [1277], [7046], [2316], [3953], [4852], [133], [2263], [796], [22943], [3673], [54790], [23405], [7345], [1030], [4322], [2272], [252995], [706], [1594], [249], [2057], [7248], [2776], [6616], [246], [4208], [408], [374], [9049], [4036], [6899], [56172], [1031], [192343]]
