Parasitic Infection:[[4790], [3458], [1234], [50943], [3135], [3565], [54106], [929], [3661], [3456], [5610], [3481], [3439], [10392], [3240], [3811], [240], [6356], [3578], [3809], [3813], [8288]]
Disease caused by parasite:[[1493], [348], [3586], [24], [7422], [6347], [3569], [3107], [958], [7124], [1956], [3593], [7040], [3383], [7157], [3458], [1230], [4000], [114548], [3043], [2778], [3565], [3630], [3105], [3553], [3039], [2475], [3479], [3576], [5743], [7097], [3040], [2147], [332], [3606], [154], [3688], [6352], [4282], [5747], [3958], [3320], [3454], [2539], [1280], [6513], [90865], [4035], [5610], [4363], [84868], [6521], [1508], [8542], [710], [9235], [942], [5293], [1828], [1001], [407011], [2936]]
Parasitic Infections:[[3458], [4790], [54106], [1234], [3135], [50943], [3565], [929], [3439], [3456], [3481], [3240], [3661], [6869], [10392], [6356], [210], [3813], [139596]]
Parasitosis:[[]]
Parasitic disease:[[]]
Parasitic Disease:[[]]
Parasite Infections:[[7157], [3586], [3569], [7124], [3458], [7097], [348], [1956], [3553], [7040], [3576], [3606], [2475], [5743], [54106], [3383], [3479], [3565], [6347], [1493], [332], [2147], [3105], [154], [90865], [114548], [3043], [6352], [4282], [3958], [3107], [958], [84868], [2539], [3002], [949], [5551], [5294], [1378], [9235], [3459], [6037], [712], [5293], [1667], [1230], [407011], [3001]]
Parasite Infection:[[7157], [3459], [3107], [7124], [348], [1956], [7040], [7422], [3586], [3569], [3458], [3553], [5743], [2475], [3576], [7097], [3565], [3383], [6347], [960], [1493], [3105], [3606], [3479], [3688], [4282], [114548], [3958], [332], [54106], [6352], [90865], [5747], [3593], [154], [2147], [6513], [3630], [84868], [5610], [3320], [3043], [958], [949], [2539], [3065], [834], [3678], [682], [1508], [9235], [3002], [6521], [1378], [5294], [5551], [942], [8542], [4035], [3551], [3454], [4363], [1280], [27161], [1667], [24], [710], [29108], [383], [10544], [22861], [2030], [2358], [6037], [5293], [2525], [2208], [712], [1230], [1001], [407011], [7317], [10578], [5967], [10096], [10097], [3001], [2994], [8784], [84171], [121512]]
Parasitic infectious disease:[[3458]]
Parasitic Diseases:[[54106], [52]]
