Paracoccidioidal granuloma:[[7124], [4318], [3586], [673], [3845], [7099], [2475], [3458], [595], [6347], [3605], [4780], [7097], [3383], [6696], [3565], [7450], [6714], [64127], [8626], [4282], [4288], [3627], [7132], [54106], [6352], [90865], [7412], [1385], [4893], [947], [2150], [2833], [5175], [2852], [4322], [5443], [1437], [4907], [383], [2215], [55054], [5657], [1235], [5629], [2720], [5896], [201294], [10663], [345611], [968], [6452], [9098]]
South American blastomycosis:[[]]
Paracoccidioidomycoses:[[]]
Paracoccidioidomycosis unspecified:[[2099], [7421], [114548], [6775], [3594]]
South American Blastomycosis:[[]]
Paracoccidioidomycose:[[]]
Mucocutaneous South American blastomycosis:[[]]
Infection by Paracoccidioides brasiliensis:[[3569], [3586], [7099], [3576], [7097], [1493], [355], [3958], [4780], [54106], [356], [2335], [3675], [64581]]
Paracoccidioides Infection:[[3569], [3586], [7099], [3576], [7097], [1493], [355], [3565], [3958], [4780], [54106], [356], [2335], [3675], [64581]]
Paracoccidioidal Granulomas:[[7422], [3091], [4318], [673], [3553], [999], [29126], [3605], [1026], [23411], [64127], [3565], [5896], [4312], [4282], [4982], [6772], [54106], [2321], [90865], [6513], [8600], [3596], [5897], [3620], [6280], [10855], [6279], [3371], [5744], [9173], [4254], [4907], [4192], [383], [7100], [1513], [5745], [7096], [4487], [3855], [51147], [3563], [4689], [9098], [115201]]
Paracoccidioidal Granuloma:[[7124], [4318], [3586], [673], [3845], [7099], [2475], [3458], [595], [6347], [3605], [4780], [7097], [3383], [6696], [3565], [7450], [6714], [64127], [8626], [4282], [4288], [3627], [7132], [54106], [6352], [90865], [7412], [1385], [4893], [947], [2150], [2833], [5175], [2852], [4322], [5443], [1437], [4907], [383], [2215], [55054], [5657], [1235], [5629], [2720], [5896], [201294], [10663], [345611], [968], [6452], [9098]]
Paracoccidioides Infections:[[3569], [3586], [7099], [7097], [3576], [54106], [355], [1493], [4780], [3565], [3958], [2335], [356], [64581]]
Brazilian blastomycosis:[[]]
Lutz-Splendore-Almeida disease:[[]]
Mucocutaneous-lymphangitic paracoccidioidomycosis:[[]]
Infection by Blastomyces brasiliensis:[[]]
Paracoccidioidomycosis:[[2099], [3586], [7421], [3458], [1493], [3565], [114548], [4843], [3593], [30835], [7018], [3592], [6775], [1356], [336], [3594]]
