Secondary parkinsonism unspecified:[[]]
Disorders presenting primarily with parkinsonism:[[7124], [4137], [6622], [351], [120892], [5428], [23435], [4843], [2688], [4854]]
Secondary Parkinsonism:[[]]
Secondary Parkinson's disease:[[4137], [6622], [120892], [2629], [7124], [7157], [351], [348], [7421], [4524], [627], [3569], [3119], [7422], [6532], [1312], [207], [1636], [4318], [652], [1401], [673], [4780], [3586], [2099], [2944], [3123], [3553], [1029], [2064], [6647], [3091], [3479], [7099], [9370], [3458], [4790], [2475], [5444], [3576], [590], [5728], [2147], [596], [2952], [7852], [6347], [3605], [335], [142], [3162], [7097], [23411], [114548], [4313], [3077], [23435], [6696], [2146], [355], [3146], [213], [11315], [5979], [2100], [3630], [177], [3075], [7276], [6285], [5879], [1268], [1471], [56606], [135], [25], [929], [2033], [4353], [114134], [406947], [1869], [1191], [130013], [7132], [328], [1116], [7054], [1571], [9518], [5111], [3084], [1544], [5580], [378938], [7412], [7442], [1981], [5080], [1789], [2668], [7351], [5562], [4915], [4842], [26291], [2289], [7037], [361], [1536], [6584], [358], [8877], [54790], [2717], [246778], [1020], [1612], [6573], [1514], [8772], [1137], [4208], [7019], [3351], [85414], [2512], [2572], [134], [10452], [5660], [59340], [6750], [400916], [6572], [27235], [246213], [192343]]
Symptomatic Parkinsonism:[[]]
Secondary parkinsonism:[[]]
Symptomatic Parkinson Disease:[[]]
Secondary Parkinson Disease:[[120892], [693184]]
Secondary Parkinson disease:[[120892], [693184]]
Symptomatic parkinsonism:[[]]
