Leukodystrophy Hypomyelinating 1:[[3329], [9131], [2058], [9255], [2705], [7965], [5917], [8560], [51569], [55703], [11128], [57165], [10382], [1267], [9533], [54664], [29920], [55823], [9725], [51501], [84504]]
Pelizaeus Merzbacher Disease:[[5354], [2700], [5917], [57165]]
Pelizaeus-Merzbacher Disease:[[5354], [2700], [5917], [57165]]
Pelizaeus Merzbacher Sclerosis Brain:[[5354]]
Pelizaeus-Merzbacher Sclerosis Brain:[[5354]]
Sudanophilic leukodystrophy:[[3329], [410], [4001], [55703], [9131], [6532], [11128], [6531], [10382], [9255], [4170], [1267], [7965], [4854], [54664], [2058], [5917], [4684], [9533], [1436], [2705], [57165], [51569], [1642], [8451], [5451], [5660], [8560], [55823], [11277], [64857], [29920], [51501], [91452], [8450], [2581], [6389], [51185], [3735], [84504], [23209], [1181], [9725], [443], [8893], [4099], [2632], [8890], [79152], [4358], [23395], [4723], [7903], [8892], [25885], [57505], [8891], [51103], [55225], [192343]]
HLD1:[[5354]]
LEUKODYSTROPHY HYPOMYELINATING 1:[[3329], [9131], [2058], [9255], [2705], [7965], [5917], [8560], [51569], [55703], [11128], [57165], [10382], [1267], [9533], [54664], [29920], [55823], [9725], [51501], [84504]]
Pelizaeus-Merzbacher disease:[[5354], [2700], [5917], [57165]]
PMD:[[5354], [1565]]
PELIZAEUS-MERZBACHER DISEASE:[[5354], [2700], [5917], [57165]]
