Inflammatory diseases of female pelvic organs (N70-N77):[[]]
Pelvic Inflammatory Diseases:[[]]
INFLAMMATORY DISEASE OF FEMALE PELVIC ORGANS:[[3569], [1956], [7040], [6622], [7422], [4318], [4790], [5594], [7157], [2321], [207], [2100], [7097], [1499], [4313], [7349], [7442], [7490], [2006]]
Unspecified inflammatory disease of female pelvic organs and tissues:[[1956], [7040], [7422], [4790], [7157], [5594], [207], [2100], [1499], [2321]]
Pelvic Inflammatory Disease:[[4318], [7099], [3458], [4313], [7097], [6347], [6387], [3934], [1471], [4353], [5329], [959], [1508], [7096], [114609], [5476], [11253]]
Female pelvic inflammation:[[7157], [1956], [4318], [7422], [3569], [7040], [2099], [672], [7099], [4790], [50943], [675], [3458], [2100], [207], [2944], [5594], [1588], [6347], [3605], [1499], [7097], [596], [4313], [6622], [7015], [335], [959], [3934], [56729], [5595], [3082], [7442], [1026], [7076], [4312], [2952], [2950], [6648], [2321], [85480], [6790], [1991], [1490], [94025], [4803], [354], [10406], [1508], [4852], [4015], [80781], [7349], [7433], [3207]]
Female pelvic inflammatory disease:[[4318], [7099], [3458], [6347], [4313], [7097], [959], [3934], [1508]]
Female pelvic inflammatory disease unspecified:[[]]
Pelvic inflammatory disease:[[4318], [7099], [3458], [4313], [7097], [6347], [6387], [3934], [1471], [4353], [5329], [959], [1508], [7096], [114609], [5476], [11253]]
PID - pelvic inflammatory disease:[[6347]]
