Pemphigoid Cicatricial:[[7040], [3553], [3458], [3565], [3557], [3552], [7133], [4803], [4914], [3567], [59], [871]]
Benign mucous membrane pemphigoid:[[]]
Scarring pemphigoid:[[7040], [7124], [3576], [4318], [3553], [7099], [4803], [6361]]
Pemphigoids Benign Mucosal:[[7157], [7124], [7040], [7422], [1956], [673], [5743], [3569], [3553], [3576], [4318], [367], [1029], [5728], [3586], [3845], [7421], [3091], [1499], [3815], [2064], [207], [3479], [3605], [596], [7099], [4790], [332], [627], [999], [3958], [4288], [6387], [4582], [6774], [1080], [51738], [7015], [3123], [29126], [1401], [6622], [5468], [6532], [3952], [7852], [4233], [2475], [6347], [6696], [4851], [354], [5054], [3717], [4780], [3082], [5970], [50943], [1027], [2247], [355], [94025], [406947], [4893], [3606], [5747], [6280], [3949], [238], [3480], [142], [7076], [3934], [6714], [4312], [4843], [3557], [8842], [1950], [4869], [9518], [4763], [6352], [5328], [5111], [6657], [1048], [718], [4316], [796], [3600], [2305], [6469], [5315], [3956], [4684], [7046], [947], [5156], [4854], [283120], [6382], [1958], [10855], [133], [2776], [7849], [652], [6279], [4311], [6597], [10599], [2149], [9076], [8314], [361], [406913], [301], [7042], [85480], [6376], [6690], [407018], [3371], [284], [5320], [5654], [1672], [5590], [407035], [5037], [4015], [6663], [59], [3965], [5732], [2252], [8000], [214], [51297], [7432], [1364], [1131], [1308], [5734], [29108], [2767], [6095], [406893], [574447], [23532], [5653], [9447], [3687], [794], [7349], [1365], [574506], [10562], [163702], [161742], [6700], [55830], [192343]]
Cicatricial pemphigoid:[[7040], [3553], [3458], [3565], [3557], [3552], [7133], [4803], [4914], [3567], [59], [871]]
Pemphigoid Benign Mucosal:[[1308], [7040], [7124], [3553], [3576], [4318], [3605], [7099], [999], [3123], [3606], [3557], [59]]
Mucosynechia atrophic bullous dermatitis:[[7124], [7040], [7099], [4318], [3123], [3119]]
Mucous membrane pemphigoid:[[7124], [3553], [999], [3565], [3557], [3596], [3566], [1001], [3914], [2581]]
Pemphigoid Benign Mucous Membrane:[[7124], [999], [3553], [3557], [3596], [3914]]
Benign mucosal pemphigoid:[[1308], [7040], [7124], [3553], [3576], [4318], [3605], [7099], [999], [3123], [3606], [3557], [59]]
