Peyronies disease:[[]]
Plastic Induration of the Penis:[[]]
PEYRONIE DISEASE:[[]]
Fibrous Cavernitides:[[]]
Induratio penis plastica:[[7040], [5743], [595], [4288], [5021], [6469], [7068], [7067], [3060], [9536], [3816], [3026], [3062], [3061]]
Peyronie's Disease:[[3569], [7040], [3479], [6347], [5806], [358], [7472]]
Fibrous Cavernitis:[[]]
Penile Fibromatosis:[[1029], [1499], [2099], [5925], [4288]]
Penile fibromatosis:[[1029], [1499], [2099], [5925], [4288]]
Penile Induration:[[]]
Fibrous cavernositis:[[8852], [7157], [161835], [10566], [1956], [9258], [1385], [401024], [7040], [1029], [207], [7015], [4318], [1499], [1401], [999], [2475], [2778], [4609], [29126], [960], [4313], [595], [3105], [5925], [238], [7450], [3630], [6778], [8074], [84075], [1588], [4288], [4982], [4843], [2247], [3481], [947], [10631], [4763], [4089], [650], [8600], [4088], [7291], [1490], [6469], [7431], [5580], [2200], [2022], [6615], [7430], [5159], [8091], [7941], [4973], [4087], [6452], [7341], [216], [4072], [2130], [4311], [6591], [100420895], [100289194], [100130684], [4322], [7486], [5579], [8314], [9332], [1991], [5744], [4015], [8792], [10544], [7849], [1839], [51206], [59], [1890], [657], [1311], [5076], [4171], [4773], [1674], [290], [2947], [2202], [26256], [53340], [4665], [4693], [123], [2891], [54880], [2069], [5046], [466], [51377], [8490], [685], [53827], [5232], [26330], [9509], [29933], [54763], [83447], [9158], [6676], [130540], [100127206]]
Peyronie Disease:[[]]
Plastic induration of penis:[[]]
Peyronies Disease:[[]]
Peyronie's disease:[[3569], [7040], [3479], [6347], [5806], [358], [7472]]
