Ulcer Gastroduodenal:[[7422], [7157], [3569], [3586], [3576], [1906], [51738], [4353]]
Ulcer Peptic:[[7124], [3553], [7157], [3586], [5243], [2099], [7040], [3576], [7099], [1557], [5468], [7097], [1401], [3557], [3605], [6387], [50943], [4282], [3265], [90865], [3593], [5742], [79001], [283120], [4316], [10599], [3592], [3002], [100], [54210], [3939], [406958], [406987], [3304], [2520], [54578], [3306], [10148], [493856], [495]]
Peptic ulcer:[[7124], [7157], [7040], [3586], [5243], [3553], [2099], [7099], [1401], [3576], [5468], [7097], [1557], [3605], [6387], [50943], [3557], [4282], [3265], [90865], [3593], [283120], [4316], [79001], [10599], [5742], [3592], [3002], [100], [54210], [3939], [406958], [406987], [3304], [2520], [54578], [3306], [10148], [493856], [495]]
Ulcers Gastroduodenal:[[7422], [3576], [2147], [1906]]
Gastroduodenal ulcer:[[]]
Peptic ulceration:[[7124], [3586], [3553], [2099], [6352], [10392], [3304], [6343]]
Peptic ulcer site unspecified:[[7157], [2099], [7124], [7040], [5468], [6387], [3265]]
Ulcers Peptic:[[7124], [3553], [3576], [7040], [1401], [7097], [3605], [6387], [9429], [4282], [6352], [90865], [4316], [5742], [3306]]
peptic ulcer NOS:[[5243], [2099]]
Peptic ulcer disease:[[3586], [6387], [1401], [3593], [3592], [7124], [7040], [5243], [2099], [7157], [3557], [283120], [3553], [7099], [3576], [5468], [100], [7097], [1557], [3605], [3939], [50943], [4282], [3265], [90865], [4316], [79001], [10599], [5742], [3002], [54210], [3304], [406958], [406987], [54578], [10148], [3306], [2520], [493856]]
PU - Peptic ulcer:[[7040], [7099], [3553], [5468], [7097], [54210]]
gastroduodenal ulcer NOS:[[]]
PUD - Peptic ulcer disease:[[1557]]
