PNS (Peripheral Nervous System) Diseases:[[627]]
PNS Diseases:[[]]
Disorder of peripheral nervous system NOS:[[4842], [6622], [3479]]
DISORDERS OF THE PERIPHERAL NERVOUS SYSTEM:[[7124], [627], [4318], [6622], [207], [4137], [3479], [3553], [4313], [2332], [6647], [4915], [4763], [1129], [861], [7276], [5071], [4803], [23405], [7442], [2668], [4747], [5376], [9927], [706], [4842], [208], [22933], [430], [1959], [6334], [29851], [215], [347], [4908], [170302], [4744], [886], [4909], [79152], [23308], [64423], [57716], [1132]]
Peripheral Nervous System Disorders:[[]]
Peripheral Nerve Disease:[[4000]]
Peripheral Nervous System Disease:[[]]
Peripheral Neuropathies:[[59341], [5376], [4359], [1639], [1959], [23064], [54332], [2617], [2596], [8565], [4665], [3035], [9639], [5453], [4664], [342035], [22856]]
Peripheral Nerve Diseases:[[]]
PNS Disease:[[]]
Peripheral Neuropathy:[[6387], [7124], [1636], [348], [3569], [3559], [4524], [7422], [3570], [2492], [3586], [1401], [627], [4318], [9370], [5243], [3458], [27178], [4747], [7173], [6863], [3077], [2296], [3383], [3565], [3672], [3690], [9734], [9429], [26580], [4255], [7276], [406947], [213], [3309], [6513], [8600], [4088], [5608], [26018], [7298], [6285], [2705], [9516], [800], [4615], [7442], [64344], [7517], [4035], [79784], [60495], [345], [4684], [847], [775], [5428], [4311], [407021], [1535], [2876], [9990], [4804], [10010], [5787], [2717], [4976], [8888], [9927], [773], [182], [169792], [6652], [6335], [6683], [11169], [1649], [2026], [10381], [1558], [10257], [231], [1174], [1760], [79791], [4256], [9603], [7498], [53918], [10082], [407046], [2762], [23600], [6948], [6286], [5055], [8912], [26278], [9585], [6336], [950], [9147], [4534], [3735], [902], [3670], [5631], [83539], [4536], [10558], [407047], [8565], [338811], [9515], [7007], [407051], [3035], [9499], [79628], [81553], [58490], [57410], [55655], [55697], [9896], [56947], [51651], [57716], [55129], [55768], [11280], [23321], [9860], [5375], [145957], [57143], [5165], [121512], [9517], [81846], [55722], [91574], [127665], [9639], [2882], [25950], [4509], [10102], [83953], [100534595], [6775098], [6775066]]
Disorder of the peripheral nervous system:[[861], [7124], [627], [207], [3553], [6622], [4803], [4137], [2668], [4842], [6647], [4318], [3479], [10397], [4313], [2332], [5071], [335], [4763], [215], [4915], [7276], [56288], [23405], [706], [2065], [23114], [4653], [5454], [1910], [23621], [3691], [4747], [1959], [6497], [1129], [4908], [6334], [84668], [58157], [4744], [1128], [170302], [1729], [4131], [5274], [4909], [886], [9048], [40], [1960], [4099], [9856], [9464], [10342], [1826], [121512], [93627]]
Peripheral nerve disease:[[4000]]
Peripheral Nervous System Diseases:[[]]
Peripheral neuropathy:[[6387], [7124], [1636], [348], [3569], [3559], [4524], [7422], [3570], [2492], [3586], [1401], [627], [4318], [9370], [5243], [3458], [27178], [4747], [7173], [6863], [3077], [2296], [3383], [3565], [3672], [3690], [9734], [9429], [26580], [4255], [7276], [406947], [213], [3309], [6513], [8600], [4088], [5608], [26018], [7298], [6285], [2705], [9516], [800], [4615], [7442], [64344], [7517], [4035], [79784], [60495], [345], [4684], [847], [775], [5428], [4311], [407021], [1535], [2876], [9990], [4804], [10010], [5787], [2717], [4976], [8888], [9927], [773], [182], [169792], [6652], [6335], [6683], [11169], [1649], [2026], [10381], [1558], [10257], [231], [1174], [1760], [79791], [4256], [9603], [7498], [53918], [10082], [407046], [2762], [23600], [6948], [6286], [5055], [8912], [26278], [9585], [6336], [950], [9147], [4534], [3735], [902], [3670], [5631], [83539], [4536], [10558], [407047], [8565], [338811], [9515], [7007], [407051], [3035], [9499], [79628], [81553], [58490], [57410], [55655], [55697], [9896], [56947], [51651], [57716], [55129], [55768], [11280], [23321], [9860], [5375], [145957], [57143], [5165], [121512], [9517], [81846], [55722], [91574], [127665], [9639], [2882], [25950], [4509], [10102], [83953], [100534595], [6775098], [6775066]]
