PJS:[[6794], [7157], [5743]]
Perioral Lentiginoses:[[]]
POLYPS-AND-SPOTS SYNDROME:[[7157], [673], [3845], [4436], [3265], [6774], [5156], [324], [7422], [595], [1956], [1499], [3091], [335], [2064], [3815], [59272], [2688]]
Polyps and Spots Syndrome:[[7157], [673], [3845], [4436], [3265], [6774], [5156], [324], [7422], [595], [1956], [1499], [3091], [335], [2064], [3815], [59272], [2688]]
Peutz-Jeghers polyposis:[[6794], [1499], [4629]]
Syndrome Peutz-Jegher's:[[6794], [2778], [6469], [1499], [5727], [2309], [2735], [7249], [2272], [10461], [5563], [8519], [4629], [51719], [92335], [110006318], [110006317]]
Polyposis Peutz-Jeghers:[[6794], [1499], [4629]]
Peutz-Jeghers syndrome:[[6794], [1499], [2309], [2778], [6469], [2272], [7249], [2735], [5727], [10461], [8519], [4629], [51719], [92335], [110006318], [110006317]]
Perioral lentiginosis:[[]]
Syndrome Polyps-and-Spots:[[7157], [673], [3845], [4436], [3265], [6774], [5156], [324], [7422], [595], [1956], [1499], [3091], [335], [2064], [3815], [59272], [2688]]
Polyposes Hamartomatous Intestinal:[[5728], [2475], [4089], [4092], [90]]
Polyposis Hamartomatous Intestinal:[[4089], [5728], [4092]]
PJS - Peutz-Jeghers syndrome:[[6794]]
POLYPOSIS HAMARTOMATOUS INTESTINAL:[[4089], [5728], [4092]]
Periorificial lentiginosis syndrome:[[]]
Syndrome Periorificial Lentiginosis:[[]]
Peutz Jeghers Polyposis:[[6794], [1499], [4629]]
PEUTZ-JEGHERS SYNDROME:[[6794], [1499], [2309], [2778], [6469], [2272], [7249], [2735], [5727], [10461], [8519], [4629], [51719], [92335], [110006318], [110006317]]
Syndrome Peutz-Jeghers:[[6794], [2778], [6469], [1499], [5727], [2309], [2735], [7249], [2272], [10461], [5563], [8519], [4629], [51719], [92335], [110006318], [110006317]]
Perioral Lentiginosis:[[]]
Peutz Jegher's Syndrome:[[]]
Peutz-Jegher Syndrome:[[6794]]
Peutz Jeghers Syndrome:[[6794], [1499], [2309], [2778], [6469], [2272], [7249], [2735], [5727], [10461], [8519], [4629], [51719], [92335], [110006318], [110006317]]
Syndromes Periorificial Lentiginosis:[[]]
Syndromes Polyps-and-Spots:[[7157], [7422], [3845], [673], [3091], [6774], [595], [335], [3815], [4436], [3265]]
