Cutaneous albinism:[[]]
Piebaldism:[[3815], [6591], [4254], [161742]]
Congenital partial albinism (leukoderma) on face trunk or limbs:[[5290], [7422], [4790], [7099], [4846], [8094], [5444], [6647], [3146], [3688], [3690], [8626], [3791], [3082], [4204], [10135], [259232], [7415], [10631], [3673], [2811], [2643], [6683], [5921], [1785], [2737], [2736], [7879], [2303], [10411], [6272], [825], [4535], [4921], [6910], [2318], [9217], [4908], [7476], [1300], [7022], [64399], [1747], [5274], [1748], [1836], [60529], [11069], [1746], [392255], [2121], [132884], [58513], [55603], [200162], [54800]]
PIEBALD TRAIT:[[3815]]
Piebald Trait:[[3815]]
Cutaneous Albinism:[[]]
Partial albinism:[[3815], [6591]]
Partial Albinism:[[3815], [6591]]
PBT:[[3815]]
PIEBALDISM:[[3815], [6591], [4254], [161742]]
