PILONIDAL SINUS:[[920], [3559]]
Pilonidal Cyst:[[]]
Cyst - pilonidal:[[]]
Pilonidal Cysts:[[]]
Hair sinus:[[1956], [7157], [7124], [7040], [1499], [3569], [4851], [627], [8626], [5243], [1401], [3815], [595], [4313], [10855], [6469], [796], [5308], [4803], [4583], [5076], [6926]]
Pilonidal sinus:[[920], [3559]]
Piliferous cyst:[[7422], [7124], [3569], [7040], [3845], [4318], [3586], [673], [4790], [3576], [3553], [1029], [5743], [2475], [1080], [29126], [94014], [999], [596], [595], [332], [2950], [6387], [5925], [183], [6714], [1906], [4288], [3265], [1471], [7428], [2247], [2321], [2263], [682], [5310], [2778], [4323], [3620], [23405], [7412], [268], [4854], [5566], [7474], [768], [8091], [2735], [652], [6401], [10631], [7249], [5741], [4311], [94025], [5727], [358], [2066], [4586], [3579], [4322], [3611], [1048], [8289], [6690], [406952], [5311], [668], [2919], [54210], [55107], [7248], [7471], [919], [4599], [56616], [382], [727897], [1386], [2252], [5732], [201163], [1830], [55], [8714], [5284], [3549], [5314], [4628], [8317], [6558], [80184], [2253], [9098], [51684], [6909], [5406], [5589], [5567], [220296], [4645], [196527], [2355], [169792], [56667], [9496], [11231], [9742], [1006], [3233], [9834], [100874366]]
Sinus Pilonidal:[[920], [3559]]
Pilonidal cyst and sinus:[[]]
Pilonidal cyst:[[]]
Pilonidal cyst NOS:[[]]
