Pituitary-Dependant Hypercortisolism:[[]]
Pituitary dependent Cushing disease:[[6597], [5566], [5573], [3569], [7421], [1813], [3479], [2908], [9101], [2696], [3976], [3066], [5443], [2690], [3164], [6752], [3290], [2693]]
Pituitary Cushing Disease:[[3569], [6597], [1813], [7421], [3479], [3976], [2908], [5566], [5573], [5443], [9101], [6752], [2690], [3066], [3290], [2693], [50940], [6755], [3164], [6751], [2696]]
Pituitary Cushing syndrome:[[3569], [2908], [5566], [5573], [3976], [2696]]
Pituitary-Dependant Hypercortisolism Disorder:[[]]
Pituitary Dependant Cushing Syndrome:[[]]
Pituitary dependent hypercortisolism:[[9049], [9101], [7421], [2908], [51738], [4306]]
Pituitary Cushing Syndrome:[[3569], [2908], [5566], [5573], [3976], [2696]]
Pituitary ACTH Hypersecretion:[[5443], [2688], [2778], [1956], [3479], [4318], [5617]]
Pituitary Dependant Hypercortisolism:[[]]
Pituitary Cushing Diseases:[[3569], [3479], [2908], [7421], [3066], [5566], [6597], [3164], [3290], [3976]]
Cushing disease:[[3569], [6597], [10320], [7421], [1813], [3976], [5566], [3479], [2908], [5573], [2695], [3066], [2690], [5443], [3290], [6752], [50940], [3164], [2693], [6755], [9101], [181], [5126], [2696], [6751], [79798], [91768]]
Cushing's disease:[[1029], [7450], [1586], [7157], [3557], [5566], [8600], [5580], [354], [673], [26291], [3576], [7035], [5573], [2264], [2908], [51738], [595], [3606], [1027], [4255], [213], [1869], [2688], [5443], [3290], [3973], [150], [3291], [407015], [10628], [9101], [9965], [4158], [6423], [2696], [1153], [79798], [91768], [84196]]
Cushing's Disease:[[1029], [7450], [1586], [7157], [3557], [5566], [8600], [5580], [354], [673], [26291], [3576], [7035], [5573], [2264], [2908], [51738], [595], [3606], [1027], [4255], [213], [1869], [2688], [5443], [3290], [3973], [150], [3291], [407015], [10628], [9101], [9965], [4158], [6423], [2696], [1153], [79798], [91768], [84196]]
PITUITARY ADENOMA 4 ACTH-SECRETING:[[1029], [9232], [5655], [2099], [4318], [2908], [5443], [8091], [4255], [4288], [9101]]
Disease Cushing:[[3569], [6597], [10320], [7421], [1813], [3976], [5566], [3479], [2908], [5573], [2695], [3066], [2690], [5443], [3290], [6752], [50940], [3164], [2693], [6755], [9101], [181], [5126], [2696], [6751], [79798], [91768]]
Pituitary-Dependant Cushing Syndrome:[[]]
CUSHING DISEASE PITUITARY:[[3569], [6597], [1813], [7421], [3479], [3976], [2908], [5566], [5573], [5443], [9101], [6752], [2690], [3066], [3290], [2693], [50940], [6755], [3164], [6751], [2696]]
Pituitary-Dependant Hypercortisolisms:[[5307], [7157], [4318], [7068], [7040], [596], [836], [3066], [1269], [7067], [3060]]
Cushing basophilism:[[3569], [7421], [3479], [2908], [1813], [5566], [3066], [6597], [2690], [5443], [10320], [3290], [5573], [3164], [6752], [3976], [2693], [6755], [2695], [9101], [2696], [181], [5126], [6751], [50940], [79798], [91768]]
Pituitary Dependant Hypercortisolism Disorder:[[]]
Pituitary-Dependant Hypercortisolism Disorders:[[]]
Pituitary-dependent Cushing's disease:[[9101]]
Pituitary hyperadrenal corticism:[[2688], [5449], [5626], [116], [9232], [1113], [1081], [117], [5307], [7433], [7434], [7157], [7422], [2778], [9095], [553], [754], [3569], [6447], [348], [3547], [1956], [2099], [999], [3479], [3091], [4318], [627], [7068], [1813], [1029], [2908], [7040], [673], [1499], [51738], [9049], [2064], [7015], [4609], [6774], [3586], [367], [207], [1636], [29126], [4288], [5468], [5728], [5743], [7099], [5243], [7421], [6532], [7852], [6657], [5015], [4255], [332], [64405], [596], [3958], [3952], [595], [6387], [4137], [1027], [55515], [3458], [10744], [1588], [5617], [4313], [5290], [3791], [2950], [5594], [2100], [5054], [8091], [1026], [3077], [25807], [9101], [406991], [2146], [23411], [4851], [4233], [3146], [652], [3815], [6696], [8022], [355], [5925], [26255], [6469], [284424], [10413], [142], [5979], [2247], [857], [3688], [836], [1385], [5443], [79068], [861], [4221], [5595], [8626], [581], [196], [4282], [650], [5747], [3417], [4436], [4982], [3082], [7490], [2332], [1869], [2736], [3953], [8842], [5241], [54106], [682], [1786], [56729], [3481], [2264], [2735], [7080], [2263], [7057], [8600], [551], [4088], [860], [356], [2260], [5308], [7076], [7153], [64072], [2308], [1191], [5111], [100507436], [796], [2539], [2113], [3159], [406937], [89884], [5580], [4323], [4854], [55384], [3814], [1788], [23405], [10855], [11186], [3593], [2492], [1394], [7048], [2056], [1050], [9365], [2289], [6752], [5080], [5566], [7253], [283120], [7424], [1958], [406906], [133], [891], [7046], [7018], [50616], [2690], [2625], [2956], [3066], [4852], [6597], [1789], [4684], [4072], [2624], [326315]]
PITA4:[[9101]]
