Pituitary Gland Disease:[[]]
Pituitary disease:[[2778], [551], [1394], [1392]]
Disorder of pituitary:[[5449], [2688], [117], [116], [5626], [1636], [6532], [121278], [7157], [7422], [133], [3569], [348], [861], [2099], [627], [553], [3815], [3479], [1813], [2908], [4318], [2289], [51738], [5243], [1956], [3586], [7421], [7040], [3952], [207], [4137], [54106], [5111], [3091], [5728], [673], [7068], [1191], [5580], [1499], [7099], [367], [3458], [64072], [3077], [7015], [5743], [6774], [26291], [596], [1385], [4609], [4233], [1000], [2332], [6657], [4313], [2950], [7852], [5594], [79068], [1588], [5015], [6387], [3146], [1027], [23411], [55515], [5290], [7490], [27086], [4851], [80381], [1394], [5054], [406991], [355], [1816], [2247], [6696], [836], [5925], [6469], [142], [5979], [1786], [857], [3481], [196], [4282], [650], [5595], [7166], [2260], [3953], [7058], [56729], [5020], [4852], [2263], [5241], [8600], [551], [860], [4854], [1788], [6616], [356], [3358], [5308], [23405], [2539], [4915], [283120], [7018], [2690], [4306], [5080], [6597], [406906], [4684], [7046], [50616], [2166], [2624], [8651], [4804], [2516], [7054], [7078], [8323], [4914], [2740], [4853], [1269], [4487], [1734], [1392], [1012], [2693], [5742], [3060], [8792], [6863], [3939], [4916], [4925], [554], [11197], [657], [6755], [6091], [2296], [9241], [887], [412], [3440], [4880], [6658], [2692], [1583], [6424], [7252], [6750], [4922], [4882], [4543], [3756], [1733], [2922], [429], [407017], [5141], [3730], [3061], [6389], [23765], [64377], [6916], [8086], [6660], [1393], [1968], [23126], [7008], [55131], [8484], [23247]]
Dyspituitarism:[[]]
Disorder of pituitary gland unspecified:[[7157], [7422], [7421], [836], [596], [1385], [2332], [4487]]
Disorder of pituitary gland:[[7157], [7422], [3586], [7421], [596], [1385], [2332], [80381], [6657], [836], [1588], [2688], [5449], [650], [2624], [116], [4487], [1392], [657], [5626], [9241], [3061], [6658], [64377], [8086], [23126], [7008], [55515]]
Hypophyseal Disorders:[[]]
Pituitary Disorders:[[9049]]
Pituitary Gland Diseases:[[]]
Pituitary Diseases:[[3479], [551], [1394], [1392], [2692]]
Pituitary Disease:[[2778], [551], [1394], [1392]]
Pituitary Disorder:[[]]
Hypophyseal Disorder:[[]]
