Sclerosing hemangiocytoma of lung:[[3576], [8626], [3082], [7305], [3119], [1080], [673], [3123], [7157], [7124], [7422], [3569], [348], [7040], [10018], [207], [1636], [4318], [10413], [1499], [7099], [1029], [9076], [3458], [2475], [3479], [29126], [3106], [4193], [3717], [4313], [1493], [54209], [7080], [2247], [367], [3383], [3606], [2100], [5133], [857], [3565], [4582], [5979], [5428], [1234], [4312], [6925], [4314], [929], [406947], [7098], [7076], [9971], [114548], [2152], [6352], [64127], [3558], [6280], [3371], [3559], [8091], [3240], [3107], [653509], [2521], [1048], [796], [4221], [4297], [51473], [943], [4485], [2736], [6439], [3592], [940], [112744], [5168], [4585], [2130], [407007], [2717], [7849], [3918], [29851], [7225], [406995], [9476], [2524], [8771], [7846], [5293], [5657], [3811], [5244], [7030], [51371], [6286], [5966], [8639], [858], [64170], [151306], [81704], [10312], [1186], [55315], [6344], [1237], [84870], [90993], [56975], [442911], [64764], [79639]]
Plasma cell granuloma of lung:[[]]
Pulmonary Plasma Cell Granuloma:[[]]
Histiocytoma of lung:[[1385], [9258], [238], [4843], [4288], [3105], [7430], [5580], [8091], [947], [5579], [1839], [4171], [2130], [7486], [290], [1674], [466], [2069], [685]]
Plasma Cell Granuloma of Lung:[[]]
Lymphocytic pseudotumour of lung:[[3576], [7015], [8626], [3082], [10018], [10630], [4311], [355], [81037], [3662], [578], [596], [4609], [841], [356], [59], [673], [966], [7157], [2064], [6886], [7422], [6504], [7124], [4068], [10301], [5290], [3569], [5925], [6774], [51744], [4790], [4318], [4524], [4851], [7040], [7852], [3431], [3586], [962], [3119], [472], [11200], [5243], [207], [23405], [29126], [7099], [627], [3394], [8847], [3091], [5743], [3458], [2099], [4193], [3553], [5594], [1029], [7421], [3717], [5728], [4988], [2944], [8832], [6387], [406947], [3135], [4063], [5133], [3146], [3605], [595], [2475], [51176], [220107], [10206], [1493], [2247], [2952], [4313], [1026], [406991], [7097], [5970], [960], [11262], [3688], [6347], [4780], [5595], [2950], [5444], [1030], [4233], [332], [4170], [7515], [2100], [3162], [2146], [50943], [79621], [3606], [4292], [2932], [3480], [920], [54106], [959], [142], [1027], [4734], [4023], [857], [83852], [581], [3565], [407040], [55213], [6850], [6667], [9429], [5879], [3958], [3123], [27178], [8743], [3791], [54790], [4843], [1234], [285], [817], [4282], [7450], [3725], [958], [929], [2321], [6772], [3105], [3309], [3320], [406938], [4288], [3627], [2034], [27185], [6790], [1869], [2309], [5265], [10], [598], [4089], [57213], [100507436], [2735], [682], [7161], [4087], [58], [4297], [7298], [7474], [3315], [5366], [114548], [2261], [4277], [1545], [55294], [648], [2122], [7490], [6176], [7430], [6352], [6280], [1457], [6382], [22943], [9314], [1019], [5027], [5580], [1803], [3559], [56729], [701], [2833], [54658], [4615], [1789], [5591], [92140], [25913], [2778], [8600]]
Pulmonary Pseudotumor Inflammatory:[[3717], [1277], [6752]]
Sclerosing haemangiocytoma of lung:[[3576], [8626], [3082], [7305], [3119], [1080], [673], [3123], [7157], [7124], [7422], [3569], [348], [7040], [10018], [207], [1636], [4318], [10413], [1499], [7099], [1029], [9076], [3458], [2475], [3479], [29126], [3106], [4193], [3717], [4313], [1493], [54209], [7080], [2247], [367], [3383], [3606], [2100], [5133], [857], [3565], [4582], [5979], [5428], [1234], [4312], [6925], [4314], [929], [406947], [7098], [7076], [9971], [114548], [2152], [6352], [64127], [3558], [6280], [3371], [3559], [8091], [3240], [3107], [653509], [2521], [1048], [796], [4221], [4297], [51473], [943], [4485], [2736], [6439], [3592], [940], [112744], [5168], [4585], [2130], [407007], [2717], [7849], [3918], [29851], [7225], [406995], [9476], [2524], [8771], [7846], [5293], [5657], [3811], [5244], [7030], [51371], [6286], [5966], [8639], [858], [64170], [151306], [81704], [10312], [1186], [55315], [6344], [1237], [84870], [90993], [56975], [442911], [64764], [79639]]
Pulmonary Pseudotumors Inflammatory:[[238]]
Inflammatory Pseudotumor of Lung:[[]]
Inflammatory pseudotumour of lung:[[64127], [3576], [1956], [1432], [3082], [356], [3569], [56729], [6441], [8626], [7040], [378938], [7124], [9518], [6348], [3586], [6364], [6774], [149233], [3559], [4790], [10630], [2920], [1401], [4088], [6351], [3717], [100133941], [3845], [177], [6347], [6362], [3565], [10365], [5243], [2064], [3593], [4318], [7421], [3458], [5970], [5594], [1080], [1230], [3596], [3123], [23705], [3383], [3119], [7099], [4843], [2921], [10344], [5290], [7157], [246778], [3663], [6368], [1116], [7422], [3091], [3976], [51297], [673], [55937], [348], [6662], [3659], [199], [3117], [3553], [5743], [6772], [11315], [5925], [6469], [3558], [6363], [5468], [406991], [3146], [207], [841], [7128], [958], [1051], [9370], [2099], [8876], [5580], [120892], [675], [5054], [7097], [960], [3605], [4851], [3373], [50616], [3579], [8692], [114548], [2876], [9966], [627], [652], [3606], [6868], [3952], [55054], [4524], [7852], [27178], [5728], [1499], [6817], [5071], [5334], [4780], [5328], [6359], [5156], [6280], [240], [1277], [2475], [3371], [6387], [5734], [3479], [29126], [27159], [2944], [3162], [2919], [50943], [406938], [4313], [6279], [6696], [4846], [54106], [3122], [3107], [729230], [6352], [2214], [351], [1437], [1636], [4609], [3627], [8771], [8651], [5879], [7098], [5595], [1326], [23411], [4153], [2147], [4282], [2950], [2908], [3106], [7474], [5444], [1234], [3552], [3554], [2146], [26191], [335], [7132], [3620], [3135], [4092], [51738], [6622], [2932], [1029], [6376], [929], [2212], [6356], [4879], [4277], [9173], [3557], [5196], [4035], [1906], [3572], [999], [7057], [3958], [4210], [1789], [2247], [2952]]
Lymphocytic pseudotumor of lung:[[3717]]
Inflammatory pseudotumor of lung:[[]]
Pulmonary plasma cell granuloma:[[]]
