Plasmacytoma:[[5820], [207], [5067], [596], [595], [6387], [10413], [3572], [5079], [406962], [5452], [5450], [5996]]
Plasmocytoma:[[7422]]
Plasmacytomas:[[1917]]
Solitary plasmacytoma NOS:[[]]
Solitary plasmacytoma:[[207], [596], [595]]
Plasmacytoma - disorder:[[207], [596], [6387]]
Plasmacytoma NOS:[[]]
Solitary plasmacytoma of bone:[[207], [596], [595]]
Plasmacytoma of bone:[[5820], [207], [596], [595], [6387], [10413], [3572], [5079], [5452], [5450], [5996]]
Plasma cell tumor:[[]]
Solitary myeloma:[[595], [7157], [7422], [207], [673], [2475], [29126], [1499], [3845], [596], [7015], [6469], [5743], [2099], [7099], [6696], [2146], [3815], [4582], [4313], [4851], [999], [960], [5925], [7291], [947], [11186], [285], [216], [94025], [4267], [192343]]
Tumor Plasma Cell:[[7157], [1029], [3576], [8600], [10673], [7161], [682], [8741], [1630], [94025], [3815], [1030], [5167], [23495], [367], [3586], [3569], [1956], [6774], [2261], [7422], [7040], [4790], [3845], [7852], [673], [5970], [5243], [4609], [595], [5743], [960], [3383], [51237], [54106], [4233], [406991], [4851], [6696], [3558], [6714], [3956], [2247], [4170], [2308], [6401], [1786], [7187], [598], [7494], [4893], [860], [7052], [4684], [2034], [9314], [6382], [3570], [59067], [604], [639], [4615], [182], [27086], [407019], [1612], [406996], [952], [3572], [5079], [406940], [7514], [3002], [54583], [407012], [4345], [975], [928], [4791], [931], [3662], [608], [10197], [2623], [7913], [4772], [6693], [112399], [2213], [7332], [5971], [930], [5244], [921], [1452], [1009], [1031], [6425], [4094], [6844], [8773], [407013], [9935], [60468], [973], [3384], [7873], [4063], [22894], [55635], [9452], [54855], [192343]]
Plasmocytomas:[[]]
Tumors Plasma Cell:[[4609], [7157], [3586], [3569], [1956], [7422], [7040], [7873], [6774], [3845], [7852], [673], [5243], [367], [4790], [595], [1029], [5743], [3815], [4233], [3576], [406991], [960], [4851], [5970], [6696], [6714], [3383], [2261], [2247], [2308], [682], [7161], [1786], [54106], [4893], [4684], [2034], [4170], [3956], [3558], [8600], [9314], [94025], [7494], [598], [6382], [1030], [182], [59067], [7052], [860], [4615], [3570], [6401], [604], [1612], [5079], [7514], [952], [3002], [639], [406940], [3572], [3662], [27086], [928], [4791], [406996], [4772], [4345], [54583], [7187], [7913], [1630], [5971], [112399], [407019], [1452], [921], [1009], [4094], [6693], [1031], [6425], [22918], [608], [168620], [192343]]
Plasma cell tumour:[[7157], [3586], [3569], [1956], [7422], [7040], [6774], [3845], [7852], [673], [4609], [367], [595], [1029], [5743], [3576], [3815], [4790], [406991], [960], [4233], [5243], [4851], [6696], [3558], [682], [5970], [6714], [3383], [2261], [7161], [3956], [2247], [8600], [2308], [4170], [2034], [7494], [1786], [10673], [9314], [860], [3570], [6382], [7052], [639], [94025], [604], [406996], [3002], [1612], [4791], [3662], [27086], [928], [54583], [406940], [23495], [407019], [1630], [112399], [407012], [6693], [608], [407013], [55635], [168620], [54855], [192343]]
