Pneumonias Pneumococcal:[[796]]
Pneumonia due to Streptococcus unspecified:[[7040], [7124], [5329]]
Streptococcal pneumonia:[[4318], [3553], [3458], [3576], [3606], [4313], [355], [5329], [820], [942], [6590]]
Pneumococcal pneumonia [Streptococcus pneumoniae pneumonia]:[[5743], [114548], [796], [7035], [27178], [6404], [5696], [3001], [26253]]
Pneumonia caused by Streptococcus:[[7124], [7040], [3569], [4318], [3553], [3605], [1401], [3146], [3576], [1080], [4313], [7097], [3383], [796], [4312], [133], [1471], [718], [5329], [820], [1116], [9021], [10673], [50616], [1991], [3684], [55894]]
Streptococcus pneumonia:[[7124], [3569], [7040], [1401], [4318], [3605], [3146], [3553], [3576], [1080], [7097], [3383], [796], [4313], [4312], [718], [5329], [820], [1116], [1471], [133], [10673], [1673], [54210], [9021], [50616], [1991], [3684], [55894], [839]]
Pneumonia Pneumococcal:[[3569], [3586], [1401], [4153], [4318], [3605], [7099], [3146], [5743], [3458], [3576], [7097], [5054], [796], [3557], [4282], [114548], [54106], [6280], [718], [2212], [959], [4615], [3684], [7035], [6404], [27178], [3654], [2220], [10747], [5724], [5696], [3858], [3001], [26253]]
Pneumococcal pneumonia:[[5743], [114548], [796], [7035], [27178], [6404], [5696], [3001], [26253]]
Pneumonia due to Streptococcus pneumoniae:[[1401], [4318], [3605], [1080], [3576], [796], [3383], [1116], [718], [54210], [50616], [1991], [1673], [839]]
Pneumonia due to Streptococcus:[[7124], [3569], [7040], [1401], [4318], [3605], [3146], [3553], [3576], [1080], [7097], [3383], [796], [4313], [4312], [718], [5329], [820], [1116], [1471], [133], [10673], [1673], [54210], [9021], [50616], [1991], [3684], [55894], [839]]
