PKHD1:[[5314], [4790], [5290], [93035], [5310], [6928], [9971], [4864], [23327], [8647], [57154], [64750], [10213], [6181], [55366], [5571], [819], [63891], [23300], [64771], [54602], [93166]]
POLYCYSTIC KIDNEY DISEASE AUTOSOMAL RECESSIVE:[[5310], [5314], [8100], [93035], [6777], [8074], [7157], [846], [4312], [7040], [7422], [1636], [7124], [2475], [4846], [207], [183], [1906], [551], [2066], [5972], [10456], [10457], [2671], [8535], [199221], [57728], [284086], [282809], [23300]]
Polycystic Kidney and Hepatic Disease 1:[[5314], [7040], [93035], [1956], [3479], [2475], [1636], [846], [7422], [207], [10413], [1906], [4312], [3717], [183], [7157], [3725], [2353], [6667], [185], [6714], [4846], [7124], [10457], [6928], [7249], [2735], [27122], [2671], [197], [406969], [6777], [4854], [3579], [4609], [6776], [2932], [1490], [4853], [8074], [3934], [5972], [10631], [2744], [8714], [406967], [284086]]
Autosomal recessive polycystic kidney disease:[[207], [2475], [5310], [5314], [23300], [57728], [93035], [199221]]
IPKD - Infantile polycystic kidney disease:[[8132], [7422], [7124], [4854], [2475], [207], [5314], [3479], [183], [2744], [7249], [5972], [2671]]
Polycystic kidney infantile type:[[7422], [3479], [5314], [2475], [7124], [4854], [183], [207], [7249], [4853], [2744], [5972], [2671]]
POLYCYSTIC KIDNEY DISEASE 4 WITH OR WITHOUT HEPATIC DISEASE:[[5314], [3990], [6927], [1493], [348], [3717], [6774], [5311], [3586], [7422], [3172], [540], [5071], [80339], [5310], [3569], [1029], [335], [6347], [6387], [338], [19], [3949], [7124], [255738], [7040], [4023], [3119], [1071], [6928], [1401], [345], [4088], [356], [1191], [79660], [1956], [3077], [116519], [4018], [3570], [3593], [1636], [7157], [864], [4846], [1234], [6597], [2244], [10577], [64241], [2066], [246778], [2308], [3659], [207], [10413], [59341], [9370], [3383], [51129], [4790], [6775], [55600], [2646], [337], [4524], [6272], [29881], [3075], [93035], [2099], [2671], [3953], [4318], [1235], [217], [9388], [4312], [341], [2328], [3170], [8878], [2475], [3559], [6583], [5328], [5243], [1230], [7421], [3479], [51726], [5594], [3630], [1373], [51085], [7128], [6403], [64240], [3146], [3458], [7015], [3162], [2266], [10221], [2876], [4851], [189], [384], [197], [2326], [64170], [9516], [4485], [552], [2153], [6934], [5970], [4609], [6817], [54658], [8535], [432], [6777], [6776], [3135], [79068], [948], [4843], [3565], [9429], [114548], [433], [3557], [1645], [2157], [6667], [1543], [1499], [56623], [7099], [3043], [26291], [8842], [2932], [6720], [4982], [2033], [3091], [6095], [353512], [5468], [3579], [9415], [3553], [183], [3576], [1490], [8100], [3039], [2335], [10], [50616], [718], [1471], [4353], [3481], [4602], [11093], [283120], [2155], [3952], [2353], [3596], [1906], [220296], [2645], [2056], [5580], [6582], [3725], [5743], [4684], [3988], [27329], [9793], [4856], [6696], [55576], [185], [5728], [79932], [1959], [5566], [406991], [2064], [60489], [4313], [3845], [6581]]
Polycystic Kidney Disease Infantile Type 1:[[3479], [2475], [7422], [183], [207], [7249], [4854], [5314], [7124], [5972], [2744], [2671]]
Polycystic kidney disease infantile type:[[7422], [3479], [2475], [7124], [4854], [183], [207], [7249], [5314], [2744], [5972], [2671]]
Polycystic Kidney Disease Autosomal Recessive:[[5310], [5314], [8100], [93035], [6777], [8074], [7157], [846], [4312], [7040], [7422], [1636], [7124], [2475], [4846], [207], [183], [1906], [551], [2066], [5972], [10456], [10457], [2671], [8535], [199221], [57728], [284086], [282809], [23300]]
PKD3 FORMERLY:[[]]
Polycystic kidney autosomal recessive:[[5314], [5310], [8100], [93035], [6777], [8074], [7157], [846], [4312], [1636], [7040], [7422], [7124], [2475], [4846], [207], [183], [1906], [551], [2066], [5972], [10456], [10457], [2671], [8535], [199221], [57728], [284086], [282809], [23300]]
Autosomal recessive infantile polycystic kidney disease:[[5314], [7422], [7124], [2475], [207], [183], [5972], [2671]]
POLYCYSTIC KIDNEY DISEASE 4 WITH OR WITHOUT POLYCYSTIC LIVER DISEASE:[[5310], [5314], [5311], [51726], [80339], [2066], [7124], [59341], [7422], [7040], [7157], [3479], [1636], [8535], [3569], [207], [9370], [56623], [2475], [4524], [353512], [5468], [8100], [1956], [3952], [23193], [2064], [4041], [1401], [348], [79932], [4846], [5589], [183], [3106], [7421], [4609], [3717], [185], [3586], [3934], [3553], [342372], [197], [5054], [114780], [5444], [8074], [2638], [51738], [3077], [3725], [56729], [79068], [2932], [1909], [5950], [4803], [6934], [1906], [6667], [10413], [4312], [5728], [4318], [6774], [3123], [1080], [6714], [10135], [168507], [1490], [3630], [10631], [2944], [11231], [6928], [10891], [3606], [3667], [846], [4879], [29126], [2952], [406991], [3383], [6696], [6462], [9365], [3605], [1026], [4313], [177], [920], [4854], [3953], [338], [1543], [3146], [6347], [3119], [406938], [10343], [7097], [3557], [2147], [3552], [57728], [6776], [3480], [6777], [7249], [26291], [3481], [6720], [5133], [406947], [6648], [1803], [57817], [1910], [8600], [79053], [2321], [7076], [3486], [7412], [1585], [252995], [3240], [8660], [9856], [2309], [3579], [1869], [2167], [948], [4750], [3627], [1116], [551], [718], [5329], [2353], [5806], [5972], [9518], [3315], [10457], [1386], [6548], [8862], [5295], [23405], [3484], [3290], [2688], [7133], [283120], [4345], [7351], [5919], [4739], [51094], [10062], [2678], [5732], [407007], [145264], [353511], [339039], [5176], [27122], [9332], [6376], [407018], [358], [348156], [283955], [9368], [407021], [10537], [2192], [407008], [4015], [5590], [208], [554], [55908], [10456], [10468], [2744], [6490], [79602], [4925], [3156], [11082], [10645], [406934], [4214]]
Infantile polycystic kidney disease:[[8132], [7422], [7124], [4854], [2475], [207], [5314], [3479], [183], [2744], [7249], [5972], [2671]]
Polycystic Kidney Disease Infantile Type I:[[7422], [3479], [2475], [7124], [4854], [183], [207], [7249], [5314], [2744], [5972], [2671]]
POLYCYSTIC KIDNEY AND HEPATIC DISEASE 1:[[5314], [7040], [93035], [1956], [3479], [2475], [1636], [846], [7422], [207], [10413], [1906], [4312], [3717], [183], [7157], [3725], [2353], [6667], [185], [6714], [4846], [7124], [10457], [6928], [7249], [2735], [27122], [2671], [197], [406969], [6777], [4854], [3579], [4609], [6776], [2932], [1490], [4853], [8074], [3934], [5972], [10631], [2744], [8714], [406967], [284086]]
ARPKD - Autosomal recessive polycystic kidney disease:[[5314], [5310], [199221]]
Polycystic Kidney Autosomal Recessive:[[5314], [5310], [8100], [93035], [6777], [8074], [7157], [846], [4312], [1636], [7040], [7422], [7124], [2475], [4846], [207], [183], [1906], [551], [2066], [5972], [10456], [10457], [2671], [8535], [199221], [57728], [284086], [282809], [23300]]
ARPKD:[[5314], [595], [5925], [5027], [5310], [6928], [199221]]
PKD4:[[5311], [5314]]
POLYCYSTIC KIDNEY DISEASE INFANTILE TYPE I:[[7422], [3479], [2475], [7124], [4854], [183], [207], [7249], [5314], [2744], [5972], [2671]]
Polycystic Kidney and Hepatic Disease 1 (Autosomal Recessive):[[5314], [93035], [7040], [846], [2475], [4312], [1636], [7422], [1906], [207], [7157], [183], [6777], [7124], [4846], [10457], [8074], [2671], [5972], [284086]]
