Horton's Disease:[[]]
Forestier-Certonciny syndrome:[[]]
CRANIAL ARTERITIS:[[]]
GIANT CELL ARTERITIS:[[3569], [7124], [7099], [7422], [3586], [3123], [4318], [3091], [4846], [3458], [3605], [1234], [4313], [3383], [2100], [3606], [3565], [3690], [1906], [4843], [2247], [4282], [26191], [4204], [54106], [3558], [4314], [3559], [5806], [3596], [3593], [958], [10673], [7189], [7128], [6401], [59067], [3329], [3592], [149233], [22914], [51561], [100133941], [3663], [6775], [1910], [727], [9235], [3654], [1909], [1445], [3459], [1235], [6374], [7185], [22861], [10666], [640], [3595], [3820], [55024], [11026]]
Horton Giant Cell Arteritis:[[]]
Polymyalgia Rheumatica:[[7124], [3569], [3586], [3123], [7099], [4846], [3458], [3383], [54106], [4314], [3596], [5806], [22914], [4599], [3820]]
Rheumatism Peri Extra Articular:[[]]
Senile arthritis:[[7157], [1401], [348], [841], [2099], [2944], [2952], [7515], [23411], [5054], [6647], [4968], [6288], [650], [1268], [1269], [2], [7498], [26353]]
Syndrome Forestier-Certonciny:[[]]
Giant Cell Arteritides:[[]]
Giant Cell Arteritis:[[3569], [7124], [7099], [7422], [3586], [3123], [4318], [3091], [4846], [3458], [3605], [1234], [4313], [3383], [2100], [3606], [3565], [3690], [1906], [4843], [2247], [4282], [26191], [4204], [54106], [3558], [4314], [3559], [5806], [3596], [3593], [958], [10673], [7189], [7128], [6401], [59067], [3329], [3592], [149233], [22914], [51561], [100133941], [3663], [6775], [1910], [727], [9235], [3654], [1909], [1445], [3459], [1235], [6374], [7185], [22861], [10666], [640], [3595], [3820], [55024], [11026]]
Horton Disease:[[]]
Horton's disease:[[]]
PMR - Polymyalgia rheumatica:[[]]
Horton's Giant Cell Arteritis:[[]]
Giant cell arteritis:[[3569], [7124], [7099], [7422], [3586], [3123], [4318], [3091], [4846], [3458], [3605], [1234], [4313], [3383], [2100], [3606], [3565], [3690], [1906], [4843], [2247], [4282], [26191], [4204], [54106], [3558], [4314], [3559], [5806], [3596], [3593], [958], [10673], [7189], [7128], [6401], [59067], [3329], [3592], [149233], [22914], [51561], [100133941], [3663], [6775], [1910], [727], [9235], [3654], [1909], [1445], [3459], [1235], [6374], [7185], [22861], [10666], [640], [3595], [3820], [55024], [11026]]
Hortons Disease:[[]]
Forestier Certonciny Syndrome:[[]]
Polymyalgia rheumatica:[[7124], [3569], [3586], [3123], [7099], [4846], [3458], [3383], [54106], [4314], [3596], [5806], [22914], [4599], [3820]]
GCA:[[25801], [7157], [7040], [1401], [7515], [3605], [1026], [3105], [857], [2100], [1906], [142], [5621], [3557], [4282], [4353], [54106], [2067], [7161], [26191], [107985761], [100189414], [100189197], [100189105], [100189052], [90865], [3593], [100189447], [100189435], [100189413], [100189379], [100189376], [100189375], [100189359], [100189357], [100189355], [100189305], [100189289], [100189267], [100189250], [100189194], [100189179], [100189177], [100189155], [100189146], [100189144], [100189097], [100189090], [100189075], [100189049], [100189029], [100189008], [7057], [1994], [7183], [2244], [4627], [50616], [7520], [64135], [3592], [406986], [4322], [51561], [7186], [2073], [7158], [5037], [8792], [1672], [4734], [27178], [9235], [7518], [2191], [51196], [7185], [6310], [7516], [8106], [2744], [51297], [6717], [54715], [3936], [310], [119391], [5692], [113278], [10241], [55742], [5878], [23463], [26234], [129807], [90134], [83719], [9541], [83451], [100616173], [79611], [4553], [79096], [4107], [284612], [100130476], [81551], [414236], [11062], [284369], [55026], [8923217], [8923200]]
POLYMYALGIA RHEUMATICA:[[7124], [3569], [3586], [3123], [7099], [4846], [3458], [3383], [54106], [4314], [3596], [5806], [22914], [4599], [3820]]
Rheumatism Peri-Extra-Articular:[[]]
