Vera Polycythemia Rubra:[[57126], [3717], [2993]]
Erythremias:[[]]
POLYCYTHEMIA RUBRA VERA:[[57126], [3717], [2993]]
Osler Vaquez Disease:[[]]
POLYCYTHEMIA VERA:[[3717], [1956], [7124], [4524], [4318], [1636], [6774], [1401], [1499], [2153], [2952], [2908], [2146], [2147], [4233], [3815], [3480], [3934], [3417], [4982], [3082], [2068], [25], [598], [811], [57817], [4210], [5806], [9518], [1788], [5156], [4352], [9021], [8091], [54790], [3418], [613], [6776], [3439], [4804], [240], [51561], [1437], [2120], [23451], [171023], [1843], [1965], [3589], [27122], [1118], [10253], [57126], [9734], [8835], [10019], [4059], [4778], [81848], [4784], [5620], [10252], [81608], [79885], [79682], [26013], [83483], [23305], [51312]]
Veras Polycythemia Rubra:[[]]
Primary proliferative polycythemia:[[3717], [6774], [8091], [1956], [7124], [7422], [4318], [4524], [1499], [2146], [1636], [3815], [4233], [2908], [1906], [3082], [3934], [811], [59272], [5295], [9518], [5156], [9021], [54790], [6776], [1437], [1843], [27122], [171023], [3589], [337], [10253]]
Polycythemia Vera:[[3717], [1956], [7124], [4524], [4318], [1636], [6774], [1401], [1499], [2153], [2952], [2908], [2146], [2147], [4233], [3815], [3480], [3934], [3417], [4982], [3082], [2068], [25], [598], [811], [57817], [4210], [5806], [9518], [1788], [5156], [4352], [9021], [8091], [54790], [3418], [613], [6776], [3439], [4804], [240], [51561], [1437], [2120], [23451], [171023], [1843], [1965], [3589], [27122], [1118], [10253], [57126], [9734], [8835], [10019], [4059], [4778], [81848], [4784], [5620], [10252], [81608], [79885], [79682], [26013], [83483], [23305], [51312]]
Primary polycythaemia:[[3717], [2057], [861], [11200], [6403], [171023], [57126], [4059]]
Osler-Vaquez Disease:[[]]
Polycythaemia vera:[[3717], [57126], [861], [11200], [6403], [171023], [4059]]
Vera Polycythemia Ruba:[[]]
Primary Polycythemias:[[7428]]
PRV - Polycythaemia rubra vera:[[57126]]
PV:[[83483], [3717], [7124], [7422], [672], [4318], [6774], [1636], [1401], [627], [3123], [3576], [675], [7852], [2944], [3458], [6347], [332], [4851], [6387], [3146], [3383], [1432], [3565], [183], [1543], [3725], [282617], [387], [26191], [3107], [7098], [25], [3265], [2152], [811], [3308], [4352], [3084], [5806], [7412], [5156], [3689], [3115], [5624], [1437], [6598], [1830], [8829], [613], [947], [5788], [2353], [6776], [5294], [5155], [7068], [3684], [406910], [5627], [7054], [1965], [3589], [1843], [728], [6891], [2903], [2532], [27122], [171023], [7067], [5817], [5816], [2571], [26047], [9734], [57126], [794], [5015], [56244], [3736], [3806], [79092], [57697], [27183], [406924], [793], [5620], [4778], [8973], [1142], [2906], [51552], [27036], [55742], [79885], [11083], [9705], [9645], [339122], [58478], [170680], [27314]]
Vaquez's disease:[[1493], [5979], [64127], [11315], [351], [8792], [348], [5071], [1910], [3064], [3586], [6774], [3123], [1029], [6622], [4137], [540], [5310], [3717], [6347], [24], [1201], [6387], [3119], [120892], [335], [7450], [5621], [7422], [3569], [338], [5311], [3949], [3107], [4287], [19], [4023], [5664], [57623], [1071], [3558], [4314], [255738], [4088], [356], [3117], [26191], [1191], [653361], [1586], [958], [26503], [1401], [2629], [4018], [3593], [116519], [6927], [4688], [729230], [3106], [864], [3570], [80339], [7415], [6597], [2244], [59067], [345], [8651], [3115], [10577], [149233], [5314], [6261], [3592], [7957], [1030], [28], [10320], [1234], [3659], [246778], [3990], [4041], [1378], [100048912], [3077], [3383], [6775], [5376], [9173], [2161], [55600], [26058], [7439], [1138], [4361], [4582], [7369], [1956], [1282], [3122], [6653], [4747], [51752], [7124], [4359], [538], [55054], [1136], [6311], [5663], [3931], [3992], [2646], [6584], [337], [9966], [4321], [56606], [217], [1235], [274], [5734], [2524], [7040], [341], [7292], [3953], [4524], [1232], [6272], [5966], [5771], [2308], [54901], [4068], [7332], [8878], [3562], [100507436], [9388], [3084], [2099], [10452], [3559], [6583], [5328], [8301], [1636], [3635], [4693], [1230], [2212], [945], [4318], [29881], [9370], [5243], [367], [4790], [7128], [7421], [64241], [54332], [6403], [1373], [7077], [4846], [94103], [51085], [2243], [10019], [345611], [7015], [4311], [2581], [10221], [56731], [7840], [2876], [940], [6606], [60468], [3595], [2266], [50941], [100359403], [3458], [221692], [10347], [3658], [3133], [2904], [64478], [1394], [64170], [64399], [5594]]
Polycythaemia vera (clinical):[[3717], [861], [11200], [171023], [6403], [4059]]
Erythremia:[[4758], [6480]]
Veras Polycythemia Ruba:[[]]
Polycythemia rubra vera:[[57126], [3717], [2993]]
PRV:[[57126], [572], [4352], [5818], [6346]]
PRV - Polycythemia rubra vera:[[57126]]
Polycythaemia rubra vera:[[57126], [3717]]
Primary proliferative polycythaemia:[[3717], [861], [6403], [171023]]
Polycythemia vera:[[3717], [1956], [7124], [4524], [4318], [1636], [6774], [1401], [1499], [2153], [2952], [2908], [2146], [2147], [4233], [3815], [3480], [3934], [3417], [4982], [3082], [2068], [25], [598], [811], [57817], [4210], [5806], [9518], [1788], [5156], [4352], [9021], [8091], [54790], [3418], [613], [6776], [3439], [4804], [240], [51561], [1437], [2120], [23451], [171023], [1843], [1965], [3589], [27122], [1118], [10253], [57126], [9734], [8835], [10019], [4059], [4778], [81848], [4784], [5620], [10252], [81608], [79885], [79682], [26013], [83483], [23305], [51312]]
Polycythemia vera (clinical):[[3717], [2147], [4233], [1956], [7124], [4524], [4318], [1636], [6774], [1401], [1499], [2153], [2952], [2146], [3815], [2908], [3480], [3934], [3417], [27122], [4982], [3082], [2068], [25], [811], [4210], [9518], [1788], [5156], [3418], [613], [5806], [8091], [9734], [4352], [10019], [598], [57817], [9021], [171023], [23451], [6776], [3439], [51561], [2120], [54790], [1437], [4804], [240], [1843], [10253], [1965], [3589], [1118], [4059], [81608], [23305]]
Primary Polycythemia:[[3717], [6774], [57126], [2057], [8091], [1956], [7422], [7124], [4524], [10019], [4318], [1636], [1401], [1499], [2146], [7428], [2153], [2908], [2952], [2147], [4233], [3815], [3480], [3934], [1906], [3417], [4982], [3082], [2034], [2068], [811], [25], [59272], [598], [57817], [4210], [5295], [5806], [9518], [1788], [5156], [9021], [4352], [54790], [345], [3418], [613], [6776], [3439], [4804], [240], [51561], [1437], [55532], [2120], [23451], [1843], [171023], [1965], [3589], [27122], [54583], [1118], [337], [10253], [9734], [2993], [5296], [29843], [8835], [112399], [112398], [4059], [79092], [81848], [4778], [4784], [5620], [10252], [81608], [79885], [79682], [2694], [26013], [83483], [23305], [51312], [100507444]]
Proliferative polycythaemia:[[3717], [861], [6403], [171023]]
PPP - Primary proliferative polycythemia:[[7422], [1499]]
Osler-Vaquez syndrome:[[780903], [2022], [94]]
PPP - Primary proliferative polycythaemia:[[]]
Proliferative polycythemia:[[3717], [1956], [7422], [7124], [4318], [6774], [1499], [4524], [1636], [2146], [3815], [4233], [2908], [1906], [3082], [3934], [811], [59272], [5295], [9518], [5156], [9021], [8091], [54790], [6776], [1437], [27122], [171023], [1843], [3589], [337], [10253]]
