Haematoporphyria congenita:[[1736], [7015], [1280], [26277], [7012], [6329], [3872], [1861], [261], [55651], [1028], [100188785], [4780], [5426], [3853], [3868], [6331], [51750], [65057], [5073], [23345], [1756], [190], [1994], [1180], [55806], [2312], [55135], [7273], [2516], [3691], [6335], [7184], [2660], [3854], [55505], [3981], [51371], [112476], [55681], [9790], [57222], [79977], [4102], [7280], [51119], [4100], [4987], [23770], [163175], [4103], [139285], [112], [8323], [10054], [79650], [57211], [11141], [4110], [80169], [4604], [2710], [7140], [9427], [4101], [8506], [4105], [134218], [55906], [4108], [343637], [4109], [286887], [84340], [266740], [4107], [4104], [83902]]
Porphyria Erythropoietic Congenital:[[7390], [212], [2623], [7037]]
Congenital photosensitive porphyria:[[2944]]
Porphyrias Congenital Erythropoietic:[[7390], [212]]
Gunthers Disease:[[]]
Porphyrias Erythropoietic:[[2235], [212], [7390]]
GUNTHER DISEASE:[[]]
Hereditary erythropoietic porphyria:[[]]
CEP - Congenital erythropoietic porphyria:[[7390]]
PORPHYRIA CONGENITAL ERYTHROPOIETIC:[[7390], [212], [2623], [7037]]
CEP:[[55118], [2064], [6387], [3815], [1906], [5747], [238], [90865], [860], [6662], [4914], [1028], [2023], [3965], [406982], [64806], [56172], [10602], [7390], [55755], [7311], [11135], [23580], [10435], [148170]]
Porphyria erythropoietica:[[3145], [3077], [2944], [7389], [5498], [1544], [57817], [7390], [2638], [7037], [2623], [1356], [30061], [210], [2235], [148738], [212], [10058], [79901]]
Gunther's disease:[[7390]]
Erythropoietic porphyria:[[7390], [2623], [2235]]
Hematoporphyria congenita:[[1736], [7015], [1280], [26277], [7012], [6329], [3872], [1861], [261], [55651], [1028], [100188785], [4780], [5426], [3853], [3868], [6331], [51750], [65057], [5073], [23345], [1756], [190], [1994], [1180], [55806], [2312], [55135], [7273], [2516], [3691], [6335], [7184], [2660], [3854], [55505], [3981], [51371], [112476], [55681], [9790], [57222], [79977], [4102], [7280], [51119], [4100], [4987], [23770], [163175], [4103], [139285], [112], [8323], [10054], [79650], [57211], [11141], [4110], [80169], [4604], [2710], [7140], [9427], [4101], [8506], [4105], [134218], [55906], [4108], [343637], [4109], [286887], [84340], [266740], [4107], [4104], [83902]]
Gunther Disease:[[]]
Congenital erythropoietic porphyria:[[7390], [2623]]
Congenital porphyria:[[7390], [2944], [2623], [7037], [212]]
Gunther's Disease:[[7390]]
Porphyria Erythropoietic:[[7390], [2235], [57817], [212], [7037], [2623]]
