Porphyria Acute:[[3145], [3077], [2944], [57817], [5498], [1544], [2638], [2623], [7037], [1356], [30061], [210], [2235], [148738], [10058]]
Pyrroloporphyria:[[]]
Acute intermittent porphyria:[[3145], [2638]]
AIP:[[9049], [54998], [10550], [1956], [348], [23204], [2064], [351], [1080], [4318], [51329], [3123], [4313], [332], [5444], [5979], [1493], [1027], [196], [2932], [335], [4292], [407040], [6790], [3320], [5465], [3265], [1457], [255738], [406937], [4221], [302], [1544], [3456], [7415], [3145], [3312], [604], [3439], [5770], [8517], [7345], [23476], [1025], [4306], [2776], [9927], [10015], [43], [405], [7251], [5644], [3326], [3313], [3665], [3920], [5141], [967], [64581], [6789], [406901], [9401], [3916], [6997], [11140], [6497], [10963], [7525], [407043], [153090], [7957], [112399], [10728], [9444], [10672], [9101], [11059], [1822], [55662], [26523], [574455], [3362], [23239], [5550], [8481], [9223], [279], [5464], [9948], [9863], [80204], [10910], [9804], [8189], [2733], [1968], [261734], [5138], [1844], [51086], [1780], [1781], [2665], [10869], [10152], [80824], [574457], [27068], [54903], [284086], [54726], [51657], [129807], [26469], [57407], [55191], [9701], [25989], [130617], [64225], [54954], [90060], [55172], [151188], [57664], [343071], [391004]]
Porphyrias Acute Intermittent:[[3145]]
Acute porphyria:[[3145], [5498]]
Intermittent acute porphyria syndrome:[[]]
Porphyrias Acute:[[3145], [1565], [2235], [5498], [1371]]
Swedish porphyria:[[2944]]
AIP - Acute intermittent porphyria:[[3145]]
PORPHYRIA ACUTE INTERMITTENT:[[3145], [2944], [2638]]
Porphyria Acute Intermittent:[[3145], [2944], [2638]]
Intermittent acute porphyria:[[3145]]
