Porphyria cutanea tarda:[[3077], [2944], [7389], [1544], [57817], [7037], [1356], [30061], [148738], [79901]]
Porphyria hepatocutaneous type:[[3145], [3077], [148738], [57817], [2944], [30061], [5498], [2638], [7037], [1544], [7390], [2623], [1356], [10058], [210], [2235], [212]]
Urocoproporphyria:[[]]
PCT - Porphyria cutanea tarda:[[7389], [3077]]
PCT:[[796], [7389], [3569], [1401], [7422], [6774], [3586], [4790], [3576], [4879], [4313], [5054], [3077], [8743], [4282], [1277], [2067], [3627], [5329], [133], [4878], [551], [6288], [246778], [6606], [9332], [3371], [54210], [5649], [406911], [5967], [3945], [3776], [100313822]]
PORPHYRIA HEPATOCUTANEOUS TYPE:[[3145], [3077], [148738], [57817], [2944], [30061], [5498], [2638], [7037], [1544], [7390], [2623], [1356], [10058], [210], [2235], [212]]
Symptomatic porphyria:[[2944]]
Porphyria Cutanea Tarda:[[3077], [2944], [7389], [1544], [57817], [7037], [1356], [30061], [148738], [79901]]
CHP - Cutaneous hepatic porphyria:[[]]
Cutaneous hepatic porphyria:[[]]
PORPHYRIA CUTANEA TARDA:[[3077], [2944], [7389], [1544], [57817], [7037], [1356], [30061], [148738], [79901]]
Porphyria cutanea tarda symptomatica:[[3077], [2944], [7389], [1544], [57817], [7037], [1356], [30061], [148738], [79901]]
