Bedsore:[[]]
Ulcer Decubitus:[[7124], [7422], [7157], [3553], [3569], [4318], [1956], [2099], [3091], [7040], [3586], [5243], [3576], [2064], [5743], [7099], [4846], [4790], [7421], [28], [1401], [5468], [7097], [1557], [1080], [8000], [7015], [4609], [6556], [3605], [596], [3557], [4313], [6387], [6347], [3119], [4780], [23411], [2100], [3146], [3077], [355], [50943], [3606], [4282], [1906], [51738], [4153], [581], [5747], [3558], [4353], [4843], [2247], [406947], [54106], [2321], [3265], [7076], [4314], [5460], [356], [90865], [6469], [3308], [3593], [79001], [7048], [4049], [3303], [283120], [4316], [7046], [6401], [2162], [3066], [10599], [5742], [149233], [1045], [3579], [3592], [8829], [7078], [3002], [246778], [51561], [7042], [100], [943], [54210], [3939], [7100], [7043], [6402], [383], [406958], [7373], [4583], [406987], [51311], [3651], [7031], [7033], [3304], [6722], [2520], [5008], [6385], [56934], [27085], [6750], [574447], [54578], [3306], [8976], [28998], [5225], [406999], [1491], [29904], [3176], [2165], [10148], [643834], [4588], [493856], [65010], [495], [285780], [91966], [192343]]
pressure sore:[[]]
Ulcers Decubitus:[[4318], [7422], [7124], [348], [3576], [7040], [4524], [3553], [1401], [7421], [3952], [7097], [3458], [6347], [3605], [23411], [2147], [4233], [6387], [3077], [1432], [54106], [1906], [9429], [7076], [8743], [3791], [4282], [3082], [2247], [6934], [2321], [2697], [3953], [6352], [2263], [8842], [5111], [796], [2260], [1803], [90865], [958], [6280], [5806], [4316], [5156], [6279], [5159], [820], [7941], [2162], [4311], [1673], [406986], [4586], [51284], [1000], [7078], [64135], [5742], [3491], [943], [624], [2023], [4599], [5321], [2532], [6891], [1647], [2313], [5154], [6374], [1667], [5184], [7114], [623], [3305], [9547], [3306], [8751], [1240], [6578], [1668], [6372], [90070], [574444], [3438], [100126334], [100500809], [192343]]
Sores Bed:[[]]
Bedsores:[[]]
Ulcer Pressure:[[3077], [7124], [4846], [7422], [3569], [7157], [28], [5468], [4318], [7040], [3553], [1401], [5243], [1956], [3091], [3586], [5743], [1906], [3576], [2099], [7421], [7048], [7099], [4790], [7097], [4313], [4843], [51738], [6347], [596], [23411], [4780], [2100], [355], [5747], [3146], [3606], [6401], [54106], [4314], [581], [2321], [7076], [4353], [2247], [406947], [5742], [283120], [7046], [10599], [51561], [100], [7100], [6722], [6750], [1491], [192343]]
Pressure sore:[[]]
Pressure ulcer unspecified site:[[7422]]
decubitus ulcer:[[]]
Sore Pressure:[[3586], [3123], [3146]]
bed sore:[[]]
Pressure ulcer of unspecified site:[[7422]]
Contact ulcer:[[7124], [7157], [7422], [1956], [3553], [7040], [3569], [3586], [2099], [3091], [7099], [5243], [3576], [2064], [4846], [4790], [3605], [7097], [6387], [4609], [6347], [3557], [355], [4313], [23411], [50943], [3606], [3146], [4282], [3558], [4353], [581], [356], [4314], [54106], [7076], [90865], [3303], [1045], [3002], [383], [192343]]
Ulcers Pressure:[[4524], [3077], [7124], [348], [7422], [4318], [1401], [3952], [7040], [3576], [1906], [7421], [3553], [7097], [6347], [23411], [1432], [2147], [54106], [796], [7076], [3953], [9429], [3082], [3791], [2321], [2247], [6934], [5806], [624], [5742], [7941], [4586], [623], [6374], [7114], [6372], [574444], [100126334], [192343]]
Sore Bed:[[]]
Sores Pressure:[[]]
Pressure ulcer:[[7422], [4318], [2247]]
