Myeloid Metaplasias:[[]]
Myeloscleroses:[[]]
Myelofibrosis as a result of myeloproliferative disease:[[3717], [6774], [4352], [7422], [6387], [7124], [4524], [7157], [811], [3417], [2475], [3576], [2146], [54790], [7490], [861], [4869], [3418], [2623], [406938], [10135], [171023], [9241], [23451], [4067], [6427], [57126]]
Primary myelofibrosis:[[3717], [6774], [8091], [100048912], [7010], [811], [7157], [7040], [7124], [7422], [3559], [4352], [4524], [10019], [3576], [4318], [1401], [7852], [2146], [3553], [1499], [2475], [6714], [6387], [3605], [4780], [2908], [3815], [3417], [3934], [2068], [406938], [929], [4982], [7490], [4869], [861], [6790], [4353], [3315], [8842], [10135], [7076], [9518], [9021], [1116], [5371], [4323], [2022], [1788], [7057], [3600], [171023], [3689], [2623], [6786], [6403], [2289], [3418], [947], [5741], [54790], [6578], [50964], [6776], [84876], [4804], [3579], [5155], [655], [4322], [4015], [4067], [2120], [4317], [5915], [55384], [7173], [4162], [3939], [23451], [7471], [928], [677], [6427], [6863], [4016], [3577], [7220], [7307], [654], [4017], [4680], [9734], [80739], [3855], [9241], [57126], [574452], [3945], [4052], [649], [10006], [5553], [7223], [4778], [57620], [9439], [8996], [93129], [9306], [79885], [1088], [55363], [64145], [51230], [161882], [80228], [51352], [932], [10042], [196743]]
Agnogenic myeloid metaplasia:[[]]
Fibrosis Bone Marrow:[[7015], [7157], [7040], [1991], [6279], [7124], [7422], [3569], [7012], [5553], [10381], [4318], [4790], [3576], [3586], [3091], [5743], [7852], [1636], [1956], [7099], [207], [6387], [6774], [3458], [3553], [5728], [1499], [5468], [3106], [6696], [3605], [23411], [9370], [3717], [6347], [3479], [4313], [3082], [4524], [2212], [406991], [7421], [3123], [2064], [2247], [51750], [3162], [3952], [4851], [5243], [3146], [5073], [4780], [595], [29126], [1026], [5054], [3958], [7097], [2099], [183], [596], [1029], [2944], [3383], [177], [2475], [4312], [406947], [5594], [3934], [332], [1906], [355], [3688], [673], [4982], [4193], [7076], [4846], [1432], [114548], [4088], [960], [2146], [2263], [1234], [4282], [406938], [5265], [8600], [1394], [675], [3105], [2147], [8842], [1490], [2022], [186], [2335], [3627], [650], [2950], [9870], [7291], [3606], [472], [5806], [4233], [3596], [10461], [9518], [387], [90865], [6280], [1116], [407040], [5970], [3565], [4879], [3557], [4087], [5133], [8743], [1277], [3135], [6648], [54106], [5290], [283120], [3122], [5879], [2908], [1027], [5329], [860], [7431], [50943], [64127], [1565], [947], [9365], [3480], [5595], [5781], [929], [7515], [3107], [6714], [6647], [4353], [10413], [4843], [10631], [5747], [6615], [2932], [10673], [4288], [5741], [7412], [356], [2033], [2309], [7428], [7450], [56729], [3043], [6352], [3690], [8626], [5328], [3725], [4089], [5599], [8091], [3630], [8651], [6667], [7052], [2305], [7098], [2056], [335], [2321], [4000], [5156], [581], [2308], [1950], [4204], [8074], [7132], [217], [655], [3949], [682], [7048], [55596]]
Myelosclerosis:[[]]
Myelofibrosis:[[3717], [811], [7157], [7040], [7124], [4352], [7422], [4524], [6774], [3576], [7852], [4318], [1401], [3553], [1499], [2475], [2146], [6387], [3605], [4780], [2908], [3417], [3815], [3934], [6714], [2068], [406938], [929], [4982], [7490], [4869], [861], [6790], [4353], [3315], [10019], [8842], [10135], [7076], [3559], [9518], [9021], [5371], [1116], [4323], [171023], [1788], [2022], [7057], [3600], [3689], [2623], [8091], [6786], [6403], [2289], [3418], [947], [5741], [54790], [50964], [6776], [84876], [4804], [3579], [655], [5155], [4015], [4322], [2120], [4067], [7010], [100048912], [4317], [5915], [55384], [7173], [4162], [3939], [23451], [7471], [928], [6427], [6863], [4016], [3577], [7220], [7307], [654], [4017], [80739], [4680], [9734], [3855], [9241], [57126], [574452], [3945], [4052], [649], [10006], [5553], [4778], [7223], [6578], [57620], [9439], [8996], [677], [93129], [9306], [79885], [1088], [55363], [64145], [51230], [161882], [80228], [51352], [932], [10042], [196743]]
Chronic Idiopathic Myelofibrosis:[[7422], [3717], [7124], [7157], [7040], [4524], [5155], [6774], [4318], [1401], [3553], [3576], [1499], [7852], [4352], [3605], [2475], [4982], [3934], [2908], [2146], [929], [406938], [9021], [3559], [3815], [4353], [1116], [7490], [10135], [7076], [9518], [2068], [5741], [50964], [7057], [2022], [4317], [2289], [1788], [947], [10019], [4323], [655], [8091], [6403], [4322], [7173], [3939], [9734], [5553]]
Chronic idiopathic myelofibrosis:[[7422], [3717], [7124], [7157], [7040], [4524], [5155], [6774], [4318], [1401], [3553], [3576], [1499], [7852], [4352], [3605], [2475], [4982], [3934], [2908], [2146], [929], [406938], [9021], [3559], [3815], [4353], [1116], [7490], [10135], [7076], [9518], [2068], [5741], [50964], [7057], [2022], [4317], [2289], [1788], [947], [10019], [4323], [655], [8091], [6403], [4322], [7173], [3939], [9734], [5553]]
Myeloid Metaplasia Agnogenic:[[7422], [3717], [6774], [3576], [7852], [861], [8091], [3579], [5915], [3577], [3855]]
Myeloid Metaplasias Agnogenic:[[]]
Myelofibrosis with myeloid metaplasia:[[3717], [7422], [6774], [3576], [7852], [861], [8091], [3579], [5915], [3577], [3855]]
Nonleukemic Myelosis:[[]]
Idiopathic Myelofibrosis:[[3717], [7157], [7040], [7124], [5155], [7422], [4524], [6774], [4352], [4318], [1401], [3576], [3553], [7852], [1499], [3605], [2475], [2908], [2146], [4982], [3934], [3815], [7490], [929], [9021], [2068], [406938], [3559], [4353], [10019], [1116], [10135], [7076], [9518], [7057], [4323], [1788], [2022], [8091], [5741], [6403], [2289], [50964], [947], [655], [4015], [4322], [4317], [55384], [7173], [3939], [4016], [4017], [9734], [3945], [5553], [7223], [161882]]
Myelofibroses:[[]]
Primary Myelofibroses:[[1545], [4790], [857], [4615], [3592], [3575], [3119], [6775], [2324], [6774], [57082], [19], [7132], [284403], [3123], [7127], [8091], [94103], [4609], [22995], [3595], [3717], [23534], [5594], [100048912], [3663], [7010], [22806], [4616], [23645], [1629], [7157], [335], [1737], [941], [3759], [7414], [4000], [3569], [5663], [1956], [10642], [1896], [7412], [7124], [348], [4170], [7422], [3117], [958], [7040], [4524], [3559], [643], [3593], [7139], [6850], [5566], [7253], [7128], [2064], [10018], [2099], [3091], [652], [3586], [1636], [351], [672], [858], [1814], [88], [3115], [4053], [4318], [9370], [51300], [5243], [1401], [3845], [367], [673], [627], [207], [7273], [7421], [3553], [1029], [110806262], [1030], [5890], [5728], [5743], [1499], [7099], [6198], [4846], [1312], [1080], [4602], [3576], [6622], [5468], [6532], [3133], [7015], [659], [3574], [2491], [3106], [4137], [23274], [999], [59341], [2475], [1021], [3479], [4607], [29126], [596], [2057], [3952], [2146], [7852], [55876], [2944], [2624], [3458], [675], [6925], [4193], [4313], [1591], [80781], [6714], [5573], [920], [6335], [595], [9531], [5054], [1594], [5444], [10892], [1234], [6347], [1513], [3605], [4780], [1026], [332], [5290], [4879], [8557], [10133], [5820], [405], [406991], [6647], [7097], [942], [2950], [23411], [2952], [5664], [2147], [960], [7168], [4851], [1493], [4233], [472], [3105], [1813], [6387], [2153], [3146], [5071], [3077], [3683], [3815], [2908], [7515], [3162], [5970], [1565], [1557], [3383], [154], [6696], [5745], [1520], [355], [2100], [9966], [50943], [3606], [4990], [5925], [120892]]
Myeloid Metaplasia:[[7422], [3717], [6774], [3576], [7852], [861], [8091], [3579], [5915], [3577], [3855]]
Myelofibrosis With Myeloid Metaplasia:[[3717], [7422], [6774], [3576], [7852], [861], [8091], [3579], [5915], [3577], [3855]]
Myelosclerosis with myeloid metaplasia:[[7422], [3717], [6774], [3576], [7852], [861], [8091], [3579], [5915], [3577], [3855]]
Nonleukemic Myeloses:[[]]
Primary Myelofibrosis:[[3717], [6774], [8091], [100048912], [7010], [811], [7157], [7040], [7124], [7422], [3559], [4352], [4524], [10019], [3576], [4318], [1401], [7852], [2146], [3553], [1499], [2475], [6714], [6387], [3605], [4780], [2908], [3815], [3417], [3934], [2068], [406938], [929], [4982], [7490], [4869], [861], [6790], [4353], [3315], [8842], [10135], [7076], [9518], [9021], [1116], [5371], [4323], [2022], [1788], [7057], [3600], [171023], [3689], [2623], [6786], [6403], [2289], [3418], [947], [5741], [54790], [6578], [50964], [6776], [84876], [4804], [3579], [5155], [655], [4322], [4015], [4067], [2120], [4317], [5915], [55384], [7173], [4162], [3939], [23451], [7471], [928], [677], [6427], [6863], [4016], [3577], [7220], [7307], [654], [4017], [4680], [9734], [80739], [3855], [9241], [57126], [574452], [3945], [4052], [649], [10006], [5553], [7223], [4778], [57620], [9439], [8996], [93129], [9306], [79885], [1088], [55363], [64145], [51230], [161882], [80228], [51352], [932], [10042], [196743]]
Fibroses Bone Marrow:[[]]
