Unspecified pruritic disorder:[[]]
Pruritus unspecified:[[3558], [1268], [4803]]
Pruritis:[[7422]]
Itch:[[83737], [7157], [1956], [7040], [673], [3845], [207], [4609], [1499], [4193], [1080], [6622], [10413], [7161], [4851], [7852], [595], [3725], [154], [50943], [120892], [3934], [857], [1906], [8626], [8743], [5599], [3064], [841], [5460], [406937], [7316], [8074], [7442], [7132], [4088], [2629], [100874302], [11186], [1457], [5111], [867], [796], [2885], [8678], [106480737], [2735], [4893], [5894], [4087], [1994], [5566], [8837], [7189], [2065], [7128], [2534], [7046], [59341], [6606], [2149], [2150], [3551], [25937], [4092], [5727], [5430], [2066], [5604], [8795], [10013], [51284], [7345], [85480], [4734], [27185], [51741], [8737], [409], [2934], [2130], [8289], [7321], [6885], [5921], [3838], [26762], [7323], [1910], [1540], [406996], [57506], [5245], [80781], [1392], [51548], [10971], [10628], [6335], [7322], [100506658], [8648], [3837], [5168], [4287], [408], [2810], [8452], [637], [23327], [7332], [386653], [4040], [8650], [9113], [26986], [407004], [6337], [10015], [274], [6520], [406900], [407050], [406903], [6416], [4739], [11065], [8239], [6338], [3726], [868], [7159], [1889], [407043], [2771], [9146], [4986], [6510], [5094], [3191], [23135], [7317], [7050], [997], [8976], [1856], [1822], [11052], [7041], [9516], [1855], [406902], [8874], [154796], [5650], [5434], [51684], [5431], [11059], [6605], [10454], [4091], [162514], [6599], [7071], [2315], [9788], [6453], [4778], [11060], [54472], [6456], [83593], [7324], [5432], [1857], [7223], [9040], [8078], [406974], [7536], [11051], [6601], [51429], [369], [3093], [23678], [23163], [11100], [23111], [11218], [51100], [8027], [8887], [169792], [8844], [9402], [6455], [153562], [9048]]
Itch NOS:[[1956], [1499], [6622], [154], [857], [8743], [796]]
Itching:[[90865], [796], [4803], [2150], [7345], [59341], [8989], [79054], [10371], [1308], [667]]
Pruritus:[[1401], [1080], [3717], [3558], [4988], [1803], [90865], [796], [1268], [80339], [4803], [386653], [5168], [6863], [51284], [3002], [5443], [546], [10371], [1520], [6361], [2555], [1889], [6373], [2922], [162514], [10344], [6346], [6707], [84061], [133396], [259249]]
Pruritic dermatitis:[[3717], [7098], [386653], [7345], [5168], [162514]]
Pruritus of skin:[[1401], [3717], [90865], [1803], [5443], [386653], [4988], [796], [3558], [1268], [5168], [6863], [80339], [4803], [3002], [6361], [546], [10371], [162514], [1520], [1889], [10344], [6373], [6346], [6707], [84061]]
Itchy:[[83737], [7345], [5727], [1294], [386653], [9113], [406902], [192343]]
Pruritic disorder:[[3717], [7345], [386653]]
Pruritus - disorder:[[1401], [3717], [4803], [1080], [4988], [1268], [84061], [3558], [90865], [1803], [80339], [386653], [6863], [546], [10371], [2555], [6361], [2922]]
Itching of skin:[[90865], [2150], [796], [7345], [4803], [59341], [1308], [8989], [79054], [10371], [667]]
Itch of skin:[[83737], [1956], [7157], [7040], [673], [1499], [8626], [4851], [10413], [6622], [207], [595], [4609], [3845], [7161], [1910], [4193], [2629], [50943], [7852], [120892], [3725], [7442], [857], [3934], [1906], [5599], [154], [8743], [7132], [2150], [5460], [85480], [4087], [406937], [3064], [841], [25937], [2735], [5111], [4893], [4088], [7316], [4092], [7128], [796], [1457], [7046], [867], [7345], [59341], [11186], [8678], [2149], [2885], [1994], [386653], [2065], [5894], [5566], [7189], [8837], [5727], [2534], [8795], [5430], [6606], [3551], [5604], [10013], [2810], [4734], [1540], [51741], [6335], [2130], [8289], [5168], [1392], [27185], [51548], [8737], [2934], [7321], [6885], [80781], [57506], [5921], [3838], [100506658], [7323], [4287], [5245], [10971], [10628], [7322], [8648], [3837], [408], [6337], [8452], [637], [23327], [7332], [4040], [5650], [8650], [9113], [26986], [10015], [2771], [162514], [6520], [407004], [6416], [51684], [11065], [8239], [3726], [1889], [6338], [2315], [868], [7159], [9146], [6510], [5094], [3191], [23135], [7317], [4986], [7050], [997], [8976], [1856], [6605], [1822], [11052], [9516], [1855], [8874], [7071], [154796], [5434], [5431], [7041], [11059], [10454], [6599], [9788], [6453], [4778], [4091], [11060], [54472], [83593], [7324], [5432], [57599], [1857], [9040], [8078], [7536], [11051], [6601], [51429], [369], [9048], [3093], [23678], [23163], [11100], [23111], [51100], [8027], [8887], [8844], [9402], [6455], [153562], [57561], [7325], [26994], [10564], [9898], [10114], [10254], [10477], [8975], [3607], [9246], [11280], [23558], [8725], [23624], [63893], [79155], [7326], [1840], [256076]]
