Chronic Obstructive Pulmonary Diseases:[[6441], [4321], [7040], [7356], [5970], [2944], [2952], [4790], [5265], [3383], [4282], [3552], [1543], [2052], [51284], [3066], [4088], [9173], [4878], [3329], [1520], [2209], [407015], [100302234]]
Chronic airway obstruction:[[64399], [3162], [4312], [10144], [7040], [4318], [1499], [3952], [5054], [6696], [6352], [929], [1490], [217], [4586], [843], [9235], [653509], [6037], [51297], [3779], [92747]]
Chronic obstructive lung disease NOS:[[]]
CAFL - Chronic airflow limitation:[[7124], [7040], [4318], [3569], [7099], [5054], [3606], [4843], [7076], [5806], [301], [1514], [1520], [2358], [6037], [11251], [94103], [5553], [6425], [8288], [2359]]
Pulmonary Disease Chronic Obstructive:[[1138], [1136], [3658], [64399], [10144], [260431], [3107], [3162], [4312], [6441], [115253418], [4321], [7422], [5027], [64478], [79068], [7124], [22926], [7356], [79890], [977], [6927], [646576], [7040], [2244], [3569], [7042], [578], [4318], [1137], [1401], [596], [161], [1636], [5728], [3091], [1080], [2944], [3576], [9370], [4846], [348], [7099], [3553], [1956], [2993], [2952], [3586], [2290], [3952], [7476], [2530], [6532], [5265], [2581], [2138], [5685], [5243], [7022], [5468], [59], [2950], [79026], [311], [5743], [66005], [26298], [7515], [4790], [7421], [55784], [4978], [3605], [3845], [406991], [1906], [177], [154], [83540], [3606], [1536], [29126], [1535], [4780], [4879], [1499], [2638], [6347], [54535], [7015], [90865], [1493], [2475], [3565], [7097], [3458], [23411], [3146], [4313], [920], [183], [3383], [200373], [5054], [1234], [2908], [3356], [5594], [9914], [1116], [4314], [1026], [170679], [283229], [7450], [192668], [90381], [3934], [3791], [3557], [50863], [80150], [3596], [4282], [5806], [1432], [80332], [407040], [3958], [406938], [929], [2147], [6352], [4843], [1543], [6648], [4153], [6280], [3558], [857], [123688], [3552], [8074], [4982], [3082], [6772], [4353], [54768], [9365], [4170], [51074], [2152], [57161], [10631], [728], [8600], [170680], [7098], [23254], [132320], [2056], [7076], [1803], [9518], [1012], [57817], [958], [7139], [8743], [2052], [3559], [3039], [4586], [820], [4968], [85480], [10673], [1545], [551], [6279], [285], [641311], [4803], [133], [338811], [2034], [5329], [2309], [598], [3303], [5071], [5562], [3043], [1559], [22914], [50616], [5741], [3309], [51561], [727897]]
COAD:[[4193], [406991], [10752], [664614], [55657], [150759]]
Chronic airflow limitation:[[7124], [7040], [4318], [3569], [7099], [5054], [3606], [4843], [7076], [5806], [301], [1514], [1520], [2358], [6037], [11251], [94103], [5553], [6425], [8288], [2359]]
COAD - Chronic obstructive airways disease:[[406991]]
Chronic airway disease:[[64127], [3119], [7422], [348], [3586], [6774], [3658], [3569], [64399], [5071], [6347], [3717], [19], [7124], [10144], [335], [8626], [4321], [2099], [1401], [4586], [1956], [3383], [958], [4582], [4088], [356], [7040], [3570], [1191], [8651], [729230], [114548], [3162], [4312], [4318], [4790], [9173], [5970], [355], [864], [246778], [6597], [3565], [3458], [5728], [3659], [6775], [4846], [7128], [9370], [3146], [5594], [55600], [3559], [3953], [217], [5027], [5328], [1232], [596], [5734], [7157], [1535], [1536], [4851], [7356], [3135], [6441], [3596], [3084], [2308], [3105], [6356], [94103], [8878], [6583], [1230], [3557], [3553], [4843], [6403], [5743], [7099], [977], [1080], [3576], [6772], [25], [627], [3091], [1813], [85480], [3845], [7042], [4353], [6885], [3605], [7097], [3075], [3554], [5468], [3630], [1499], [154], [3952], [4313], [2944], [999], [51284], [207], [4780], [50616], [6609], [6352], [4803], [5054], [2335], [7297], [3976], [2064], [3479], [29126], [1524], [7098], [7852], [5580], [4852], [2475], [2950], [50943], [26298], [50507], [6868], [90865], [920], [2908], [59341], [6696], [406938], [5444], [1026], [2952], [1432], [406991], [652], [1116], [1906], [23411], [5579], [4057], [2932], [177], [6863], [595], [3958], [3627], [3606], [1601], [3579], [1437], [5329], [59272], [2147], [5265], [5879], [5595], [5133], [5566], [7076], [6647], [6648], [1490], [4153], [406947], [960], [64135], [929], [3688], [3791], [5008], [3567], [4322], [5290], [1950], [3552], [3815], [2919], [54106], [1051], [857], [6280], [10631], [100], [2247], [10673], [3620], [7442], [1577], [4548]]
COPD - Chronic obstructive pulmonary disease:[[1138], [1136], [64399], [3658], [10144], [7124], [3569], [7040], [4312], [4318], [3162], [7422], [1401], [1636], [3091], [2944], [7099], [1956], [6441], [3576], [1137], [2952], [3553], [4321], [4846], [5265], [2950], [9370], [7356], [3605], [3586], [154], [4790], [1080], [5743], [177], [5243], [1548], [5468], [3952], [7097], [123688], [2244], [2475], [1906], [4879], [6532], [5054], [7421], [2638], [23411], [3845], [4780], [5728], [3383], [1499], [1493], [3606], [3596], [3146], [7515], [1116], [2052], [3458], [6347], [4313], [2908], [920], [5594], [1234], [1026], [4314], [857], [80122], [90865], [22926], [1432], [406938], [4982], [5329], [4843], [3557], [1543], [6648], [4153], [7076], [8743], [80332], [820], [407040], [7098], [929], [3934], [5806], [3552], [4282], [4968], [10], [3558], [5071], [2993], [285], [9518], [6352], [133], [3039], [8600], [682], [9365], [4353], [1803], [9547], [7139], [4088], [2581], [85480], [3303], [1958], [10673], [4586], [10631], [3559], [3066], [2740], [6280], [2034], [2006], [653509], [4363], [54210], [5270], [551], [5741], [1991], [1536], [6382], [3456], [6649], [50616], [3566], [1147], [3875], [1535], [301], [50507], [3579], [6439], [1672], [6288], [3371], [9235], [9173], [2073], [407008], [1839], [727897], [1520], [4217], [7019], [2919], [112744], [9655], [5144], [2252], [55054], [1012], [7100], [2660], [3567], [1118], [6362], [3577], [953], [6356], [406976], [55937], [3603], [2209], [362], [574411], [406921], [6037], [6095], [407000], [1143], [5284], [136], [6839], [2878], [4908], [574447], [9446], [406994], [4048], [574506], [6425], [5141], [671], [1153], [338811]]
CAL - Chronic airflow limitation:[[7040], [4318], [7076]]
Chronic obstructive pulmonary disease:[[1138], [1136], [3658], [64399], [7124], [3162], [4312], [10144], [3569], [7040], [4318], [79068], [7422], [1956], [3107], [1401], [1636], [3091], [6441], [5027], [2944], [4846], [348], [3553], [7099], [3576], [6927], [9370], [5243], [4321], [1080], [2952], [3586], [2244], [5468], [7042], [6532], [2950], [5743], [3845], [4790], [5265], [7356], [7421], [3952], [5728], [1499], [596], [7015], [2475], [3605], [4780], [1137], [29126], [7515], [406991], [3458], [4313], [4879], [177], [920], [7097], [154], [5594], [1493], [3606], [5054], [3146], [1234], [6347], [1026], [2908], [23411], [2147], [22926], [1906], [977], [3383], [90865], [1543], [1432], [3565], [7450], [183], [3791], [3557], [857], [2638], [3356], [6648], [406938], [4153], [3958], [929], [3043], [1559], [8743], [3934], [4314], [4843], [4282], [407040], [3558], [2993], [5071], [4982], [3082], [6772], [3596], [8074], [3552], [3039], [4968], [2290], [10], [1545], [4353], [5806], [2152], [3309], [79890], [6352], [4170], [7476], [8600], [7098], [2581], [2138], [1116], [682], [4088], [5329], [9365], [7076], [2309], [1803], [9518], [2530], [598], [1191], [133], [958], [7139], [64478], [2052], [1728], [2896], [4323], [3559], [7022], [3303], [57817], [3593], [8678], [7052], [5685], [10673], [6280], [7517], [80332], [2034], [2056], [1544], [79026], [285], [10631], [3066], [820], [1958], [5562], [551], [4586], [4842], [311], [85480], [4803], [4363], [161], [1548], [6382], [26298], [4914], [115253418], [3456], [22914], [50616], [5741], [3566], [94025], [2289], [1991], [1536], [246778], [5770], [1535], [949], [301], [4804], [558], [50507]]
Chronic obstructive airway disease:[[]]
Chronic obstructive lung disease:[[1636], [3606], [3596], [2056]]
COPD:[[260431], [372], [1138], [1136], [7124], [7422], [3569], [7040], [1956], [3091], [1636], [7157], [4318], [1401], [64399], [7099], [3576], [2944], [3553], [4790], [3605], [2952], [9370], [3586], [4846], [2950], [154], [4613], [5743], [2475], [1548], [7097], [627], [5054], [7421], [1080], [4879], [5468], [177], [2956], [3952], [23411], [5243], [3845], [5265], [1906], [4312], [6532], [3383], [5728], [1499], [308], [3162], [1493], [999], [5444], [4780], [3479], [6696], [7852], [3606], [3458], [3146], [6347], [1137], [4313], [5290], [1116], [6647], [920], [3596], [5594], [50943], [3658], [595], [1234], [1026], [2908], [80122], [5970], [857], [51196], [1813], [6387], [54106], [1432], [4982], [5329], [7515], [1471], [2146], [355], [2638], [6648], [2932], [238], [406938], [4153], [2052], [7076], [142], [7399], [8743], [4314], [4843], [2247], [51738], [3557], [3315], [64127], [1543], [7098], [4582], [6531], [59272], [3934], [19], [3725], [6441], [820], [3552], [3320], [282617], [4282], [10], [796], [5071], [929], [285], [1277], [6352], [2308], [998], [3039], [4968], [3627], [407040], [8600], [682], [3558], [5578], [406937], [2321], [10891], [4353], [5806], [1803], [9518], [56729], [123688], [3953], [9547], [90865], [112398], [328], [1673], [4088], [10135], [2260], [3308], [1571], [7356], [23586], [1958], [5328], [11093], [133], [6615], [7139], [10673], [3240], [5478], [64072], [9365], [4321], [4854], [3620], [3559], [7133], [3303], [1653], [5159], [2740], [7412], [6280], [2034], [4049], [4792], [2006], [10631], [85480], [3689], [3066], [54210], [4363], [4316], [10144], [7528], [7442], [729230]]
COLD - Chronic obstructive lung disease:[[3606], [3596]]
Chronic Obstructive Lung Disease:[[1636], [3606], [3596], [2056]]
Chronic irreversible airway obstruction:[[7040], [4318], [217]]
Chronic obstructive airway disease NOS:[[]]
Chronic obstructive pulmonary disease unspecified:[[1956], [7124], [7040], [7422], [3091], [348], [4790], [1026], [5468], [1432], [5743], [7042], [1499], [5594], [7421], [596], [4088], [7015], [3791], [2908], [598], [2147], [3558], [6772], [8743], [4170], [2290], [5329], [3559], [7022], [285], [1147], [558], [4803], [4914], [4804], [3566], [5144], [51741], [59341], [2904], [4217], [637], [22861], [9620]]
PULMONARY DISEASE CHRONIC OBSTRUCTIVE:[[1138], [1136], [3658], [64399], [10144], [260431], [3107], [3162], [4312], [6441], [115253418], [4321], [7422], [5027], [64478], [79068], [7124], [22926], [7356], [79890], [977], [6927], [646576], [7040], [2244], [3569], [7042], [578], [4318], [1137], [1401], [596], [161], [1636], [5728], [3091], [1080], [2944], [3576], [9370], [4846], [348], [7099], [3553], [1956], [2993], [2952], [3586], [2290], [3952], [7476], [2530], [6532], [5265], [2581], [2138], [5685], [5243], [7022], [5468], [59], [2950], [79026], [311], [5743], [66005], [26298], [7515], [4790], [7421], [55784], [4978], [3605], [3845], [406991], [1906], [177], [154], [83540], [3606], [1536], [29126], [1535], [4780], [4879], [1499], [2638], [6347], [54535], [7015], [90865], [1493], [2475], [3565], [7097], [3458], [23411], [3146], [4313], [920], [183], [3383], [200373], [5054], [1234], [2908], [3356], [5594], [9914], [1116], [4314], [1026], [170679], [283229], [7450], [192668], [90381], [3934], [3791], [3557], [50863], [80150], [3596], [4282], [5806], [1432], [80332], [407040], [3958], [406938], [929], [2147], [6352], [4843], [1543], [6648], [4153], [6280], [3558], [857], [123688], [3552], [8074], [4982], [3082], [6772], [4353], [54768], [9365], [4170], [51074], [2152], [57161], [10631], [728], [8600], [170680], [7098], [23254], [132320], [2056], [7076], [1803], [9518], [1012], [57817], [958], [7139], [8743], [2052], [3559], [3039], [4586], [820], [4968], [85480], [10673], [1545], [551], [6279], [285], [641311], [4803], [133], [338811], [2034], [5329], [2309], [598], [3303], [5071], [5562], [3043], [1559], [22914], [50616], [5741], [3309], [51561], [727897]]
Chronic Obstructive Airway Disease:[[]]
