Ataxia with Lactic Acidosis 2:[[3586], [207], [5428], [6548], [4574], [4508], [10102]]
Deficiency of pyruvic carboxylase:[[5091]]
PYRUVATE CARBOXYLASE DEFICIENCY:[[5091], [56922], [23586], [5019], [57506], [5095], [192343]]
Pyruvate carboxylase deficiency:[[5091], [56922], [23586], [5019], [57506], [5095], [192343]]
ATAXIA WITH LACTIC ACIDOSIS II:[[3586], [207], [6548]]
Ataxia with lactic acidosis II:[[3586], [207], [6548]]
Pyruvate Carboxylase Deficiency Disease:[[]]
PC - Pyruvate carboxylase deficiency:[[5091], [192343]]
Deficiency of pyruvate carboxylase:[[5091], [56922], [23586], [5019], [57506], [5095], [192343]]
PC DEFICIENCY:[[5091], [5624], [79001], [2896], [2147], [4524], [3123], [7157], [3479], [5627], [3569], [3162], [3077], [7124], [355], [1956], [5728], [9370], [367], [207], [7421], [672], [7422], [3586], [348], [4790], [462], [7040], [3091], [4318], [675], [7941], [6716], [1029], [2099], [2944], [3117], [4609], [23411], [673], [5743], [1401], [1026], [3119], [2064], [3845], [590], [3576], [29126], [5468], [335], [2678], [1636], [2475], [6347], [7015], [7099], [1234], [7097], [6696], [999], [4193], [4780], [596], [5290], [5594], [19], [5925], [2952], [51738], [857], [6387], [3146], [406991], [5122], [57817], [114548], [5820], [10413], [142], [5970], [581], [836], [595], [3630], [5747], [412], [7515], [2950], [4000], [3480], [2908], [1950], [3934], [3284], [3486], [7037], [6657], [6648], [1432], [5578], [387], [1027], [10891], [5310], [196], [2729], [3417], [5879], [3958], [51079], [7490], [4089], [959], [4968], [4088], [406938], [641], [4843], [9518], [4869], [5347], [8600], [7098], [5599], [5465], [3240], [860], [6469], [2260], [5311], [4170], [5950], [1728], [4323], [6868], [5335], [7284], [7057], [22943], [3570], [4854], [7253], [6464], [2149], [930], [50964], [59067], [5037], [9927], [3456], [23028], [50616], [7345], [4914], [5250], [2066], [4602], [10273], [3491], [4522], [5245], [10544], [7385], [51129], [5244], [639], [494324], [56616], [4287], [8644], [51094], [290], [5906], [6095], [10000], [407010], [21], [3205], [6272], [10365], [7942], [445], [6789], [2253], [1593], [7182], [4249], [10533], [8751], [442918], [790], [4867], [10400], [2805], [50], [493856], [200576], [5223], [4191]]
Ataxia with Lactic Acidosis II:[[3586], [207], [6548]]
Type II Ataxia with Lactic Acidosis:[[]]
Pyruvate Carboxylase Deficiency:[[5091], [56922], [23586], [5019], [57506], [5095], [192343]]
PC deficiency:[[5091], [5624], [79001], [2896], [2147], [4524], [3123], [7157], [3479], [5627], [3569], [3162], [3077], [7124], [355], [1956], [5728], [9370], [367], [207], [7421], [672], [7422], [3586], [348], [4790], [462], [7040], [3091], [4318], [675], [7941], [6716], [1029], [2099], [2944], [3117], [4609], [23411], [673], [5743], [1401], [1026], [3119], [2064], [3845], [590], [3576], [29126], [5468], [335], [2678], [1636], [2475], [6347], [7015], [7099], [1234], [7097], [6696], [999], [4193], [4780], [596], [5290], [5594], [19], [5925], [2952], [51738], [857], [6387], [3146], [406991], [5122], [57817], [114548], [5820], [10413], [142], [5970], [581], [836], [595], [3630], [5747], [412], [7515], [2950], [4000], [3480], [2908], [1950], [3934], [3284], [3486], [7037], [6657], [6648], [1432], [5578], [387], [1027], [10891], [5310], [196], [2729], [3417], [5879], [3958], [51079], [7490], [4089], [959], [4968], [4088], [406938], [641], [4843], [9518], [4869], [5347], [8600], [7098], [5599], [5465], [3240], [860], [6469], [2260], [5311], [4170], [5950], [1728], [4323], [6868], [5335], [7284], [7057], [22943], [3570], [4854], [7253], [6464], [2149], [930], [50964], [59067], [5037], [9927], [3456], [23028], [50616], [7345], [4914], [5250], [2066], [4602], [10273], [3491], [4522], [5245], [10544], [7385], [51129], [5244], [639], [494324], [56616], [4287], [8644], [51094], [290], [5906], [6095], [10000], [407010], [21], [3205], [6272], [10365], [7942], [445], [6789], [2253], [1593], [7182], [4249], [10533], [8751], [442918], [790], [4867], [10400], [2805], [50], [493856], [200576], [5223], [4191]]
