Renal Failures:[[]]
Renal Insufficiencies:[[]]
Kidney Failure:[[7040], [4524], [1636], [5243], [1401], [6347], [1026], [4582], [185], [7076], [5465], [5806], [135], [5972], [8542], [7225], [8742], [10911], [10159], [23607], [3514], [2628], [3535], [54585], [100529099], [192343]]
Renal Insufficiency:[[7124], [4524], [9370], [1401], [7099], [4879], [5054], [1234], [6647], [3383], [3135], [177], [142], [1471], [185], [8074], [217], [1803], [3559], [7412], [6285], [7139], [5950], [551], [2641], [6775], [9173], [186], [7827], [231], [5076], [359], [145264], [56606], [1082], [259], [1511], [2695], [146433], [10686], [57728], [9945]]
Impaired renal function:[[7422], [177], [960], [7369], [4000], [5972], [3320], [6662], [1471], [50507], [1636], [6794], [6093], [359], [7157], [1410], [4609], [183], [1956], [51741], [7124], [6521], [348], [7337], [3569], [3939], [3816], [9370], [7040], [4233], [4524], [3091], [3586], [6928], [4739], [6774], [1401], [207], [4306], [9356], [1499], [7099], [4846], [7421], [5054], [5728], [7428], [3553], [2064], [5468], [4790], [3952], [1029], [7159], [367], [3458], [5743], [6927], [4879], [5444], [4780], [2475], [3516], [5915], [3643], [3576], [3479], [2034], [50943], [29126], [79068], [596], [5209], [351], [6772], [999], [1080], [7015], [7852], [1906], [2099], [9759], [5594], [7097], [335], [4193], [6622], [1493], [3845], [51738], [4851], [217], [3667], [4313], [2778], [920], [23411], [355], [673], [5290], [1312], [2944], [3162], [3958], [3383], [6347], [406991], [2625], [1813], [5970], [595], [142], [1234], [3146], [332], [3135], [3480], [1432], [3815], [6647], [3570], [114548], [7490], [4750], [2146], [3934], [3082], [2153], [1026], [5133], [3075], [6696], [3606], [6387], [949], [5617], [3106], [7450], [5595], [3688], [3791], [3605], [3630], [2247], [6934], [2932], [5950], [3565], [8074], [2147], [1027], [54790], [54106], [3784], [3717], [857], [59272], [2321], [718], [10891], [2950], [3559], [5979], [846], [5925], [3690], [64127], [5581], [6667], [387], [2335], [10413], [5071], [338], [8743], [472], [3105], [4088], [836], [120892], [2952], [285], [56729], [2056], [2308], [5879], [407040], [4312], [7132], [154], [3558], [2100], [682], [551], [4292], [1385], [1490], [406947], [324], [8842]]
Kidney Insufficiency:[[2952]]
Renal Failure:[[7124], [7422], [7040], [23560], [348], [9370], [4524], [1636], [3586], [4846], [7421], [1401], [3952], [5728], [5444], [4609], [59331], [4879], [6347], [950], [51738], [3105], [3934], [3383], [6696], [3082], [8074], [1184], [4312], [1471], [185], [3075], [4982], [4353], [56729], [2335], [217], [718], [9365], [2152], [11093], [846], [7132], [8600], [796], [7076], [57817], [959], [958], [4210], [1116], [5806], [6280], [2056], [22943], [567], [7133], [3303], [729230], [5741], [6401], [7037], [4627], [10599], [2638], [7941], [6521], [5310], [6720], [6288], [50964], [5617], [6279], [1244], [9332], [2717], [6928], [3251], [100], [5167], [943], [7035], [4162], [1591], [56606], [7471], [624], [2621], [1287], [118], [5745], [5076], [10232], [7827], [1760], [574501], [6721], [1285], [4868], [7066], [4036], [5730], [259], [3426], [10911], [1376], [116085], [407042], [54938], [1286], [552], [3385], [4867], [9356], [8029], [56172], [6314], [1733], [11309], [10525], [255082], [6557], [6359], [57704], [10686], [81494], [8876], [2981], [27130], [9657], [6301], [401237], [8516], [56670], [149461], [54675], [51081], [55005], [27283], [84063], [353189], [339290]]
Renal failure unspecified:[[7422], [7124], [7040], [348], [7421], [4609], [2335], [7132], [7133], [7471], [1760], [27130]]
Renal failure syndrome:[[348], [5728], [1285], [1401], [1287], [7124], [5076], [3075], [7422], [7040], [718], [11093], [7132], [4524], [9370], [1636], [959], [1286], [3586], [958], [4846], [7421], [4867], [6720], [3952], [1244], [5444], [3251], [4879], [6928], [6347], [51738], [3105], [10599], [7827], [4609], [3383], [3934], [4868], [6696], [8074], [4036], [1471], [185], [3426], [4982], [4353], [56729], [3082], [2152], [950], [796], [7076], [4210], [5806], [1116], [4312], [1760], [57817], [4627], [217], [9365], [846], [6557], [567], [7133], [2335], [8600], [7941], [2056], [1184], [6288], [6280], [6401], [5741], [2638], [8029], [729230], [100], [3303], [5617], [22943], [5310], [6279], [9332], [5167], [7037], [7035], [2717], [943], [7471], [2621], [9657], [1591], [56606], [624], [574501], [1376], [118], [6721], [7066], [10911], [5730], [116085], [552], [6314], [56172], [1733], [81494], [57704], [2981], [6301], [55005], [54675]]
Unspecified kidney failure:[[7040], [1026], [23607]]
Kidney Failures:[[]]
Renal insufficiency:[[7124], [4524], [9370], [1401], [7099], [4879], [5054], [1234], [6647], [3383], [3135], [177], [142], [1471], [185], [8074], [217], [1803], [3559], [7412], [6285], [7139], [5950], [551], [2641], [6775], [9173], [186], [7827], [231], [5076], [359], [145264], [56606], [1082], [259], [1511], [2695], [146433], [10686], [57728], [9945]]
Kidney failure:[[7040], [4524], [1636], [5243], [1401], [6347], [1026], [4582], [185], [7076], [5465], [5806], [135], [5972], [8542], [7225], [8742], [10911], [10159], [23607], [3514], [2628], [3535], [54585], [100529099], [192343]]
Kidney Insufficiencies:[[]]
Renal impairment:[[4000], [3320], [1636], [613], [7157], [183], [7337], [3816], [4609], [348], [7124], [4524], [3569], [1401], [7040], [7422], [9370], [3586], [10413], [6569], [1956], [2099], [3479], [7428], [4879], [4318], [596], [6927], [2625], [6568], [5243], [4846], [4790], [3553], [3091], [5468], [4968], [5728], [207], [351], [1029], [29126], [5743], [6774], [3952], [335], [2475], [7421], [6347], [6622], [1499], [7099], [367], [2944], [5594], [3934], [3576], [1471], [7015], [3162], [999], [3606], [5054], [5444], [1906], [2952], [2212], [7852], [406991], [3845], [2064], [2932], [1432], [177], [6772], [23411], [3458], [6696], [51738], [857], [1312], [2214], [3146], [6647], [1813], [673], [3383], [4851], [5133], [949], [142], [2146], [120892], [3135], [1026], [1027], [760], [3075], [8074], [1080], [114548], [3480], [59272], [3958], [5595], [3688], [6387], [3717], [213], [7132], [920], [3082], [718], [358], [3605], [3624], [6648], [3077], [54106], [2321], [5979], [10257], [7076], [2100], [581], [4292], [9365], [27086], [2153], [4282], [1191], [846], [551], [2950], [3627], [5071], [10891], [154], [2147], [56729], [3559], [5806], [64127], [7412], [4153], [3558], [285], [950], [7133], [472], [836], [652], [11093], [5925], [406947], [4627], [5950], [6531], [7450], [5329], [2033], [3557], [6934], [9518], [2308], [338], [5172], [79068], [958], [7249], [4353], [5621], [3630], [650], [100507436], [1535], [406938], [7291], [10135], [2260], [8626], [1869], [3291], [7077], [1786], [3953], [7466], [6598], [6513], [1814], [2263], [5265], [217], [84868], [1385], [1268], [135], [2309], [1803], [3481]]
RF - Renal failure:[[7124], [3586], [1401], [7132], [6288]]
Renal failure:[[7124], [7422], [7040], [23560], [348], [9370], [4524], [1636], [3586], [4846], [7421], [1401], [3952], [5728], [5444], [4609], [59331], [4879], [6347], [950], [51738], [3105], [3934], [3383], [6696], [3082], [8074], [1184], [4312], [1471], [185], [3075], [4982], [4353], [56729], [2335], [217], [718], [9365], [2152], [11093], [846], [7132], [8600], [796], [7076], [57817], [959], [958], [4210], [1116], [5806], [6280], [2056], [22943], [567], [7133], [3303], [729230], [5741], [6401], [7037], [4627], [10599], [2638], [7941], [6521], [5310], [6720], [6288], [50964], [5617], [6279], [1244], [9332], [2717], [6928], [3251], [100], [5167], [943], [7035], [4162], [1591], [56606], [7471], [624], [2621], [1287], [118], [5745], [5076], [10232], [7827], [1760], [574501], [6721], [1285], [4868], [7066], [4036], [5730], [259], [3426], [10911], [1376], [116085], [407042], [54938], [1286], [552], [3385], [4867], [9356], [8029], [56172], [6314], [1733], [11309], [10525], [255082], [6557], [6359], [57704], [10686], [81494], [8876], [2981], [27130], [9657], [6301], [401237], [8516], [56670], [149461], [54675], [51081], [55005], [27283], [84063], [353189], [339290]]
Renal insufficiency syndrome:[[1401], [5076], [7124], [4524], [9370], [5950], [7099], [4879], [6775], [5054], [7827], [3383], [177], [6647], [1471], [185], [8074], [1803], [1234], [7412], [6285], [7139], [142], [3135], [217], [551], [3559], [2641], [9173], [145264], [186], [359], [1082], [57728], [56606], [2695], [146433]]
Renal dysfunction:[[4000], [116085], [50507], [1636], [768], [3320], [183], [6093], [6794], [3952], [7157], [185], [3939], [4868], [3816], [4609], [7124], [6928], [7422], [348], [3569], [7040], [4524], [9370], [1495], [4233], [7159], [1956], [3586], [3945], [4318], [6774], [1401], [4790], [3091], [7099], [207], [4846], [6569], [4879], [5243], [3479], [7428], [3553], [1029], [6927], [7015], [1499], [3458], [2475], [5054], [5728], [4780], [1906], [7421], [23411], [2099], [29126], [5468], [2034], [3606], [3146], [5743], [4968], [7097], [338], [177], [999], [596], [3383], [4313], [7369], [2625], [5133], [351], [5594], [3162], [1080], [3576], [3934], [367], [3123], [114548], [3958], [4982], [5444], [6622], [1432], [6696], [1312], [2321], [2064], [1471], [406991], [59272], [355], [6347], [7852], [142], [595], [1234], [1026], [8074], [57507], [2932], [3565], [5806], [3845], [1493], [51738], [3791], [857], [332], [335], [9429], [6647], [387], [1813], [960], [4851], [50943], [26276], [10891], [3075], [3717], [5076], [56729], [949], [7450], [5595], [5071], [5970], [2146], [120892], [3605], [285], [4582], [9365], [3627], [213], [6772], [3082], [3106], [59], [6387], [3630], [1577], [6648], [407040], [2022], [7132], [1585], [5879], [7412], [2100], [3688], [1490], [1576], [2153], [406947], [11093], [551], [54106], [920], [10413], [2950], [7490], [10135], [84868], [581], [472], [4282], [9169], [3480], [7139], [5979], [2147], [154], [7076], [3690], [5621], [2623], [5950], [682], [4088], [4312], [929], [718], [2056], [8743], [8772], [5925], [8842], [846], [7518], [7431], [3725], [4843], [836], [2308]]
