Respiratory Distress Syndrome Infant:[[3586], [3569], [7124], [9370], [7422], [3553], [4318], [4846], [3576], [3605], [3146], [1543], [3565], [406938], [1471], [4615], [3240], [21], [55600], [7356]]
Wet lung disease of newborn:[[]]
Adult respiratory distress syndrome:[[3569], [332], [2152], [7035], [55604]]
ARDS - Adult respiratory distress syndrome:[[3569], [55604]]
Respiratory distress syndrome in the newborn:[[3586], [1636], [7422], [3569], [9370], [3553], [1401], [4846], [3576], [4879], [3146], [6347], [3565], [3162], [1543], [4282], [2321], [59272], [6439], [356], [796], [5624], [21], [6440], [7356], [5266]]
Respiratory distress of newborn:[[7080], [3586], [3569], [1636], [7422], [1401], [3576], [9370], [4846], [3553], [6440], [4879], [6532], [6439], [3565], [627], [3146], [6347], [1906], [59272], [3162], [21], [1543], [51738], [4282], [2321], [796], [5624], [356], [7356], [551], [5266]]
Respiratory distress of newborn unspecified:[[7422], [2321]]
Infantile Respiratory Distress Syndrome:[[6774], [7422], [3586], [7124], [3569], [4318], [207], [3553], [177], [355], [183], [2321], [356], [6439], [7139], [2034], [6441], [653509], [6440], [3291]]
Shock Lung:[[]]
Respiratory distress syndrome:[[1636], [3586], [7422], [7124], [3569], [7040], [4790], [9370], [4318], [6774], [1401], [4846], [207], [3553], [4879], [3576], [4609], [3605], [3146], [5054], [6347], [4780], [332], [177], [3162], [355], [3565], [183], [3557], [5133], [1543], [4582], [2152], [185], [4282], [406938], [2321], [59272], [1471], [7276], [406947], [3627], [285], [1950], [356], [378938], [796], [9518], [6439], [5328], [7412], [7139], [2034], [5624], [3240], [4049], [6441], [23586], [4615], [729230], [5340], [4035], [6093], [406906], [2150], [947], [1535], [21], [5294], [3678], [653509], [1991], [3371], [246778], [406985], [5320], [1437], [5515], [3624], [7035], [2], [2161], [1612], [55600], [1672], [11082], [1003], [406910], [6440], [3291], [60674], [27035], [7356], [9475], [406911], [51311], [941], [6337], [1755], [362], [54583], [8771], [145264], [5154], [4638], [5266], [8061], [407048], [3026], [387129], [8858], [7850], [2729], [566], [406912], [1903], [56300], [729238], [406998], [84639], [407049], [79888], [53827], [5348], [5349], [55604], [9468], [56994], [102659353]]
Syndrome Respiratory Distress:[[7157], [207], [3123], [1401], [6774], [3265], [356], [7080], [3569], [1636], [3586], [7124], [1906], [7040], [7422], [4790], [355], [3576], [4318], [23586], [3605], [7276], [4846], [3553], [6532], [9370], [4879], [627], [3146], [6347], [6439], [6441], [59272], [177], [6440], [5054], [3565], [4609], [3119], [3557], [5133], [6647], [3162], [2950], [6337], [2152], [4780], [285], [183], [653509], [51738], [185], [4282], [4582], [3627], [2321], [3934], [1471], [406938], [21], [406947], [332], [4843], [1543], [796], [9518], [6648], [7412], [7139], [1950], [551], [4615], [3240], [4049], [1535], [5624], [5340], [378938], [55600], [5443], [2034], [947], [5320], [11082], [2150], [5294], [7356], [5328], [406906], [729230], [4035], [3291], [6093], [27035], [145264], [246778], [3678], [1437], [362], [3371], [7035], [729238], [2161], [1991], [1672], [5515], [3624], [406910], [941], [406985], [1612], [5266], [60674], [406911], [1003], [51311], [2], [4638], [1755], [8771], [9475], [5154], [407048], [54583], [8061], [8858], [2729], [10801], [387129], [7850], [3026], [406912], [566], [1903], [56300], [84639], [407049], [406998], [79888], [6536], [53827], [5348], [5349], [55604], [9468], [56994], [102659353]]
Respiratory distress syndrome in neonate:[[9370], [355], [2152], [796], [6440]]
Neonatal Respiratory Distress Syndrome:[[7124], [3569], [3586], [7040], [4790], [9370], [4049], [6774], [1401], [3553], [4318], [3576], [207], [4609], [3605], [3162], [355], [3146], [5054], [177], [3557], [5133], [6439], [183], [1543], [796], [2152], [406938], [21], [5624], [356], [1950], [378938], [7412], [6093], [246778], [947], [6440], [1535], [1991], [3624], [3291], [1755], [9475], [941], [406998], [79888], [9468], [56994]]
RDS - Respiratory distress syndrome of newborn:[[1636], [7422], [4846], [6439], [21]]
Idiopathic respiratory distress syndrome [IRDS or RDS] of newborn:[[]]
Respiratory distress syndrome of newborn:[[3586], [1636], [7422], [3569], [9370], [3553], [1401], [4846], [3576], [4879], [3146], [6347], [3565], [3162], [1543], [4282], [2321], [59272], [6439], [356], [796], [5624], [21], [6440], [7356], [5266]]
Idiopathic respiratory distress syndrome:[[1636], [3586], [7422], [7124], [3569], [7040], [4846], [6774], [4318], [1401], [4790], [3553], [9370], [3605], [3576], [207], [355], [5054], [6347], [4879], [4282], [3146], [177], [3557], [1543], [3627], [183], [6440], [5133], [3162], [3565], [356], [4582], [185], [406938], [6441], [4049], [59272], [285], [1471], [7276], [406947], [7412], [5328], [7139], [796], [3240], [9518], [729238], [2034], [5624], [4035], [653509], [3371], [947], [5294], [1437], [1991], [406985], [5515], [406910], [55600], [11082], [7356], [941], [27035], [362], [9475], [8771], [145264], [3026], [8858], [84639]]
Acute respiratory distress syndrome:[[6774], [3569], [1636], [3586], [7422], [7124], [1471], [7040], [4790], [1401], [9370], [4318], [207], [4846], [3553], [3576], [4879], [4609], [3605], [3565], [3146], [5054], [6347], [332], [2152], [177], [3162], [355], [3240], [3557], [5133], [1543], [4780], [183], [185], [4282], [406938], [2321], [59272], [406947], [3627], [1950], [285], [7412], [356], [796], [9518], [4582], [7139], [1991], [406906], [947], [5624], [378938], [7276], [729230], [2034], [23586], [5328], [6441], [5294], [6439], [4049], [4615], [3371], [6093], [406911], [246778], [5340], [5320], [1437], [4035], [1535], [11082], [406910], [2161], [1612], [55600], [1672], [3624], [3678], [21], [406985], [2150], [407048], [653509], [5515], [2], [362], [3291], [1003], [7035], [54583], [7356], [5266], [60674], [4638], [6440], [8771], [51311], [145264], [941], [8858], [6337], [1755], [5154], [8061], [406912], [2729], [3026], [7850], [566], [1903], [84639], [56300], [729238], [407049], [406998], [53827], [5348], [5349], [102659353]]
Adult hyaline membrane disease:[[4790], [7080]]
IRDS - Idiopathic respiratory distress syndrome:[[7356]]
Idiopathic respiratory distress syndrome of newborn:[[3586], [1636], [7422], [3569], [4846], [9370], [3553], [1401], [3576], [4879], [6347], [6440], [3146], [4282], [1543], [3565], [3162], [356], [59272], [796], [5624], [7356]]
DaNang lung:[[3576], [7015], [8626], [3082], [378938], [6441], [10630], [1956], [100133941], [1138], [23705], [10399], [1136], [3845], [10365], [356], [2064], [9961], [7917], [673], [6662], [1401], [1143], [51297], [55937], [226], [1080], [81037], [2263], [22974], [23136], [1452], [6469], [5290], [675], [84525], [7157], [5685], [5925], [9043], [177], [7124], [7422], [4088], [3373], [652], [1116], [4610], [2068], [1277], [5071], [841], [219541], [9940], [8692], [3569], [9798], [3119], [348], [7040], [11200], [4524], [27159], [23405], [83716], [100505994], [3091], [3586], [1636], [2099], [672], [55355], [92747], [6774], [5243], [627], [207], [4790], [7421], [4318], [3553], [9370], [5594], [5728], [5743], [1499], [1548], [7099], [2255], [1029], [1312], [10413], [123688], [4035], [5468], [1000], [4851], [51741], [4609], [10480], [999], [3146], [5581], [2475], [9670], [3479], [29126], [596], [2944], [3458], [64852], [3593], [5915], [4193], [3717], [3952], [8372], [10417], [4313], [7852], [3675], [4846], [595], [6347], [4780], [1026], [5595], [10296], [5334], [55687], [22950], [7097], [2950], [5054], [10180], [23411], [960], [4153], [1493], [3106], [4233], [3605], [472], [332], [6387], [2952], [57720], [3596], [406991], [3815], [2033], [2908], [7515], [3659], [6098], [3162], [5970], [2247], [5444], [3383], [2146], [367], [9759], [355], [50943], [3606], [27122], [400619], [2186], [3135], [2690], [2932], [1432], [7080], [79850], [154], [6696], [3480], [2100], [142], [6714], [7042], [9699], [857], [3688], [79697], [7472], [3690], [4292], [3565], [4879], [836], [4582], [1906], [6648], [5979], [27178], [6667], [9429], [5879]]
Acquired respiratory distress syndrome:[[3569], [1636], [3586], [6774], [7124], [4790], [7040], [7422], [207], [4318], [9370], [1401], [4609], [3553], [3146], [3576], [4879], [4780], [5054], [177], [796], [3557], [355], [1543], [3565], [4582], [406938], [1471], [185], [4282], [2321], [3627], [356], [9518], [2034], [5624], [7412], [7139], [6441], [4615], [406906], [5294], [1991], [7035], [406985], [3624], [6440], [406911], [54583], [4638]]
RDS of newborn:[[7422], [1636], [4846], [6531], [6439], [21]]
Respiratory Distress Syndrome Adult:[[4609], [3586], [3569], [7040], [7124], [1636], [7422], [9370], [207], [4790], [4318], [3553], [4846], [4879], [6774], [1401], [3576], [5054], [332], [3605], [3565], [355], [3146], [177], [4780], [183], [2152], [3162], [3557], [5133], [1543], [4582], [185], [406947], [4282], [3627], [2321], [356], [59272], [285], [1471], [1950], [9518], [7276], [7139], [796], [5624], [5328], [6441], [7412], [4615], [729230], [5340], [6093], [947], [653509], [21], [3678], [3624], [5515], [7035], [2], [1003], [1755], [51311], [941], [362], [729238], [55604]]
Respiratory Distress Syndrome Newborn:[[3586], [1636], [7422], [3569], [9370], [3553], [1401], [4846], [3576], [4879], [3146], [6347], [3565], [3162], [1543], [4282], [2321], [59272], [6439], [356], [796], [5624], [21], [6440], [7356], [5266]]
Respiratory distress syndrome in newborn:[[3586], [1636], [7422], [3569], [9370], [3553], [1401], [4846], [3576], [4879], [3146], [6347], [3565], [3162], [1543], [4282], [2321], [59272], [6439], [356], [796], [5624], [21], [6440], [7356], [5266]]
Vietnam lung:[[2064], [7157], [348], [627], [4153], [920], [1378], [7177], [1215], [4882], [91662], [10529]]
Neonatal respiratory distress syndrome:[[7124], [3569], [3586], [7040], [4790], [9370], [4049], [6774], [1401], [3553], [4318], [3576], [207], [4609], [3605], [3162], [355], [3146], [5054], [177], [3557], [5133], [6439], [183], [1543], [796], [2152], [406938], [21], [5624], [356], [1950], [378938], [7412], [6093], [246778], [947], [6440], [1535], [1991], [3624], [3291], [1755], [9475], [941], [406998], [79888], [9468], [56994]]
Pulmonary hypoperfusion syndrome of newborn:[[3569], [4846], [3146], [2321]]
Congenital alveolar dysplasia:[[8626], [7040], [5290], [7157], [7422], [7124], [5054], [1956], [183], [7099], [673], [2260], [5743], [3569], [7421], [3553], [4790], [2064], [3091], [3479], [4609], [3458], [7097], [596], [3162], [3383], [2908], [4843], [3688], [54106], [6469], [7076], [796], [4087], [6439], [820], [2006], [103], [284], [5076], [64220]]
Congestive atelectasis:[[]]
Respiratory Distress Syndromes:[[]]
Cardiorespiratory distress syndrome of newborn:[[1401], [3569], [1906], [9370], [627], [4846], [3162]]
Pulmonary capillary leak syndrome:[[3605], [133], [1909], [720]]
Shock lung:[[]]
IRDS of newborn:[[7356]]
