Idiopathic respiratory distress syndrome [IRDS or RDS] of newborn:[[]]
Respiratory Distress Syndrome Infant:[[3586], [3569], [7124], [9370], [7422], [3553], [4318], [4846], [3576], [3605], [3146], [1543], [3565], [406938], [1471], [4615], [3240], [21], [55600], [7356]]
Wet lung disease of newborn:[[]]
Respiratory distress syndrome in the newborn:[[3586], [1636], [7422], [3569], [9370], [3553], [1401], [4846], [3576], [4879], [3146], [6347], [3565], [3162], [1543], [4282], [2321], [59272], [6439], [356], [796], [5624], [21], [6440], [7356], [5266]]
Respiratory distress syndrome of newborn:[[3586], [1636], [7422], [3569], [9370], [3553], [1401], [4846], [3576], [4879], [3146], [6347], [3565], [3162], [1543], [4282], [2321], [59272], [6439], [356], [796], [5624], [21], [6440], [7356], [5266]]
Idiopathic respiratory distress syndrome:[[1636], [3586], [7422], [7124], [3569], [7040], [4846], [6774], [4318], [1401], [4790], [3553], [9370], [3605], [3576], [207], [355], [5054], [6347], [4879], [4282], [3146], [177], [3557], [1543], [3627], [183], [6440], [5133], [3162], [3565], [356], [4582], [185], [406938], [6441], [4049], [59272], [285], [1471], [7276], [406947], [7412], [5328], [7139], [796], [3240], [9518], [729238], [2034], [5624], [4035], [653509], [3371], [947], [5294], [1437], [1991], [406985], [5515], [406910], [55600], [11082], [7356], [941], [27035], [362], [9475], [8771], [145264], [3026], [8858], [84639]]
IRDS - Idiopathic respiratory distress syndrome:[[7356]]
Idiopathic respiratory distress syndrome of newborn:[[3586], [1636], [7422], [3569], [4846], [9370], [3553], [1401], [3576], [4879], [6347], [6440], [3146], [4282], [1543], [3565], [3162], [356], [59272], [796], [5624], [7356]]
Respiratory distress of newborn:[[7080], [3586], [3569], [1636], [7422], [1401], [3576], [9370], [4846], [3553], [6440], [4879], [6532], [6439], [3565], [627], [3146], [6347], [1906], [59272], [3162], [21], [1543], [51738], [4282], [2321], [796], [5624], [356], [7356], [551], [5266]]
Respiratory distress of newborn unspecified:[[7422], [2321]]
Infantile Respiratory Distress Syndrome:[[6774], [7422], [3586], [7124], [3569], [4318], [207], [3553], [177], [355], [183], [2321], [356], [6439], [7139], [2034], [6441], [653509], [6440], [3291]]
RDS of newborn:[[7422], [1636], [4846], [6531], [6439], [21]]
Respiratory Distress Syndrome Newborn:[[3586], [1636], [7422], [3569], [9370], [3553], [1401], [4846], [3576], [4879], [3146], [6347], [3565], [3162], [1543], [4282], [2321], [59272], [6439], [356], [796], [5624], [21], [6440], [7356], [5266]]
Respiratory distress syndrome in newborn:[[3586], [1636], [7422], [3569], [9370], [3553], [1401], [4846], [3576], [4879], [3146], [6347], [3565], [3162], [1543], [4282], [2321], [59272], [6439], [356], [796], [5624], [21], [6440], [7356], [5266]]
Neonatal respiratory distress syndrome:[[7124], [3569], [3586], [7040], [4790], [9370], [4049], [6774], [1401], [3553], [4318], [3576], [207], [4609], [3605], [3162], [355], [3146], [5054], [177], [3557], [5133], [6439], [183], [1543], [796], [2152], [406938], [21], [5624], [356], [1950], [378938], [7412], [6093], [246778], [947], [6440], [1535], [1991], [3624], [3291], [1755], [9475], [941], [406998], [79888], [9468], [56994]]
Pulmonary hypoperfusion syndrome of newborn:[[3569], [4846], [3146], [2321]]
Congenital alveolar dysplasia:[[8626], [7040], [5290], [7157], [7422], [7124], [5054], [1956], [183], [7099], [673], [2260], [5743], [3569], [7421], [3553], [4790], [2064], [3091], [3479], [4609], [3458], [7097], [596], [3162], [3383], [2908], [4843], [3688], [54106], [6469], [7076], [796], [4087], [6439], [820], [2006], [103], [284], [5076], [64220]]
Respiratory distress syndrome in neonate:[[9370], [355], [2152], [796], [6440]]
Cardiorespiratory distress syndrome of newborn:[[1401], [3569], [1906], [9370], [627], [4846], [3162]]
Neonatal Respiratory Distress Syndrome:[[7124], [3569], [3586], [7040], [4790], [9370], [4049], [6774], [1401], [3553], [4318], [3576], [207], [4609], [3605], [3162], [355], [3146], [5054], [177], [3557], [5133], [6439], [183], [1543], [796], [2152], [406938], [21], [5624], [356], [1950], [378938], [7412], [6093], [246778], [947], [6440], [1535], [1991], [3624], [3291], [1755], [9475], [941], [406998], [79888], [9468], [56994]]
RDS - Respiratory distress syndrome of newborn:[[1636], [7422], [4846], [6439], [21]]
IRDS of newborn:[[7356]]
