Retinoblastomas:[[1029], [4193], [5925], [3815], [648], [4613], [8091], [4830], [3159], [4194], [9928]]
Retinal Glioma:[[]]
RETINOBLASTOMA:[[5925], [1869], [5934], [5933], [5928], [5932], [10765], [5931], [7799], [7157], [5929], [10403], [5927], [1653], [5930], [23352], [3091], [1029], [7422], [64221], [9810], [4524], [1956], [6774], [4193], [5926], [51742], [4609], [23272], [3569], [23741], [595], [4318], [627], [2064], [5243], [367], [4790], [4313], [3845], [207], [3553], [10741], [5743], [1499], [2475], [1026], [5468], [7015], [7852], [4233], [999], [3479], [596], [5594], [5290], [1027], [406991], [1234], [332], [472], [3146], [1432], [2146], [836], [3480], [10413], [4255], [5595], [3065], [2152], [4000], [5347], [3082], [7490], [2033], [23435], [4843], [7428], [3757], [1017], [841], [5599], [3265], [100124700], [5080], [378938], [3486], [4613], [407040], [328], [983], [1019], [7291], [5460], [7161], [2309], [11200], [1786], [7298], [1191], [11186], [5894], [406937], [2305], [860], [6469], [648], [283120], [3667], [6093], [4072], [8091], [7048], [652], [22943], [5315], [10855], [3014], [4087], [864], [898], [4683], [6598], [4363], [1021], [1051], [6502], [4804], [4548], [5176], [4194], [5777], [642954], [100820741], [100420607], [100420552], [100420527], [100288451], [100129156], [730180], [727842], [391556], [50964], [3297], [4830], [4914], [3611], [5294], [7528], [2547], [3897], [904], [92140], [2194], [4915], [407006], [25937], [406907], [7520], [100133941], [1000], [100048912], [407021], [3371], [1871], [283131], [29128], [1020], [2670], [659], [1673], [7503], [406932], [3159], [3397], [2130], [55384], [9232], [7068], [652995], [6573], [2623], [406928], [406952], [9076], [1612], [890], [406987], [407007], [406910], [9611], [51548], [1028], [7031], [6422], [7471], [6869], [4217], [2023]]
Retinal Neuroblastoma:[[]]
Retinal Glioblastoma:[[]]
Retinoblastoma Eye Cancers:[[]]
Retinoblastoma:[[5925], [1869], [5934], [5933], [5928], [5932], [10765], [5931], [7799], [7157], [5929], [10403], [5927], [1653], [5930], [23352], [3091], [1029], [7422], [64221], [9810], [4524], [1956], [6774], [4193], [5926], [51742], [4609], [23272], [3569], [23741], [595], [4318], [627], [2064], [5243], [367], [4790], [4313], [3845], [207], [3553], [10741], [5743], [1499], [2475], [1026], [5468], [7015], [7852], [4233], [999], [3479], [596], [5594], [5290], [1027], [406991], [1234], [332], [472], [3146], [1432], [2146], [836], [3480], [10413], [4255], [5595], [3065], [2152], [4000], [5347], [3082], [7490], [2033], [23435], [4843], [7428], [3757], [1017], [841], [5599], [3265], [100124700], [5080], [378938], [3486], [4613], [407040], [328], [983], [1019], [7291], [5460], [7161], [2309], [11200], [1786], [7298], [1191], [11186], [5894], [406937], [2305], [860], [6469], [648], [283120], [3667], [6093], [4072], [8091], [7048], [652], [22943], [5315], [10855], [3014], [4087], [864], [898], [4683], [6598], [4363], [1021], [1051], [6502], [4804], [4548], [5176], [4194], [5777], [642954], [100820741], [100420607], [100420552], [100420527], [100288451], [100129156], [730180], [727842], [391556], [50964], [3297], [4830], [4914], [3611], [5294], [7528], [2547], [3897], [904], [92140], [2194], [4915], [407006], [25937], [406907], [7520], [100133941], [1000], [100048912], [407021], [3371], [1871], [283131], [29128], [1020], [2670], [659], [1673], [7503], [406932], [3159], [3397], [2130], [55384], [9232], [7068], [652995], [6573], [2623], [406928], [406952], [9076], [1612], [890], [406987], [407007], [406910], [9611], [51548], [1028], [7031], [6422], [7471], [6869], [4217], [2023]]
RB:[[5925], [5934], [5933], [5928], [5932], [7157], [5931], [5929], [26574], [5930], [1956], [10161], [1029], [7040], [9810], [367], [286826], [7124], [10217], [4193], [7422], [595], [1026], [2064], [3952], [51742], [3569], [23741], [57786], [1869], [3091], [6774], [4609], [627], [999], [672], [7015], [129831], [3845], [207], [5728], [1499], [673], [596], [10741], [7852], [5743], [3953], [2475], [1432], [5468], [2146], [1017], [3479], [29126], [5594], [332], [5970], [960], [472], [3605], [5290], [1019], [355], [4233], [3480], [3815], [836], [407040], [2932], [1027], [3065], [6714], [857], [3688], [581], [138162], [5295], [6667], [3265], [5595], [4312], [3725], [4000], [4204], [5747], [841], [3417], [387], [5781], [5347], [1021], [8842], [650], [328], [7098], [6935], [5894], [2305], [25], [6790], [1786], [3309], [6093], [1111], [5111], [7161], [3667], [406937], [648], [6597], [5328], [5300], [92140], [4893], [3685], [6850], [5080], [1788], [4613], [9021], [6662], [8091], [6502], [100533952], [105980005], [5478], [4691], [10631], [407021], [6598], [4057], [9212], [8651], [904], [2194], [898], [8856], [642954], [100820741], [100420607], [100420552], [100420527], [100288451], [100129156], [730180], [727842], [391556], [406913], [842], [5770], [1139], [23028], [3159], [407006], [5788], [4286], [1000], [9232], [7068], [10664], [10763], [8202], [6908], [896], [4602], [6776], [3611], [1020], [3397], [4092], [10399], [10059], [4194], [5515], [283131], [8850], [406952], [1028], [624], [3655], [89780], [890], [1616], [5451], [10419], [7020], [5245], [823], [9582], [7874], [57007], [1063], [406932], [7849], [6335], [406907], [6869], [7299], [1386]]
Retinal Glioblastomas:[[]]
Retinoblastoma - morphology:[[5925], [1869], [7157], [5928], [1029], [3091], [7422], [6774], [627], [1956], [4609], [4524], [3569], [4318], [2064], [1499], [3845], [367], [999], [4790], [4313], [7852], [207], [3553], [2475], [4233], [596], [5594], [5290], [332], [23435], [4000], [1432], [2146], [10413], [3082], [3757], [1191], [6093], [7428], [1017], [841], [5599], [7291], [5460], [3265], [5080], [4613], [6598], [1786], [8091], [5894], [406937], [3611], [652], [4087], [898], [1051], [4914], [5294], [3897], [2670], [407006], [2130], [9076], [3159], [3397], [407007], [2623], [7471], [407004], [406959], [9134], [192343]]
Retinal Neuroblastomas:[[]]
RB1:[[5925], [129831], [9821], [7157], [1029], [1956], [7422], [367], [2099], [5728], [672], [3091], [595], [4193], [6774], [673], [207], [4790], [7421], [1869], [4609], [1499], [999], [3146], [1026], [5468], [5594], [4780], [332], [5290], [23411], [4851], [836], [3725], [4000], [2146], [355], [2100], [3630], [1432], [6667], [1019], [3480], [3065], [142], [841], [25], [5595], [1027], [2033], [1017], [4255], [1786], [4869], [3320], [196], [983], [5599], [860], [3265], [6790], [811], [6513], [4613], [100862704], [6502], [6657], [5295], [7161], [5894], [898], [2309], [11200], [4763], [2308], [7052], [1457], [5371], [2056], [2305], [2885], [5478], [1050], [7153], [1021], [7412], [6935], [5156], [4792], [2078], [6597], [283120], [1788], [842], [1111], [1051], [7329], [8091], [1030], [3312], [2353], [23621], [5080], [3066], [6598], [6464], [9212], [23028], [5579], [613], [10399], [4194], [2113], [6908], [100420130], [3661], [4914], [891], [7528], [2066], [1025], [8841], [9817], [4286], [7345], [632], [7068], [27161], [23476], [8850], [3925], [1020], [6659], [2623], [5245], [84557], [1386], [4791], [4361], [890], [6688], [10419], [894], [7020], [29128], [7874], [4176], [1028], [7507], [7849], [51176], [5076], [7299], [10524], [840], [5934], [5079], [7518], [406881], [405], [1859], [5921], [5499], [8473], [5601], [7529], [1871], [7704], [5933], [6872], [6929], [1487], [573], [317], [4773], [4654], [406976], [839], [1647], [6595], [407015], [407975], [1719], [835], [406995], [5928], [23468], [5055], [6670], [8493], [8085], [7465], [3398], [5932], [7846], [8864], [996], [51343], [896], [10131]]
Retinoblastoma Eye Cancer:[[5925]]
Retinal Gliomas:[[]]
