Retinal Detachment:[[7157], [4170], [3569], [1513], [6347], [405], [6387], [1234], [1520], [3146], [5925], [335], [1906], [1277], [1280], [3627], [2056], [6760], [5950], [729230], [29956], [4015], [2919], [54507], [58497], [6875], [6351], [2029], [3587], [84072], [1301], [4693], [4043], [8416], [7264], [9079], [65263], [143471], [55204], [55793], [2199], [726], [94137]]
Retinal detachment NOS:[[]]
Retinal detachments:[[4886]]
Retinal Detachments:[[4886]]
RETINAL DETACHMENT:[[7157], [4170], [3569], [1513], [6347], [405], [6387], [1234], [1520], [3146], [5925], [335], [1906], [1277], [1280], [3627], [2056], [6760], [5950], [729230], [29956], [4015], [2919], [54507], [58497], [6875], [6351], [2029], [3587], [84072], [1301], [4693], [4043], [8416], [7264], [9079], [65263], [143471], [55204], [55793], [2199], [726], [94137]]
Detached retina:[[857], [1001]]
Unspecified retinal detachment:[[7157], [4170], [5925], [6387]]
RD - Retinal detachment:[[7157]]
Sensory retinal detachment:[[7157], [3569], [6387], [1906], [6347], [1277], [1280], [729230], [3627], [1301]]
Retinal detachment:[[7157], [4170], [3569], [1513], [6347], [405], [6387], [1234], [1520], [3146], [5925], [335], [1906], [1277], [1280], [3627], [2056], [6760], [5950], [729230], [29956], [4015], [2919], [54507], [58497], [6875], [6351], [2029], [3587], [84072], [1301], [4693], [4043], [8416], [7264], [9079], [65263], [143471], [55204], [55793], [2199], [726], [94137]]
