Coats Disease:[[7422], [1283], [1956], [3553], [960], [7012], [6696], [3791], [375056], [7430], [51128], [7019], [3304], [6103], [79991], [80169], [8428], [23418], [8322], [5346], [25913], [56681], [22872], [4253], [8468], [84667]]
Coat Disease:[[4137], [1314], [8301], [9276], [4318], [4790], [4846], [22872], [2580], [9516], [64083], [1173], [10483], [22820], [9632], [10484], [372], [2335], [9892], [10427], [11316], [8943], [3553], [9871], [6720], [1080], [6532], [10053], [54209], [2643], [920], [960], [5444], [25956], [64324], [3965], [8120], [857], [4153], [1213], [93035], [10947], [8867], [846], [796], [1601], [5806], [57817], [80208], [3312], [5741], [4973], [3482], [10059], [51128], [1356], [201163], [9076], [684], [284119], [54206], [1211], [9026], [6439], [5868], [1639], [6440], [9829], [1212], [712], [382], [57829], [1487], [3092], [2060], [10410], [30816], [6836], [5286], [375], [7784], [58533], [3998], [56681], [23564], [1727], [123], [501], [3037], [8729], [8615], [9685], [10894], [65057], [79158], [3036], [6687], [6742], [27183], [10890], [3751], [8720], [8218], [26119], [26088], [83696], [58513], [23163], [56479], [8027], [5537], [84100], [3038], [57132], [50632], [8905], [55361], [10564], [59349], [10565], [89866], [22917], [112464], [5016], [84251], [90411], [83988], [22905], [23503], [23048], [51699], [1176], [26960], [27131], [8724], [9744], [130340], [90268], [25977], [440503], [51014], [11196], [729359], [26286], [57559], [84317], [192343], [150350]]
Coats' disease:[[7422], [7012], [3791], [6103]]
Coats disease:[[7422], [1283], [1956], [3553], [960], [7012], [6696], [3791], [375056], [7430], [51128], [7019], [3304], [6103], [79991], [80169], [8428], [23418], [8322], [5346], [25913], [56681], [22872], [4253], [8468], [84667]]
Telangiectasis Retinal:[[]]
Telangiectases Retinal:[[24], [5961], [6121], [348], [3000], [7980], [51109], [7422], [1401], [30813], [5995], [3569], [4901], [6295], [7040], [3091], [7157], [6010], [1002], [5950], [407], [6017], [25794], [25769], [9094], [6004], [9600], [7124], [351], [1956], [343035], [3953], [4170], [4790], [6774], [26064], [7099], [4524], [6094], [4780], [9187], [4318], [55603], [9445], [6927], [19], [207], [3146], [2202], [195814], [9370], [596], [2475], [51170], [3479], [1282], [83394], [3576], [4167], [10692], [5743], [23411], [3791], [51635], [3586], [3075], [627], [1636], [6347], [406991], [51171], [3553], [6622], [5468], [2986], [5728], [26207], [5243], [9249], [673], [4846], [317668], [114548], [5548], [7852], [4851], [1499], [4137], [3717], [1906], [4313], [1080], [3490], [3952], [8829], [5594], [58473], [3458], [5054], [54719], [2153], [3082], [6647], [3162], [3383], [4233], [1513], [6387], [25946], [406987], [4193], [1432], [5953], [405], [216], [142], [2147], [960], [1545], [5444], [1234], [5599], [3605], [332], [5290], [4879], [10413], [581], [1520], [11277], [7097], [154], [355], [4208], [217], [6427], [3630], [472], [57605], [6512], [1813], [5925], [6667], [5879], [2321], [5176], [3725], [7428], [857], [6696], [3486], [836], [356], [3135], [6648], [2932], [3565], [335], [3480], [10891], [6714], [51738], [5621], [406947], [114902], [27098], [5747], [10452], [2056], [5595], [5027], [2697], [1027], [1559], [324], [1277], [3934], [185], [3667], [84839], [338], [3320], [4282], [861], [6657], [2034], [387], [5781], [1268], [285], [4843], [6662], [3309], [6934], [7276], [196], [7068], [7057], [8878], [3356]]
COATS DISEASE:[[7422], [1283], [1956], [3553], [960], [7012], [6696], [3791], [375056], [7430], [51128], [7019], [3304], [6103], [79991], [80169], [8428], [23418], [8322], [5346], [25913], [56681], [22872], [4253], [8468], [84667]]
Leber's miliary aneurysms:[[]]
Retinal telangiectasis:[[]]
RETINAL TELANGIECTASIS:[[]]
Exudative retinopathy:[[4693], [4041], [7422], [348], [1401], [6347], [3075], [8322], [6648], [3576], [7015], [2944], [2950], [3458], [4313], [2952], [5176], [718], [1471], [24], [23554], [387715], [3240], [7133], [3832], [3611], [7439], [7012], [2621], [23418], [6785]]
Coats syndrome:[[7422], [1956], [3553], [6696], [7019], [3791], [7430], [7012], [6103], [5346], [84667], [80169], [22872], [79991], [8468]]
Miliary aneurysms of retina:[[]]
Coats' Disease:[[7422], [7012], [3791], [6103]]
