Rett syndrome:[[4204], [348], [627], [2290], [3952], [4780], [177], [51738], [1385], [6323], [949], [6792], [3397], [10664], [6925], [246], [1316], [3398], [4208], [6812], [85358], [8243], [3400], [25836], [3399], [1959], [6558], [57468], [3737], [79718], [221037], [6853], [4152], [9568], [1749], [23096], [55660], [5348], [6905], [22854], [5775], [256006]]
Syndrome Rett's:[[4204]]
AUTISM DEMENTIA ATAXIA AND LOSS OF PURPOSEFUL HAND USE:[[]]
Hyperammonemia Cerebroatrophic:[[2746], [4790], [1499], [1373], [10166], [162417], [2660], [5009], [383], [763], [4594], [2752], [3155], [5832], [54968], [123096]]
Retts syndrome:[[]]
Hyperammonemias Cerebroatrophic:[[]]
RTT:[[4204], [627], [3479], [3480], [51738], [1385], [3897], [6792], [6925], [1138], [7067], [2290], [6812], [23186], [10009], [3737], [23096], [5348], [256006]]
Rett's Disorder:[[]]
RTS:[[4204], [55556], [7422], [7015], [595], [2146], [1387], [4869], [7298], [1385], [9401], [79650], [65980], [388015], [65265], [112267992]]
RETT SYNDROME:[[4204], [348], [627], [2290], [3952], [4780], [177], [51738], [1385], [6323], [949], [6792], [3397], [10664], [6925], [246], [1316], [3398], [4208], [6812], [85358], [8243], [3400], [25836], [3399], [1959], [6558], [57468], [3737], [79718], [221037], [6853], [4152], [9568], [1749], [23096], [55660], [5348], [6905], [22854], [5775], [256006]]
Cerebroatrophic hyperammonaemia:[[383], [2746], [54968], [162417]]
Cerebroatrophic hyperammonemia:[[]]
Rett Disorder:[[4152]]
Retts Syndrome:[[]]
RTS - Rett syndrome:[[4204], [1385]]
Rett's syndrome:[[4204]]
Syndrome Rett:[[348], [4204], [2290], [55869], [627], [6792], [3952], [6925], [7337], [6558], [51738], [177], [85358], [4780], [8243], [25836], [6905], [6323], [1959], [79718], [1385], [10664], [949], [6812], [3397], [4208], [2902], [246], [3400], [1316], [6326], [3398], [2562], [3399], [57468], [221037], [547], [3737], [4152], [8869], [6853], [9568], [1749], [23096], [5348], [55660], [22854], [5775], [256006]]
Autism Dementia Ataxia and Loss of Purposeful Hand Use:[[]]
Rett's disorder:[[]]
Autism-Dementia-Ataxia-Loss of Purposeful Hand Use Syndrome:[[]]
Autism Dementia Ataxia Loss of Purposeful Hand Use Syndrome:[[]]
Rett disorder:[[4152]]
