RHABDOID TUMOR:[[6598], [7157], [6597], [1029], [595], [5290], [6696], [2146], [27156], [6790], [4170], [2260], [2305], [5156], [2078], [9131], [57167], [406934], [9734], [5366], [7088], [7004], [63976], [81029], [79605]]
Tumor Rhabdoid:[[6598], [7157], [1029], [6790], [11186], [1030], [6597], [27156], [1956], [3845], [4609], [8314], [2719], [2146], [595], [5290], [6696], [5781], [4869], [5241], [25], [4170], [2260], [5156], [2305], [4893], [8091], [2078], [407006], [3397], [406934], [57167], [7849], [407007], [79727], [389421], [6595], [274], [407975], [9131], [9734], [5366], [26047], [7088], [7004], [5015], [5754], [9074], [63976], [81029], [3429], [79605]]
Rhabdoid sarcoma:[[6598], [3845], [7157], [1956], [6597], [4609], [1029], [595], [65980], [2146], [5290], [6696], [4869], [2078], [2260], [6790], [5241], [5156], [2305], [5781], [25], [4170], [11186], [4893], [1030], [3397], [2719], [7088], [7849], [57167], [389421]]
Malignant rhabdoid tumor:[[6598], [1029], [7157], [595], [5290], [6696], [6597], [2146], [5156], [2260], [6790], [4170], [2305], [2078], [9131], [57167], [9734], [5366], [7088]]
Rhabdoid tumour:[[6598], [7157], [1956], [1029], [3845], [4609], [6597], [595], [5290], [2146], [6696], [11186], [5241], [6790], [5156], [2260], [4869], [2305], [5781], [4170], [8314], [2078], [8091], [407006], [3397], [2719], [7849], [79727], [407007], [406934], [6595], [389421], [7088], [7004]]
RDT:[[6598]]
Malignant rhabdoid tumour:[[6598], [1029], [7157], [1956], [3845], [4609], [595], [5290], [2146], [6597], [6696], [11186], [5156], [5241], [6790], [8314], [2260], [8091], [2305], [4170], [3397], [4869], [5781], [7849], [2078], [407006], [2719], [407007], [79727], [6595], [389421], [7088]]
Tumors Rhabdoid:[[6598], [4609], [7157], [1956], [6597], [1029], [3845], [2146], [595], [5290], [6696], [6790], [5241], [2260], [5156], [11186], [4893], [5781], [4869], [4170], [8091], [2078], [25], [407006], [8314], [27156], [2719], [2305], [57167], [7849], [407007], [1030], [79727], [3397], [6595], [389421], [406934], [274], [407975], [7088], [9734], [5754], [26047], [5015], [9074], [649], [63976], [3429], [65980], [79605]]
Rhabdoid tumors malignant:[[6598], [1029], [1956], [4609], [2146], [11186], [4893], [6790], [25], [4869], [1030], [5781], [3397], [7849], [407006], [2719], [407007], [57167], [79727], [274], [6595], [389421], [26047], [407975], [7088], [5754], [9074], [65980]]
Rhabdoid tumor:[[6598], [7157], [6597], [1029], [595], [5290], [6696], [2146], [27156], [6790], [4170], [2260], [2305], [5156], [2078], [9131], [57167], [406934], [9734], [5366], [7088], [7004], [63976], [81029], [79605]]
