Rheumatic Arthritis Acute:[[3123], [1493], [3559], [3569], [26191], [3117], [3586], [3119], [3663], [6775], [3106], [7124], [7157], [7040], [4282], [1401], [4524], [3553], [1636], [4318], [4790], [4153], [7099], [3458], [7097], [3383], [4210], [3605], [3565], [4846], [3146], [3952], [207], [3135], [114548], [2212], [355], [50943], [4879], [3557], [7412], [3162], [4312], [1432], [6280], [10673], [4314], [2152], [5806], [682], [149233], [3662], [3075], [3596], [2214], [7297], [7172], [6376], [8741], [5747], [112744], [3554], [7100], [6097], [406893], [2220], [1843], [4321], [50604], [2219], [3822], [192343]]
Rheumatisms Inflammatory:[[5360]]
Acute rheumatic attack:[[966], [3569], [7124], [7040], [1401], [3553], [1636], [207], [4846], [4790], [3383], [3458], [3605], [4879], [4210], [3135], [3075], [6280], [10747], [192343]]
ARF - Acute rheumatic fever:[[7124], [7040], [3458]]
Rheumatism Articular Acute:[[]]
Acute rheumatic arthritis:[[]]
ACUTE RHEUMATIC FEVER:[[3569], [7124], [7040], [3586], [3123], [4153], [3383], [3458], [7097], [4282], [3119], [2212], [3117], [2220], [10747], [2219]]
Rheumatism Inflammatory:[[4210], [7132], [407018]]
Rheumatic Fever:[[7124], [7040], [3569], [3586], [3123], [3458], [7097], [3119], [4153], [3383], [4282], [3117], [2212], [2215], [2220], [10747], [2219]]
RhF - Rheumatic fever:[[]]
Rheumatic Arthritides:[[]]
Rheumatic Fevers Acute:[[]]
Rheumatic Arthritis:[[3123], [1493], [26191], [3559], [3117], [3663], [3119], [6775], [3569], [3586], [3106], [871], [7124], [7157], [7040], [4282], [4524], [3553], [1401], [1636], [2212], [4318], [4790], [7099], [7097], [3458], [3605], [4153], [4846], [3146], [3952], [207], [3383], [3135], [3565], [4312], [355], [50943], [4879], [3557], [114548], [1432], [4314], [3662], [7412], [4210], [3162], [6280], [2214], [7297], [10673], [682], [149233], [5806], [3596], [3075], [5747], [2152], [643], [112744], [8741], [2215], [6376], [7172], [3554], [7100], [6097], [1843], [2220], [4321], [406893], [50604], [3601], [2219], [3822], [192343]]
Rheumatic Fevers:[[]]
Rheumatic Arthritides Acute:[[]]
Rheumatic Fever Acute:[[3569], [7124], [7040], [3586], [3123], [4153], [3383], [3458], [7097], [4282], [3119], [2212], [3117], [2220], [10747], [2219]]
Acute rheumatic fever:[[3569], [7124], [7040], [3586], [3123], [4153], [3383], [3458], [7097], [4282], [3119], [2212], [3117], [2220], [10747], [2219]]
Acute rheumatic fever (I00-I02):[[]]
Rheumatisms Acute Articular:[[]]
Rheumatic fever:[[7124], [7040], [3569], [3586], [3123], [3458], [7097], [3119], [4153], [3383], [4282], [3117], [2212], [2215], [2220], [10747], [2219]]
Active rheumatic fever:[[7124], [7040], [3569], [3586], [3458], [3123], [7097], [3383], [4282], [4153], [2212], [10747]]
Acute articular rheumatism:[[]]
Polyarthritis Rheumatica:[[]]
Polyarthritis Rheumaticas:[[]]
