Allergic rhinitis caused by pollen:[[3596], [7124], [3106], [3586], [3576], [3569], [7099], [50943], [4790], [9370], [3107], [3135], [114548], [64127], [90865], [3105], [3567], [958], [2205], [942]]
Seasonal Allergic Rhinitis:[[85480], [3596], [1956], [3576], [9370], [4790], [3135], [3123], [627], [3383], [1493], [3952], [1906], [6037], [1471], [7442], [3269], [6441], [4774], [337], [3702], [120227], [7839], [55540], [1675], [1469]]
Allergic rhinitis due to pollens:[[90865]]
Seasonal allergic rhinitis:[[85480], [3596], [1956], [3576], [9370], [4790], [3135], [3123], [627], [3383], [1493], [3952], [1906], [6037], [1471], [7442], [3269], [6441], [4774], [337], [3702], [120227], [7839], [55540], [1675], [1469]]
Pollinoses:[[]]
Hayfever:[[]]
spasmodic rhinorrhea:[[]]
Pollen Allergies:[[3586], [7099], [50943], [3596], [90865], [3566], [85480], [10392], [6037]]
Spasmodic rhinorrhoea:[[1861], [55145], [10382]]
Pollinosis:[[4318], [3553], [3605], [90865], [718], [3115], [727], [8288]]
Spasmodic rhinorrhea:[[]]
Seasonal allergy:[[3596], [85480], [3123], [9370], [3952], [1493], [3135], [2638], [50964], [6037], [3274]]
Allergy to pollen:[[3596], [3107], [3566], [90865], [85480], [3586], [7124], [3569], [9370], [7099], [3106], [50943], [3105], [3135], [154], [114548], [3578], [2205], [3567], [3122], [912], [967], [6037], [7292], [3274]]
Allergic rhinitis caused by pollens:[[90865]]
Allergic rhinitis due to pollen:[[85480], [3596], [7124], [3106], [3586], [7099], [50943], [3107], [3569], [3576], [9370], [3135], [4790], [90865], [114548], [3566], [64127], [3105], [3567], [6037], [958], [3578], [2205], [7292], [942], [10392], [7293], [3497]]
Seasonal Allergic Rhinitides:[[85480], [3596], [1956], [3576], [9370], [3123], [4790], [627], [3135], [6532], [3952], [3383], [1493], [6696], [1906], [3356], [1471], [7442], [3620], [6037], [3350], [4774], [6441], [3269], [5320], [5627], [337], [4360], [3702], [120227], [3274], [7839], [55540], [1675], [1469]]
Hay fever:[[3119], [90865], [4088], [3559], [85480], [5744], [9173], [2944], [2952], [2950], [7096], [50943], [3596], [10451], [2312], [9021], [22806], [23274], [6493], [134430], [10085], [7145], [84991], [91137], [284110], [65986], [338811], [286046], [26953]]
Hay Fever:[[3119], [90865], [4088], [3559], [85480], [5744], [9173], [2944], [2952], [2950], [7096], [50943], [3596], [10451], [2312], [9021], [22806], [23274], [6493], [134430], [10085], [7145], [84991], [91137], [284110], [65986], [338811], [286046], [26953]]
Pollen Allergy:[[3596], [3107], [3566], [90865], [85480], [3586], [7124], [3569], [9370], [7099], [3106], [50943], [3105], [3135], [154], [114548], [3578], [2205], [3567], [3122], [912], [967], [6037], [7292], [3274]]
