Gangliosidosis G(M2) Type II:[[]]
Type II GM2-Gangliosidoses:[[3074]]
SANDHOFF DISEASE:[[3074], [3073], [6620]]
Sandhoff Jatzkewitz Pilz Disease:[[]]
Sandhoff disease:[[3074], [3073], [6620]]
HEXOSAMINIDASES A AND B DEFICIENCY:[[3074], [3073]]
O variant:[[79068], [1312], [10585], [4846], [348], [7421], [4255], [5468], [4609], [332], [2908], [6696], [3480], [3565], [177], [8743], [10891], [7157], [5429], [80339], [8473], [116519], [6646], [5027], [1029], [5465], [10724], [1375], [7015], [4363], [3014], [1103], [2130], [10062], [4878], [7068], [2120], [23509], [5110], [5621], [4482], [79143], [8694], [80312], [5743], [1386], [55624], [84649], [79888], [56913], [2775], [438], [64840], [5800], [1565], [29954], [4240], [1384], [134], [9227], [4166], [8797], [24140], [54331], [9469], [56983], [51177], [140733], [56339], [10555], [54414], [1956], [5916], [9514], [7124], [3105], [114805], [285203], [117246], [8443], [3091], [57646], [220074], [351], [8605], [10164], [619373], [10162], [7422], [50515], [2091], [51091], [93974], [254531], [154141], [3760], [2099], [55178], [3949], [4790], [23275], [4137], [79172], [23659], [3955], [1499], [10554], [22906], [5723], [84803], [129642], [2064], [3475], [7040], [6917], [4318], [80168], [2263], [207], [64132], [79135], [9653], [28992], [51363], [4582], [627], [10], [54677], [84197], [54947], [9953], [84720], [64131], [160335], [6546], [3586], [5243], [3667], [354], [115294], [90161], [1080], [51451], [63893], [6774], [346606], [1636], [3117], [158835], [51805], [4242], [54936], [79922], [137964], [160418], [7450], [5594], [4153], [6667], [999], [84899], [84892], [64377], [3479], [253558], [3553], [1813], [6622], [2309], [10309], [6532], [5545], [64921], [83539], [56894], [3845], [673], [8534], [221443], [79070], [4313], [335], [9956], [5728], [920], [83857], [23411], [5970], [29126], [596], [5321], [9955], [91801], [2950], [150763], [960], [2146], [2475], [3576], [836]]
Sandhoff Disease:[[3074], [3073], [6620]]
Sandhoff-Jatzkewitz-Pilz Disease:[[]]
GM<sub>2</sub> gangliosidosis type 2:[[]]
Sandhoff's Disease:[[3074]]
GM2-GANGLIOSIDOSIS TYPE II:[[3074]]
Type II GM2-Gangliosidosis:[[3074]]
Hexosaminidases A And B Deficiency:[[3074], [3073]]
Hexosaminidase A and B Deficiency Disease:[[]]
GM2 gangliosidosis type 2:[[3073], [3074], [2760]]
GM2 Gangliosidosis Type 2:[[3073], [3074], [2760]]
Sandhoffs Disease:[[]]
GM>2< gangliosidosis type 2:[[3074]]
Gangliosidosis GM2 Type II:[[3074]]
Total hexosaminidase deficiency:[[3073], [3074], [5071], [2720]]
Hexosaminidase A AND B deficiency:[[3073], [3074]]
