Schaumann Disease:[[]]
Sarcoidosis unspecified:[[7124], [7422], [7040], [1026], [5743], [5468], [3091], [64127], [7421], [4088], [572], [3791], [355], [6772], [4087], [581], [2321], [4792], [2335], [3559], [1385], [8202], [7133], [2149], [3566], [4092], [7297], [8754], [3560], [8997]]
SS1:[[3123], [7040], [3553], [4780], [3688], [3146], [6714], [3757], [682], [2260], [7046], [153], [4684], [1281], [467], [727], [407029], [58191], [3589], [8766], [406967], [2925], [56913], [6751], [8425], [6274]]
SARCOIDOSIS SUSCEPTIBILITY TO 1:[[3123], [3106], [3119], [64127], [5468], [3117], [3586], [1401], [6347], [5133], [4582], [3458], [1378], [7422], [1234], [7040], [4049], [3559], [1636], [7124], [3566], [3553], [149233], [3115], [56244], [7097], [90865], [846], [3569], [942], [3091], [1116], [941], [2944], [355], [6556], [6772], [6348], [26585], [3606], [7421], [8809], [7297], [4316], [2335], [6401], [1277], [5444], [29126], [25824], [2212], [2952], [6696], [1493], [7133], [1026], [185], [3575], [4312], [7096], [23405], [4088], [2321], [5741], [10891], [3791], [958], [729230], [10673], [2215], [1969], [1385], [4615], [1118], [4092], [3135], [10392], [2149], [3663], [7098], [26762], [4477], [7018], [7099], [4792], [8202], [3439], [6346], [6869], [100196919], [6351], [7356], [5743], [6362], [1080], [177], [54106], [3305], [1215], [4360], [7450], [3605], [4318], [4879], [1520], [8074], [2214], [311], [50943], [4282], [406938], [4210], [30009], [407040], [929], [5443], [10333], [3627], [3958], [84868], [727897], [81793], [59272], [29851], [6279], [406947], [283234], [581], [51284], [102723878], [3934], [3560], [100133941], [4087], [6441], [6288], [653509], [9103], [820], [6361], [2833], [407008], [51715], [23765], [6374], [406942], [29102], [3440], [8754], [256815], [10148], [3451], [84818], [3446], [192343]]
Sarcoidoses:[[]]
Darier-Roussy sarcoid:[[]]
Sarcoid Boeck's:[[7422], [3091], [1026], [6280], [149233], [6279], [659], [56244], [51147]]
Sarcoidosis:[[3123], [7124], [56244], [1636], [7422], [7040], [3569], [3458], [3586], [5743], [7099], [64127], [3091], [1401], [3553], [7097], [4318], [7421], [5468], [6347], [1080], [3106], [3119], [3605], [29126], [572], [2944], [50943], [3606], [5444], [1234], [100196919], [4879], [6696], [1026], [2952], [355], [1493], [5133], [311], [3135], [54106], [929], [7450], [177], [6772], [185], [4282], [3627], [4582], [3958], [4312], [3934], [3791], [581], [7098], [406938], [2321], [4049], [1277], [406947], [2335], [10673], [10891], [3559], [8074], [407040], [4088], [59272], [3117], [25824], [2214], [90865], [846], [958], [4210], [6280], [1116], [1385], [23405], [2212], [4792], [7133], [820], [4316], [4615], [729230], [149233], [5741], [6401], [4087], [3371], [84868], [3115], [2149], [7018], [3566], [3575], [1378], [1118], [1969], [51284], [6279], [100133941], [6288], [8202], [5443], [3439], [2833], [4092], [6441], [407008], [6556], [1281], [3663], [6348], [2215], [6869], [26762], [10392], [7356], [406942], [653509], [30009], [727897], [942], [6362], [941], [29851], [1520], [6351], [6361], [7033], [50801], [7096], [7297], [26585], [29102], [6374], [3440], [3561], [1215], [4360], [8754], [3560], [10333], [4477], [3305], [56834], [3682], [81793], [23765], [54739], [8809], [3500], [283234], [10148], [6346], [8997], [3514], [131450], [51715], [3451], [3446], [9103], [84818], [256815], [27299], [102723878], [115350], [192343]]
Boeck Disease:[[1493], [5979], [64127], [11315], [351], [8792], [348], [5071], [1910], [3064], [3586], [6774], [3123], [1029], [6622], [4137], [540], [5310], [3717], [6347], [24], [1201], [6387], [3119], [120892], [335], [7450], [5621], [7422], [3569], [338], [5311], [3949], [3107], [4287], [19], [4023], [5664], [57623], [1071], [3558], [4314], [255738], [4088], [356], [3117], [26191], [1191], [653361], [1586], [958], [26503], [1401], [2629], [4018], [3593], [116519], [6927], [4688], [729230], [3106], [864], [3570], [80339], [7415], [6597], [2244], [59067], [345], [8651], [3115], [10577], [149233], [5314], [6261], [3592], [7957], [1030], [28], [10320], [1234], [3659], [246778], [3990], [4041], [1378], [100048912], [3077], [3383], [6775], [5376], [9173], [2161], [55600], [26058], [7439], [1138], [4361], [4582], [7369], [1956], [1282], [3122], [6653], [4747], [51752], [7124], [4359], [538], [55054], [1136], [6311], [5663], [3931], [3992], [2646], [6584], [337], [9966], [4321], [56606], [217], [1235], [274], [5734], [2524], [7040], [341], [7292], [3953], [4524], [1232], [6272], [5966], [5771], [2308], [54901], [4068], [7332], [8878], [3562], [100507436], [9388], [3084], [2099], [10452], [3559], [6583], [5328], [8301], [1636], [3635], [4693], [1230], [2212], [945], [4318], [29881], [9370], [5243], [367], [4790], [7128], [7421], [64241], [54332], [6403], [1373], [7077], [4846], [94103], [51085], [2243], [10019], [345611], [7015], [4311], [2581], [10221], [56731], [7840], [2876], [940], [6606], [60468], [3595], [2266], [50941], [100359403], [3458], [221692], [10347], [3658], [3133], [2904], [64478], [1394], [64170], [64399], [5594]]
Besnier Boeck Disease:[[]]
Besnier Boeck Schaumann Syndrome:[[3757], [1280], [114548], [3753], [2074], [7157], [348], [1281], [51085], [546], [80184], [7466], [3845], [673], [8481], [5728], [8195], [7486], [641], [2706], [2317], [4292], [91147], [8626], [1540], [4000], [54658], [1161], [7490], [2033], [6331], [4023], [1071], [5781], [4436], [2263], [3643], [7291], [3784], [2261], [2260], [582], [10806], [8085], [10083], [367], [4683], [207], [84062], [3123], [7468], [4647], [4952], [2200], [1029], [7399], [4810], [201163], [2969], [10804], [6949], [7227], [2492], [775], [7840], [2316], [5428], [3730], [5080], [585], [1278], [54487], [5604], [55612], [2121], [811], [5290], [132884], [4281], [116442], [84100], [2812], [5077], [64127], [79068], [6663], [783], [338], [57167], [1130], [9968], [2332], [1277], [3990], [10743], [7456], [19], [2122], [3265], [6737], [84059], [6741], [3481], [6513], [4089], [23111], [2646], [356], [1285], [1387], [26585], [8976], [7504], [1827], [331], [23405], [9401], [65217], [4893], [672], [4692], [9569], [5894], [4277], [6774], [3117], [1401], [1788], [7401], [7128], [3570], [545], [10163], [583], [10682], [124590], [129880], [54808], [27241], [2138], [79738], [4137], [2475], [60], [3897], [5159], [1364], [8091], [5885], [79803], [2811], [2956], [9993], [5460], [4286], [675], [3717], [8220], [80144], [80025], [999], [3973], [79621], [4193], [64135], [1145], [55212], [2645], [27031], [4851], [1493], [10535], [2131], [1910], [7122], [9031], [4853], [1134], [2146], [100188856], [355], [50943], [105259599], [2153], [9652], [10908], [3664], [7020], [8214], [5308], [10062], [8517], [5076], [27019], [5189], [5395], [1287], [1906], [25825], [3759]]
Boeck's sarcoidosis:[[3123], [7124], [56244], [1636], [7422], [7040], [3569], [3458], [3586], [5743], [7099], [64127], [3091], [1401], [3553], [7097], [4318], [7421], [5468], [6347], [1080], [3106], [3119], [3605], [29126], [572], [2944], [50943], [3606], [5444], [1234], [100196919], [4879], [6696], [1026], [2952], [355], [1493], [5133], [311], [3135], [54106], [929], [7450], [177], [6772], [185], [4282], [3627], [4582], [3958], [4312], [3934], [3791], [581], [7098], [406938], [2321], [4049], [1277], [406947], [2335], [10673], [10891], [3559], [8074], [407040], [4088], [59272], [3117], [25824], [2214], [90865], [846], [958], [4210], [6280], [1116], [1385], [23405], [2212], [4792], [7133], [820], [4316], [4615], [729230], [149233], [5741], [6401], [4087], [3371], [84868], [3115], [2149], [7018], [3566], [3575], [1378], [1118], [1969], [51284], [6279], [100133941], [6288], [8202], [5443], [3439], [2833], [4092], [6441], [407008], [6556], [1281], [3663], [6348], [2215], [6869], [26762], [10392], [7356], [406942], [653509], [30009], [727897], [942], [6362], [941], [29851], [1520], [6351], [6361], [7033], [50801], [7096], [7297], [26585], [29102], [6374], [3440], [3561], [1215], [4360], [8754], [3560], [10333], [4477], [3305], [56834], [3682], [81793], [23765], [54739], [8809], [3500], [283234], [10148], [6346], [8997], [3514], [131450], [51715], [3451], [3446], [9103], [84818], [256815], [27299], [102723878], [115350], [192343]]
Lupus pernio of Besnier:[[5133], [7100], [3123], [7128], [2113], [3684], [3663], [6775], [2547], [7124], [7520], [7292], [6741], [9474], [7332], [10318], [640], [10320], [3117], [5156], [1493], [23534], [7157], [11277], [26191], [7422], [3569], [7040], [960], [1813], [2212], [639], [2099], [3586], [1636], [1401], [7421], [3553], [3918], [1027], [9370], [7099], [4846], [4318], [4524], [348], [4049], [3458], [23418], [1956], [10665], [55024], [51062], [207], [2213], [1234], [6347], [3605], [259266], [6774], [627], [64695], [2475], [3146], [3952], [406991], [57661], [355], [50943], [2165], [3606], [4790], [3135], [29126], [2078], [5243], [367], [57705], [5444], [3119], [3576], [596], [4153], [2690], [5728], [3091], [3934], [5054], [404714], [1380], [406938], [5468], [2908], [7097], [7852], [6696], [1499], [3845], [22803], [4204], [25939], [1026], [3118], [4313], [54106], [3558], [920], [3383], [5743], [2944], [3665], [1773], [9232], [170682], [3106], [6387], [3479], [114548], [3565], [718], [941], [6532], [8743], [51199], [1997], [3075], [1445], [4282], [999], [4193], [81494], [3627], [959], [3717], [958], [7515], [51176], [23411], [2147], [5806], [4780], [10673], [282849], [192679], [192677], [100379200], [100322878], [100196918], [100190928], [100188804], [100188803], [100188798], [60485], [2952], [3120], [6647], [3162], [6772], [3557], [3559], [5594], [4851], [836], [25780], [3105], [406947], [2214], [177], [356], [2950], [1786], [6352], [59067], [59269], [7412], [4855], [121260], [2153], [5592], [4982], [183], [142], [185], [51738], [1557], [56729], [4821], [7133], [2146], [3394], [2100], [7132], [1543], [54899], [10], [6648], [5617], [2321], [3480], [3791]]
sarcoidosis:[[3123], [7124], [56244], [1636], [7422], [7040], [3569], [3458], [3586], [5743], [7099], [64127], [3091], [1401], [3553], [7097], [4318], [7421], [5468], [6347], [1080], [3106], [3119], [3605], [29126], [572], [2944], [50943], [3606], [5444], [1234], [100196919], [4879], [6696], [1026], [2952], [355], [1493], [5133], [311], [3135], [54106], [929], [7450], [177], [6772], [185], [4282], [3627], [4582], [3958], [4312], [3934], [3791], [581], [7098], [406938], [2321], [4049], [1277], [406947], [2335], [10673], [10891], [3559], [8074], [407040], [4088], [59272], [3117], [25824], [2214], [90865], [846], [958], [4210], [6280], [1116], [1385], [23405], [2212], [4792], [7133], [820], [4316], [4615], [729230], [149233], [5741], [6401], [4087], [3371], [84868], [3115], [2149], [7018], [3566], [3575], [1378], [1118], [1969], [51284], [6279], [100133941], [6288], [8202], [5443], [3439], [2833], [4092], [6441], [407008], [6556], [1281], [3663], [6348], [2215], [6869], [26762], [10392], [7356], [406942], [653509], [30009], [727897], [942], [6362], [941], [29851], [1520], [6351], [6361], [7033], [50801], [7096], [7297], [26585], [29102], [6374], [3440], [3561], [1215], [4360], [8754], [3560], [10333], [4477], [3305], [56834], [3682], [81793], [23765], [54739], [8809], [3500], [283234], [10148], [6346], [8997], [3514], [131450], [51715], [3451], [3446], [9103], [84818], [256815], [27299], [102723878], [115350], [192343]]
Schaumann's Syndromes:[[7157], [7124], [7040], [1471], [3569], [56983], [7422], [5728], [4879], [1401], [3091], [6774], [3586], [3845], [4524], [7099], [3123], [4790], [672], [4318], [5243], [207], [351], [6532], [8626], [9370], [367], [673], [7421], [3553], [1029], [1557], [3106], [4846], [2475], [3717], [3479], [5290], [596], [3952], [7015], [7852], [4609], [3458], [675], [4137], [999], [3417], [114548], [29126], [3162], [5979], [2146], [5594], [2944], [472], [595], [4193], [3605], [7490], [1493], [2263], [861], [6347], [1026], [335], [332], [5781], [4149], [7450], [2952], [406991], [23411], [4000], [960], [1813], [6387], [3146], [3119], [3077], [3815], [7515], [1565], [6331], [4869], [355], [2932], [1432], [3480], [183], [2322], [142], [3690], [5133], [836], [4282], [1543], [406938], [3784], [3958], [2261], [5595], [3043], [4312], [8743], [2152], [7428], [3557], [3757], [338], [5747], [4893], [4255], [54658], [3265], [929], [54790], [4353], [2332], [1277], [4843], [11093], [3320], [6323], [3039], [406947], [2068], [5265], [7132], [6280], [54106], [1071], [4436], [2260], [23451], [11200], [2778], [1869], [8074], [56729], [3953], [4128], [1788], [3486], [4170], [57817], [3418], [4089], [959], [3643], [3627], [958], [255738], [7291], [5329], [26191], [3198], [2309], [2200], [1387], [9518], [1786], [4763], [4297], [7137], [4615], [1457], [7139], [1116], [116519], [5465], [1385], [2896], [5027], [3559], [3667], [4018], [811], [6390], [2022], [2212], [6794], [2316], [2056], [947], [203228], [5428], [4792], [1050], [268], [3689], [1958], [2214], [6392], [11315], [9212], [7442], [3014], [6786], [6335]]
SARCOIDOSIS:[[3123], [7124], [56244], [1636], [7422], [7040], [3569], [3458], [3586], [5743], [7099], [64127], [3091], [1401], [3553], [7097], [4318], [7421], [5468], [6347], [1080], [3106], [3119], [3605], [29126], [572], [2944], [50943], [3606], [5444], [1234], [100196919], [4879], [6696], [1026], [2952], [355], [1493], [5133], [311], [3135], [54106], [929], [7450], [177], [6772], [185], [4282], [3627], [4582], [3958], [4312], [3934], [3791], [581], [7098], [406938], [2321], [4049], [1277], [406947], [2335], [10673], [10891], [3559], [8074], [407040], [4088], [59272], [3117], [25824], [2214], [90865], [846], [958], [4210], [6280], [1116], [1385], [23405], [2212], [4792], [7133], [820], [4316], [4615], [729230], [149233], [5741], [6401], [4087], [3371], [84868], [3115], [2149], [7018], [3566], [3575], [1378], [1118], [1969], [51284], [6279], [100133941], [6288], [8202], [5443], [3439], [2833], [4092], [6441], [407008], [6556], [1281], [3663], [6348], [2215], [6869], [26762], [10392], [7356], [406942], [653509], [30009], [727897], [942], [6362], [941], [29851], [1520], [6351], [6361], [7033], [50801], [7096], [7297], [26585], [29102], [6374], [3440], [3561], [1215], [4360], [8754], [3560], [10333], [4477], [3305], [56834], [3682], [81793], [23765], [54739], [8809], [3500], [283234], [10148], [6346], [8997], [3514], [131450], [51715], [3451], [3446], [9103], [84818], [256815], [27299], [102723878], [115350], [192343]]
Besnier-Boeck Disease:[[]]
Miliary lupoid of Boeck:[[]]
Besnier-Boeck-Schaumann syndrome:[[3757], [1280], [114548], [3753], [2074], [7157], [348], [1281], [51085], [546], [80184], [7466], [3845], [673], [8481], [5728], [8195], [7486], [641], [2706], [2317], [4292], [91147], [8626], [1540], [4000], [54658], [1161], [7490], [2033], [6331], [4023], [1071], [5781], [4436], [2263], [3643], [7291], [3784], [2261], [2260], [582], [10806], [8085], [10083], [367], [4683], [207], [84062], [3123], [7468], [4647], [4952], [2200], [1029], [7399], [4810], [201163], [2969], [10804], [6949], [7227], [2492], [775], [7840], [2316], [5428], [3730], [5080], [585], [1278], [54487], [5604], [55612], [2121], [811], [5290], [132884], [4281], [116442], [84100], [2812], [5077], [64127], [79068], [6663], [783], [338], [57167], [1130], [9968], [2332], [1277], [3990], [10743], [7456], [19], [2122], [3265], [6737], [84059], [6741], [3481], [6513], [4089], [23111], [2646], [356], [1285], [1387], [26585], [8976], [7504], [1827], [331], [23405], [9401], [65217], [4893], [672], [4692], [9569], [5894], [4277], [6774], [3117], [1401], [1788], [7401], [7128], [3570], [545], [10163], [583], [10682], [124590], [129880], [54808], [27241], [2138], [79738], [4137], [2475], [60], [3897], [5159], [1364], [8091], [5885], [79803], [2811], [2956], [9993], [5460], [4286], [675], [3717], [8220], [80144], [80025], [999], [3973], [79621], [4193], [64135], [1145], [55212], [2645], [27031], [4851], [1493], [10535], [2131], [1910], [7122], [9031], [4853], [1134], [2146], [100188856], [355], [50943], [105259599], [2153], [9652], [10908], [3664], [7020], [8214], [5308], [10062], [8517], [5076], [27019], [5189], [5395], [1287], [1906], [25825], [3759]]
Boeck Sarcoid:[[]]
Boeck's sarcoid:[[]]
Boecks Disease:[[1493], [5979], [64127], [11315], [351], [8792], [348], [5071], [1910], [3064], [3586], [6774], [3123], [1029], [6622], [4137], [540], [5310], [3717], [6347], [24], [1201], [6387], [3119], [120892], [335], [7450], [5621], [7422], [3569], [338], [5311], [3949], [3107], [4287], [19], [4023], [5664], [57623], [1071], [3558], [4314], [255738], [4088], [356], [3117], [26191], [1191], [653361], [1586], [958], [26503], [1401], [2629], [4018], [3593], [116519], [6927], [4688], [729230], [3106], [864], [3570], [80339], [7415], [6597], [2244], [59067], [345], [8651], [3115], [10577], [149233], [5314], [6261], [3592], [7957], [1030], [28], [10320], [1234], [3659], [246778], [3990], [4041], [1378], [100048912], [3077], [3383], [6775], [5376], [9173], [2161], [55600], [26058], [7439], [1138], [4361], [4582], [7369], [1956], [1282], [3122], [6653], [4747], [51752], [7124], [4359], [538], [55054], [1136], [6311], [5663], [3931], [3992], [2646], [6584], [337], [9966], [4321], [56606], [217], [1235], [274], [5734], [2524], [7040], [341], [7292], [3953], [4524], [1232], [6272], [5966], [5771], [2308], [54901], [4068], [7332], [8878], [3562], [100507436], [9388], [3084], [2099], [10452], [3559], [6583], [5328], [8301], [1636], [3635], [4693], [1230], [2212], [945], [4318], [29881], [9370], [5243], [367], [4790], [7128], [7421], [64241], [54332], [6403], [1373], [7077], [4846], [94103], [51085], [2243], [10019], [345611], [7015], [4311], [2581], [10221], [56731], [7840], [2876], [940], [6606], [60468], [3595], [2266], [50941], [100359403], [3458], [221692], [10347], [3658], [3133], [2904], [64478], [1394], [64170], [64399], [5594]]
Syndrome Besnier-Boeck-Schaumann:[[3757], [1280], [114548], [3753], [2074], [7157], [348], [1281], [51085], [546], [80184], [7466], [3845], [673], [8481], [5728], [8195], [7486], [641], [2706], [2317], [4292], [91147], [8626], [1540], [4000], [54658], [1161], [7490], [2033], [6331], [4023], [1071], [5781], [4436], [2263], [3643], [7291], [3784], [2261], [2260], [582], [10806], [8085], [10083], [367], [4683], [207], [84062], [3123], [7468], [4647], [4952], [2200], [1029], [7399], [4810], [201163], [2969], [10804], [6949], [7227], [2492], [775], [7840], [2316], [5428], [3730], [5080], [585], [1278], [54487], [5604], [55612], [2121], [811], [5290], [132884], [4281], [116442], [84100], [2812], [5077], [64127], [79068], [6663], [783], [338], [57167], [1130], [9968], [2332], [1277], [3990], [10743], [7456], [19], [2122], [3265], [6737], [84059], [6741], [3481], [6513], [4089], [23111], [2646], [356], [1285], [1387], [26585], [8976], [7504], [1827], [331], [23405], [9401], [65217], [4893], [672], [4692], [9569], [5894], [4277], [6774], [3117], [1401], [1788], [7401], [7128], [3570], [545], [10163], [583], [10682], [124590], [129880], [54808], [27241], [2138], [79738], [4137], [2475], [60], [3897], [5159], [1364], [8091], [5885], [79803], [2811], [2956], [9993], [5460], [4286], [675], [3717], [8220], [80144], [80025], [999], [3973], [79621], [4193], [64135], [1145], [55212], [2645], [27031], [4851], [1493], [10535], [2131], [1910], [7122], [9031], [4853], [1134], [2146], [100188856], [355], [50943], [105259599], [2153], [9652], [10908], [3664], [7020], [8214], [5308], [10062], [8517], [5076], [27019], [5189], [5395], [1287], [1906], [25825], [3759]]
Syndrome Schaumann's:[[3757], [1280], [114548], [3753], [2074], [7157], [348], [1281], [51085], [546], [80184], [7466], [3845], [673], [8481], [5728], [8195], [7486], [641], [2706], [2317], [4292], [91147], [8626], [1540], [4000], [54658], [1161], [7490], [2033], [6331], [4023], [1071], [5781], [4436], [2263], [3643], [7291], [3784], [2261], [2260], [582], [10806], [8085], [10083], [367], [4683], [207], [84062], [3123], [7468], [4647], [4952], [2200], [1029], [7399], [4810], [201163], [2969], [10804], [6949], [7227], [2492], [775], [7840], [2316], [5428], [3730], [5080], [585], [1278], [54487], [5604], [55612], [2121], [811], [5290], [132884], [4281], [116442], [84100], [2812], [5077], [64127], [79068], [6663], [783], [338], [57167], [1130], [9968], [2332], [1277], [3990], [10743], [7456], [19], [2122], [3265], [6737], [84059], [6741], [3481], [6513], [4089], [23111], [2646], [356], [1285], [1387], [26585], [8976], [7504], [1827], [331], [23405], [9401], [65217], [4893], [672], [4692], [9569], [5894], [4277], [6774], [3117], [1401], [1788], [7401], [7128], [3570], [545], [10163], [583], [10682], [124590], [129880], [54808], [27241], [2138], [79738], [4137], [2475], [60], [3897], [5159], [1364], [8091], [5885], [79803], [2811], [2956], [9993], [5460], [4286], [675], [3717], [8220], [80144], [80025], [999], [3973], [79621], [4193], [64135], [1145], [55212], [2645], [27031], [4851], [1493], [10535], [2131], [1910], [7122], [9031], [4853], [1134], [2146], [100188856], [355], [50943], [105259599], [2153], [9652], [10908], [3664], [7020], [8214], [5308], [10062], [8517], [5076], [27019], [5189], [5395], [1287], [1906], [25825], [3759]]
Syndrome Schaumann:[[3757], [1280], [114548], [3753], [2074], [7157], [348], [1281], [51085], [546], [80184], [7466], [3845], [673], [8481], [5728], [8195], [7486], [641], [2706], [2317], [4292], [91147], [8626], [1540], [4000], [54658], [1161], [7490], [2033], [6331], [4023], [1071], [5781], [4436], [2263], [3643], [7291], [3784], [2261], [2260], [582], [10806], [8085], [10083], [367], [4683], [207], [84062], [3123], [7468], [4647], [4952], [2200], [1029], [7399], [4810], [201163], [2969], [10804], [6949], [7227], [2492], [775], [7840], [2316], [5428], [3730], [5080], [585], [1278], [54487], [5604], [55612], [2121], [811], [5290], [132884], [4281], [116442], [84100], [2812], [5077], [64127], [79068], [6663], [783], [338], [57167], [1130], [9968], [2332], [1277], [3990], [10743], [7456], [19], [2122], [3265], [6737], [84059], [6741], [3481], [6513], [4089], [23111], [2646], [356], [1285], [1387], [26585], [8976], [7504], [1827], [331], [23405], [9401], [65217], [4893], [672], [4692], [9569], [5894], [4277], [6774], [3117], [1401], [1788], [7401], [7128], [3570], [545], [10163], [583], [10682], [124590], [129880], [54808], [27241], [2138], [79738], [4137], [2475], [60], [3897], [5159], [1364], [8091], [5885], [79803], [2811], [2956], [9993], [5460], [4286], [675], [3717], [8220], [80144], [80025], [999], [3973], [79621], [4193], [64135], [1145], [55212], [2645], [27031], [4851], [1493], [10535], [2131], [1910], [7122], [9031], [4853], [1134], [2146], [100188856], [355], [50943], [105259599], [2153], [9652], [10908], [3664], [7020], [8214], [5308], [10062], [8517], [5076], [27019], [5189], [5395], [1287], [1906], [25825], [3759]]
BOECK SARCOID:[[]]
Boecks Sarcoid:[[]]
Benign lymphogranulomatosis of Schaumann:[[7157], [7422], [1956], [7040], [3569], [4318], [367], [673], [1029], [7080], [5728], [5743], [7124], [3845], [2099], [1499], [2064], [348], [7421], [3479], [596], [3091], [595], [207], [999], [332], [406991], [3785], [1636], [672], [3553], [112476], [2146], [3586], [351], [4582], [4313], [3576], [3958], [7015], [6774], [627], [3123], [4790], [1080], [5290], [4288], [2944], [9370], [1401], [4846], [6387], [4193], [7099], [1312], [3815], [6622], [5468], [3952], [6532], [8626], [7852], [4609], [4233], [4352], [338411], [81865], [80870], [2475], [6347], [3605], [2952], [29126], [6326], [2950], [6696], [354], [5925], [5054], [5444], [1234], [3717], [4780], [8056], [100313948], [100271922], [8181], [1285], [6647], [23411], [960], [4851], [2100], [8647], [6513], [1026], [4879], [3265], [1027], [7515], [5979], [5970], [51738], [2247], [581], [1493], [3105], [3135], [3786], [2321], [3162], [7428], [94025], [154], [857], [3486], [355], [50943], [3606], [4292], [1576], [1588], [1286], [120892], [5747], [3949], [1906], [238], [27032], [3480], [10413], [3082], [7490], [324], [142], [3934], [6714], [3791], [3690], [5133], [836], [5621], [406947], [1543], [8091], [3417], [6334], [54658], [4312], [6716], [2033], [7076], [1471], [185], [3481], [3557], [846], [338], [8842], [5265], [2335], [5241], [54106], [5460], [406938], [10406], [2261], [23435], [4843], [3309], [331], [3953], [4869], [3552], [7276], [3757], [5347], [3320], [282617], [3643], [3039], [213], [3064], [682], [7291], [7161], [3784], [10135], [5329], [4436], [7316], [3065], [1950], [1387], [1803], [6352], [5328], [1191], [11093], [11186]]
Boeck's Disease:[[1493], [5979], [64127], [11315], [351], [8792], [348], [5071], [1910], [3064], [3586], [6774], [3123], [1029], [6622], [4137], [540], [5310], [3717], [6347], [24], [1201], [6387], [3119], [120892], [335], [7450], [5621], [7422], [3569], [338], [5311], [3949], [3107], [4287], [19], [4023], [5664], [57623], [1071], [3558], [4314], [255738], [4088], [356], [3117], [26191], [1191], [653361], [1586], [958], [26503], [1401], [2629], [4018], [3593], [116519], [6927], [4688], [729230], [3106], [864], [3570], [80339], [7415], [6597], [2244], [59067], [345], [8651], [3115], [10577], [149233], [5314], [6261], [3592], [7957], [1030], [28], [10320], [1234], [3659], [246778], [3990], [4041], [1378], [100048912], [3077], [3383], [6775], [5376], [9173], [2161], [55600], [26058], [7439], [1138], [4361], [4582], [7369], [1956], [1282], [3122], [6653], [4747], [51752], [7124], [4359], [538], [55054], [1136], [6311], [5663], [3931], [3992], [2646], [6584], [337], [9966], [4321], [56606], [217], [1235], [274], [5734], [2524], [7040], [341], [7292], [3953], [4524], [1232], [6272], [5966], [5771], [2308], [54901], [4068], [7332], [8878], [3562], [100507436], [9388], [3084], [2099], [10452], [3559], [6583], [5328], [8301], [1636], [3635], [4693], [1230], [2212], [945], [4318], [29881], [9370], [5243], [367], [4790], [7128], [7421], [64241], [54332], [6403], [1373], [7077], [4846], [94103], [51085], [2243], [10019], [345611], [7015], [4311], [2581], [10221], [56731], [7840], [2876], [940], [6606], [60468], [3595], [2266], [50941], [100359403], [3458], [221692], [10347], [3658], [3133], [2904], [64478], [1394], [64170], [64399], [5594]]
