Schistosomiasis due to schistosoma haematobium:[[]]
Schistosomiasis of bladder:[[4609], [7040], [7422], [3569], [2064], [7124], [3586], [348], [596], [6347], [3553], [6696], [3458], [1493], [3383], [3596], [3605], [1234], [1432], [3565], [90865], [406938], [2152], [1490], [100507436], [84868], [51561], [3875], [6778], [149233], [1890], [3567], [655], [6348], [4345], [2208], [871], [407048], [3598], [79109], [131450], [693124]]
Vesical schistosomiasis:[[]]
Schistosoma haematobia Infections:[[]]
Bladder schistosomiasis:[[4609], [7040], [7422], [3569], [2064], [7124], [3586], [348], [596], [6347], [3553], [6696], [3458], [1493], [3383], [3596], [3605], [1234], [1432], [3565], [90865], [406938], [2152], [1490], [100507436], [84868], [51561], [3875], [6778], [149233], [1890], [3567], [655], [6348], [4345], [2208], [871], [407048], [3598], [79109], [131450], [693124]]
Schistosoma haematobium infection:[[6648], [1728]]
Schistosomiasis haematobia:[[3596]]
Schistosomiasis haematobium:[[]]
Bilharzial cystitis:[[7157]]
Cystitis with bilharziasis:[[7157]]
Schistosoma haematobia Infection:[[3596]]
