Systemic Scleroses Diffuse:[[]]
Sudden Onset Scleroderma:[[3569], [7422], [7124], [7273], [1401], [3123], [4879], [3119], [4000], [1906], [6347], [4312], [4282], [3383], [3552], [2200], [1482]]
Diffuse Cutaneous Systemic Sclerosis:[[3119], [3106], [7422], [7157], [3553], [3569], [7124], [3586], [6774], [7040], [29126], [4790], [5133], [3557], [596], [1499], [7099], [3091], [4318], [207], [50943], [5743], [7421], [4313], [4582], [2099], [7852], [9370], [3576], [355], [5243], [1493], [6347], [3552], [3717], [3479], [4282], [5468], [23411], [2944], [4233], [3383], [5594], [3725], [4780], [54106], [7515], [7097], [857], [472], [2952], [387], [3958], [2950], [581], [3135], [5595], [406947], [3565], [10413], [142], [3559], [3627], [2625], [1490], [3662], [7150], [3620], [1803], [9518], [3953], [9332], [4204], [958], [10673], [718], [5156], [1786], [59067], [2313], [4854], [729230], [85480], [358], [84868], [1236], [7077], [3066], [2833], [3574], [9232], [54210], [1021], [931], [3654], [58191], [467], [4321], [6752], [6362], [2191], [29851], [6957], [4176], [1380], [6374], [8764], [9547], [3598], [23308], [6375], [375704]]
Diffuse cutaneous scleroderma:[[7422], [7124], [3569], [7040], [3119], [1499], [7099], [207], [3091], [5728], [406991], [9370], [355], [5970], [3383], [6347], [4282], [3135], [1493], [857], [3552], [3627], [2033], [1490], [3953], [1803], [5156], [9332], [7057], [947], [6362], [8607], [10856], [192343]]
Diffuse cutaneous systemic sclerosis:[[3119], [3106], [7422], [7157], [3553], [3569], [7124], [3586], [6774], [7040], [29126], [4790], [5133], [3557], [596], [1499], [7099], [3091], [4318], [207], [50943], [5743], [7421], [4313], [4582], [2099], [7852], [9370], [3576], [355], [5243], [1493], [6347], [3552], [3717], [3479], [4282], [5468], [23411], [2944], [4233], [3383], [5594], [3725], [4780], [54106], [7515], [7097], [857], [472], [2952], [387], [3958], [2950], [581], [3135], [5595], [406947], [3565], [10413], [142], [3559], [3627], [2625], [1490], [3662], [7150], [3620], [1803], [9518], [3953], [9332], [4204], [958], [10673], [718], [5156], [1786], [59067], [2313], [4854], [729230], [85480], [358], [84868], [1236], [7077], [3066], [2833], [3574], [9232], [54210], [1021], [931], [3654], [58191], [467], [4321], [6752], [6362], [2191], [29851], [6957], [4176], [1380], [6374], [8764], [9547], [3598], [23308], [6375], [375704]]
PSS - Progressive systemic sclerosis:[[]]
Diffuse systemic sclerosis:[[3119], [7422], [3553], [3569], [7157], [3106], [7040], [7124], [3586], [6774], [3557], [4790], [7128], [3394], [10318], [29126], [596], [1499], [207], [2475], [4318], [3091], [1401], [7852], [2099], [5133], [7421], [9370], [1493], [5243], [6347], [4582], [3576], [332], [5743], [7099], [50943], [3552], [4313], [5468], [3717], [3479], [23411], [4233], [2944], [472], [4282], [4780], [387], [3725], [3383], [857], [5594], [355], [3146], [2952], [7515], [7097], [2950], [3135], [3565], [3958], [581], [836], [406947], [5595], [10413], [142], [3627], [1490], [54106], [406938], [2200], [9518], [3953], [2214], [4204], [958], [10673], [7048], [7150], [5156], [3620], [1803], [1786], [59067], [255738], [7291], [2625], [718], [6469], [4854], [3559], [2313], [3662], [3308], [7046], [729230], [6382], [84868], [3570], [7077], [85480], [9332], [3066], [358], [1236], [5788], [7486], [23410], [639], [7042], [3574], [975], [2833], [25937], [6441], [9232], [54210], [1021], [8741], [3578], [3654], [58191], [467], [931], [6752], [6362], [930], [727897], [4283], [9475], [3811], [29851], [2191], [4321], [4176], [653361], [1380], [6374], [3604], [8764], [6957], [23135], [3687], [6373], [3598], [9547], [965], [1009], [23308], [6375], [55024], [11128], [375704]]
Systemic Sclerosis Diffuse:[[3119], [7422], [3553], [3569], [7157], [3106], [7040], [7124], [3586], [6774], [3557], [4790], [7128], [3394], [10318], [29126], [596], [1499], [207], [2475], [4318], [3091], [1401], [7852], [2099], [5133], [7421], [9370], [1493], [5243], [6347], [4582], [3576], [332], [5743], [7099], [50943], [3552], [4313], [5468], [3717], [3479], [23411], [4233], [2944], [472], [4282], [4780], [387], [3725], [3383], [857], [5594], [355], [3146], [2952], [7515], [7097], [2950], [3135], [3565], [3958], [581], [836], [406947], [5595], [10413], [142], [3627], [1490], [54106], [406938], [2200], [9518], [3953], [2214], [4204], [958], [10673], [7048], [7150], [5156], [3620], [1803], [1786], [59067], [255738], [7291], [2625], [718], [6469], [4854], [3559], [2313], [3662], [3308], [7046], [729230], [6382], [84868], [3570], [7077], [85480], [9332], [3066], [358], [1236], [5788], [7486], [23410], [639], [7042], [3574], [975], [2833], [25937], [6441], [9232], [54210], [1021], [8741], [3578], [3654], [58191], [467], [931], [6752], [6362], [930], [727897], [4283], [9475], [3811], [29851], [2191], [4321], [4176], [653361], [1380], [6374], [3604], [8764], [6957], [23135], [3687], [6373], [3598], [9547], [965], [1009], [23308], [6375], [55024], [11128], [375704]]
Scleroderma Diffuse:[[7422], [3569], [3119], [7040], [7124], [1499], [207], [3091], [1401], [5728], [7099], [9370], [406991], [5970], [6347], [3383], [355], [1493], [3135], [857], [4282], [6667], [6352], [3552], [2033], [1490], [3953], [3627], [5156], [1803], [2200], [7057], [8405], [947], [9332], [9475], [6362], [5184], [8607], [10856], [6497], [1009], [10148], [192343]]
Scleroderma Progressive:[[1280], [7040], [7422], [7124], [3569], [3123], [207], [3091], [5728], [1401], [9370], [1499], [4000], [3952], [6347], [3383], [4879], [4312], [2896], [355], [1493], [4282], [3135], [8743], [1490], [3082], [3486], [3627], [3953], [2022], [2200], [3685], [6403], [6093], [3115], [407021], [3371], [6348], [5168], [9475]]
Progressive systemic sclerosis:[[]]
Sudden Onset Sclerodermas:[[348], [6331], [2099], [3569], [4524], [7124], [7422], [4204], [4625], [7273], [6532], [1636], [3767], [3586], [1401], [627], [3123], [4846], [3553], [7421], [4879], [6647], [3119], [3606], [2153], [7054], [4000], [1906], [3784], [3075], [4306], [3757], [6817], [3356], [2147], [154], [6347], [4282], [183], [3383], [185], [3552], [4312], [4607], [3690], [51196], [1565], [2706], [929], [4128], [3084], [361], [6323], [2697], [6336], [2200], [6262], [2778], [1143], [7139], [1786], [7466], [7048], [4018], [4615], [775], [3570], [5566], [9992], [121278], [3673], [6261], [3303], [3350], [1536], [7351], [5069], [1509], [2244], [3329], [153], [801], [4915], [1392], [2006], [5972], [308], [1482], [3753], [9722], [5196], [9451], [8929], [6584], [3060], [7168], [5318], [11082], [1376], [70], [7292], [151], [859], [10021], [7840], [2318], [2702], [115352], [6901], [201294], [37], [3752], [57582], [3764], [348980], [6328]]
Systemic Sclerosis Progressive:[[3123], [919], [7422], [3569], [7040], [7124], [7157], [3558], [4318], [3586], [3479], [3458], [3091], [1401], [207], [4846], [59067], [4879], [3115], [3576], [3553], [2099], [9370], [6347], [6774], [1493], [4313], [7852], [1499], [4790], [1234], [4582], [332], [5743], [6696], [50943], [29126], [4312], [3952], [3383], [5133], [4282], [2475], [3717], [596], [3122], [23411], [2944], [3662], [7097], [5594], [355], [4204], [3146], [4780], [3565], [2952], [142], [2950], [185], [3162], [3725], [3606], [836], [3135], [406938], [3958], [1490], [3557], [3627], [10413], [3082], [2200], [2247], [9518], [3075], [406947], [3356], [54106], [114548], [10665], [25], [9365], [5806], [4314], [4843], [861], [1471], [3953], [7150], [682], [7291], [5329], [1786], [2022], [5159], [22943], [6469], [6403], [3620], [3559], [7412], [7139], [6280], [100124700], [3689], [4316], [729230], [6401], [2833], [7077], [135], [6402], [6093], [84868], [197], [5788], [407021], [1536], [80781], [6279], [8742], [5155], [1524], [3371], [29110], [3578], [23410], [6348], [834], [4599], [7039], [6752], [5168], [406973], [727897], [6649], [4283], [3965], [1462], [9475], [29851], [7297], [1118], [6590], [6354], [6375], [6614]]
Diffuse scleroderma:[[]]
Systemic sclerosis diffuse:[[3119], [7422], [3553], [3569], [7157], [3106], [7040], [7124], [3586], [6774], [3557], [4790], [7128], [3394], [10318], [29126], [596], [1499], [207], [2475], [4318], [3091], [1401], [7852], [2099], [5133], [7421], [9370], [1493], [5243], [6347], [4582], [3576], [332], [5743], [7099], [50943], [3552], [4313], [5468], [3717], [3479], [23411], [4233], [2944], [472], [4282], [4780], [387], [3725], [3383], [857], [5594], [355], [3146], [2952], [7515], [7097], [2950], [3135], [3565], [3958], [581], [836], [406947], [5595], [10413], [142], [3627], [1490], [54106], [406938], [2200], [9518], [3953], [2214], [4204], [958], [10673], [7048], [7150], [5156], [3620], [1803], [1786], [59067], [255738], [7291], [2625], [718], [6469], [4854], [3559], [2313], [3662], [3308], [7046], [729230], [6382], [84868], [3570], [7077], [85480], [9332], [3066], [358], [1236], [5788], [7486], [23410], [639], [7042], [3574], [975], [2833], [25937], [6441], [9232], [54210], [1021], [8741], [3578], [3654], [58191], [467], [931], [6752], [6362], [930], [727897], [4283], [9475], [3811], [29851], [2191], [4321], [4176], [653361], [1380], [6374], [3604], [8764], [6957], [23135], [3687], [6373], [3598], [9547], [965], [1009], [23308], [6375], [55024], [11128], [375704]]
