Lichenoid myxoedema:[[3845], [5743], [5290], [3265], [2261], [2833]]
Scleromyxedema:[[]]
Papular Mucinosis:[[55806]]
Papular mucinosis:[[55806]]
Lichenoid myxedema:[[3845], [5743], [5290], [3265], [2261], [2833]]
Lichen myxedematosus:[[7157], [7124], [3458], [3569], [1956], [3586], [7422], [7040], [4524], [1029], [3553], [7097], [4318], [3091], [7099], [3123], [4790], [7421], [3576], [3845], [207], [4313], [29126], [596], [5468], [2475], [1234], [3479], [50943], [3606], [4193], [406938], [332], [960], [595], [406947], [6347], [3605], [5970], [3383], [5133], [3146], [3119], [3565], [5979], [1565], [6696], [355], [6352], [857], [836], [4153], [9429], [1027], [3725], [581], [4255], [929], [3627], [54106], [1950], [4314], [90865], [5111], [1116], [356], [7076], [2309], [1786], [5295], [60489], [4323], [3620], [7133], [7048], [4049], [7077], [7153], [1788], [4615], [1789], [7046], [729230], [1019], [6401], [3002], [6382], [768], [216], [3592], [8651], [1673], [947], [5172], [4803], [4914], [4804], [2833], [6279], [952], [407021], [407018], [3371], [5268], [634], [10630], [7186], [3880], [4092], [3491], [1021], [1612], [1634], [3664], [4162], [406928], [4261], [6869], [4599], [6863], [727897], [3965], [360], [407015], [406911], [79054], [407024], [7096], [3145], [94], [6737], [81631], [6361], [3861], [407019], [1308], [55894], [7051], [8828], [386653], [939], [59340], [3858], [1233], [407017], [3487], [54541], [667], [1284], [481], [1163], [7053], [10769], [3860], [11173], [407016], [388698], [768219], [22849], [100775105], [59082], [192343]]
Myxedematosus Lichen:[[7157], [7124], [3458], [3569], [1956], [3586], [7422], [7040], [4524], [1029], [3553], [7097], [4318], [3091], [7099], [3123], [4790], [7421], [3576], [3845], [207], [4313], [29126], [596], [5468], [2475], [1234], [3479], [50943], [3606], [4193], [406938], [332], [960], [595], [406947], [6347], [3605], [5970], [3383], [5133], [3146], [3119], [3565], [5979], [1565], [6696], [355], [6352], [857], [836], [4153], [9429], [1027], [3725], [581], [4255], [929], [3627], [54106], [1950], [4314], [90865], [5111], [1116], [356], [7076], [2309], [1786], [5295], [60489], [4323], [3620], [7133], [7048], [4049], [7077], [7153], [1788], [4615], [1789], [7046], [729230], [1019], [6401], [3002], [6382], [768], [216], [3592], [8651], [1673], [947], [5172], [4803], [4914], [4804], [2833], [6279], [952], [407021], [407018], [3371], [5268], [634], [10630], [7186], [3880], [4092], [3491], [1021], [1612], [1634], [3664], [4162], [406928], [4261], [6869], [4599], [6863], [727897], [3965], [360], [407015], [406911], [79054], [407024], [7096], [3145], [94], [6737], [81631], [6361], [3861], [407019], [1308], [55894], [7051], [8828], [386653], [939], [59340], [3858], [1233], [407017], [3487], [54541], [667], [1284], [481], [1163], [7053], [10769], [3860], [11173], [407016], [388698], [768219], [22849], [100775105], [59082], [192343]]
Arndt-Gottron syndrome:[[]]
Scleromyxoedema:[[]]
Lichen myxoedematosus:[[7157], [7124], [3458], [3569], [1956], [3586], [7422], [7040], [4524], [1029], [3553], [7097], [4318], [3091], [7099], [3123], [4790], [7421], [3576], [3845], [207], [4313], [29126], [596], [5468], [2475], [1234], [3479], [50943], [3606], [4193], [406938], [332], [960], [595], [406947], [6347], [3605], [5970], [3383], [5133], [3146], [3119], [3565], [5979], [1565], [6696], [355], [6352], [857], [836], [4153], [9429], [1027], [3725], [581], [4255], [929], [3627], [54106], [1950], [4314], [90865], [5111], [1116], [356], [7076], [2309], [1786], [5295], [60489], [4323], [3620], [7133], [7048], [4049], [7077], [7153], [1788], [4615], [1789], [7046], [729230], [1019], [6401], [3002], [6382], [768], [216], [3592], [8651], [1673], [947], [5172], [4803], [4914], [4804], [2833], [6279], [952], [407021], [407018], [3371], [5268], [634], [10630], [7186], [3880], [4092], [3491], [1021], [1612], [1634], [3664], [4162], [406928], [4261], [6869], [4599], [6863], [727897], [3965], [360], [407015], [406911], [79054], [407024], [7096], [3145], [94], [6737], [81631], [6361], [3861], [407019], [1308], [55894], [7051], [8828], [386653], [939], [59340], [3858], [1233], [407017], [3487], [54541], [667], [1284], [481], [1163], [7053], [10769], [3860], [11173], [407016], [388698], [768219], [22849], [100775105], [59082], [192343]]
