Addison's keloid:[[3569], [6347]]
Scleroderma Localized:[[7040], [7422], [1499], [7124], [5728], [3569], [3091], [9370], [1401], [857], [207], [4312], [406991], [3605], [3383], [355], [3119], [6667], [1277], [5970], [4000], [3135], [1906], [2309], [8743], [6352], [4088], [3082], [1490], [3953], [2896], [2022], [3627], [7057], [3685], [1803], [10631], [1280], [947], [7273], [4092], [6348], [79054], [9475], [4086], [3428], [6670], [7114], [1058], [654], [871], [57154], [3693], [1009], [5352], [4249], [3930], [8425], [10438], [79172], [192343]]
Circumscribed scleroderma:[[]]
Localized scleroderma [morphea]:[[7040], [4312], [1277], [6352], [3627], [2896], [3685], [1280], [947], [4092], [654], [3693], [8425]]
Morphoea scleroderma:[[]]
Localized morphea:[[857], [3605], [4283]]
Scleroderma Circumscribed:[[]]
Localized scleroderma:[[7040], [4312], [1277], [6352], [3627], [2896], [3685], [1280], [947], [4092], [654], [3693], [8425]]
Localised morphoea:[[]]
Morphea scleroderma:[[3605], [857]]
Sclerodermas Localized:[[26088], [10159], [7157], [23163], [4350], [10142], [23062], [1956], [7040], [7422], [348], [9685], [7124], [351], [90417], [5728], [1499], [55638], [27333], [2099], [3091], [367], [3569], [3845], [999], [2064], [5743], [4318], [9370], [7015], [3586], [1401], [3576], [672], [857], [5243], [4137], [4790], [7421], [1080], [51614], [6622], [1029], [22980], [7852], [6774], [595], [10439], [84709], [673], [207], [4193], [4313], [93145], [4609], [4846], [2475], [3852], [5468], [4233], [675], [3691], [3106], [8715], [406237], [145741], [29126], [596], [6647], [960], [388125], [2944], [3690], [3717], [5290], [7450], [406991], [5594], [3105], [3146], [3605], [4780], [1026], [3815], [2952], [10413], [2908], [142], [6714], [7097], [3383], [154], [3861], [23411], [2147], [355], [118427], [2100], [57590], [836], [472], [2932], [3119], [3565], [6667], [3480], [4312], [5979], [5970], [4000], [3688], [2706], [50943], [120892], [3135], [3064], [6648], [238], [387], [10457], [4288], [9429], [335], [5595], [183], [177], [3791], [6331], [6513], [5347], [64127], [8842], [5133], [4582], [9180], [1906], [5071], [2321], [5879], [3958], [2697], [1027], [8626], [8743], [2152], [1277], [4843], [19], [3309], [2247], [3557], [3075], [3757], [3643], [8600], [841], [54106], [3949], [5781], [3082], [6790], [3107], [2309], [23435], [1950], [1869], [2157], [3953], [6352], [6934], [4869], [90865], [11093], [3320], [2263], [1815], [5111], [2335], [9212], [8878], [983], [10], [5599], [5371], [217], [682], [4088], [718], [25], [59272], [1756], [4436], [90196], [354], [56729], [3481], [998], [126567], [4089], [3627]]
Localised dermatosclerosis:[[7124], [3586], [1499], [3123], [1029], [5054], [3605], [4233], [3105], [5879], [8626], [5329], [302], [22943], [540], [3570], [10631], [6275], [7534], [2289], [51741], [7035], [5829], [1910], [7507], [1965], [4864], [8660], [538], [6566], [7408], [1308], [6421], [7114], [4841], [6281], [11073], [9217], [6567], [5967], [1366], [3909], [10663], [286], [2118], [1497], [83998], [6829], [3818], [3336], [10058], [5068], [1857], [4779], [29119], [60681], [10117], [10788], [5968], [9124], [127933], [3633], [51289], [8548], [84888], [3790], [221079]]
Localised scleroderma:[[7124], [1499], [3123], [3605], [10631], [7114]]
Localized dermatosclerosis:[[26088], [10159], [7157], [23163], [4350], [10142], [23062], [1956], [7040], [7422], [348], [9685], [7124], [351], [90417], [5728], [1499], [55638], [27333], [2099], [3091], [367], [3569], [3845], [999], [2064], [5743], [4318], [9370], [7015], [3586], [1401], [3576], [672], [857], [5243], [4137], [4790], [7421], [1080], [51614], [6622], [1029], [22980], [7852], [6774], [595], [10439], [84709], [673], [207], [4193], [4313], [93145], [4609], [4846], [2475], [3852], [5468], [4233], [675], [3691], [3106], [8715], [406237], [145741], [29126], [596], [6647], [960], [388125], [2944], [3690], [3717], [5290], [7450], [406991], [5594], [3105], [3146], [3605], [4780], [1026], [3815], [2952], [10413], [2908], [142], [6714], [7097], [3383], [154], [3861], [23411], [2147], [355], [118427], [2100], [57590], [836], [472], [2932], [3119], [3565], [6667], [3480], [4312], [5979], [5970], [4000], [3688], [2706], [50943], [120892], [3135], [3064], [6648], [238], [387], [10457], [4288], [9429], [335], [5595], [183], [177], [3791], [6331], [6513], [5347], [64127], [8842], [5133], [4582], [9180], [1906], [5071], [2321], [5879], [3958], [2697], [1027], [8626], [8743], [2152], [1277], [4843], [19], [3309], [2247], [3557], [3075], [3757], [3643], [8600], [841], [54106], [3949], [5781], [3082], [6790], [3107], [2309], [23435], [1950], [1869], [2157], [3953], [6352], [6934], [4869], [90865], [11093], [3320], [2263], [1815], [5111], [2335], [9212], [8878], [983], [10], [5599], [5371], [217], [682], [4088], [718], [25], [59272], [1756], [4436], [90196], [354], [56729], [3481], [998], [126567], [4089], [3627]]
