Azoospermia factor:[[560], [355], [356], [2068], [3481], [268], [7490], [7157], [57167], [8287], [4254], [6660], [3624], [2516], [7508], [6663], [6736], [367], [108004538], [106128902], [4209], [7041], [2119], [1618], [1617], [106144558], [106144556], [106144557], [84100], [108863624], [5192], [6875], [1761], [108868753], [108868752], [4524], [57055], [2950], [30812], [2908], [57135], [596], [1080], [3162], [1636], [2100], [3123], [57054], [4846], [7515], [2944], [86614], [9802], [2952], [675], [2067], [407040], [3119], [1191], [159119], [652], [90316], [23405], [3122], [90655], [1017], [406992], [10062], [3115], [4552], [190], [9075], [780], [4548], [1390], [406933], [55170], [5139], [3191], [140885], [25942], [7376], [574501], [9101], [407042], [26986], [2488], [8648], [55818], [407043], [9510], [9271], [7516], [4862], [406967], [11096], [554210], [5184], [84634], [8450], [7277], [10038], [2768], [5304], [2775], [9025], [7320], [27316], [5940], [6870], [5619], [90780], [83844], [2054], [66037], [22802], [135138], [402381], [29118], [80712], [54937], [124404], [8468], [115677], [55423], [23626], [7773], [56165], [285498], [317761], [192343], [163223], [378951], [378948], [159163], [378949], [378950]]
AZF - Azoospermia factor:[[560], [8287], [1617], [57055], [57135], [57054], [5940]]
Germinal cell aplasia:[[283120], [54880]]
Sertoli Cell-Only Syndrome:[[619469], [367], [356], [1588], [2099], [7048], [836], [25942], [5241], [4087], [3623], [3625], [8290], [10657], [7258], [8450], [10733], [120227], [3191], [1617], [55124], [560], [2119], [83844], [54514], [5940], [5634], [222229], [124404], [56165], [122402], [163589], [642636], [91646]]
Del Castillo Syndrome:[[]]
Germinal aplasia:[[283120], [54880]]
Sertoli Cell Only Syndrome:[[596], [207], [3383], [3569], [652], [619469], [7124], [2247], [367], [2064], [1499], [2475], [6662], [7490], [2316], [546], [23405], [2697], [3146], [581], [3553], [356], [2492], [3875], [7048], [6714], [2668], [2737], [5747], [3002], [836], [3640], [2099], [5243], [949], [268], [2100], [51738], [1588], [2778], [3623], [2852], [3552], [4914], [59272], [6093], [5241], [3557], [3956], [23476], [4087], [3164], [3625], [25942], [9429], [8644], [668], [6462], [3295], [10733], [174], [2516], [442890], [10657], [2488], [128674], [91646], [2030], [7258], [8290], [2119], [8450], [55124], [1617], [54514], [3191], [120227], [560], [83844], [124404], [222229], [5940], [192343], [56165], [642636], [5634], [122402], [163589]]
Sertoli-cell-only syndrome:[[619469], [367], [356], [1588], [7048], [2099], [836], [25942], [4087], [5241], [3623], [3625], [8290], [10657], [7258], [8450], [10733], [120227], [3191], [1617], [55124], [560], [2119], [83844], [54514], [5940], [5634], [222229], [124404], [56165], [122402], [163589], [642636], [91646]]
Gene deletion in AZF region of Y chromosome:[[560], [1617], [57055]]
SPERMATOGENIC FAILURE X-LINKED 1:[[367], [100820759], [7157], [7015], [190], [56159], [286464], [9084], [9082], [4108], [332], [50511], [192343]]
DEL CASTILLO SYNDROME:[[]]
Congenital absence of germinal epithelium of testes:[[7157]]
SERTOLI CELL-ONLY SYNDROME:[[619469], [367], [356], [1588], [2099], [7048], [836], [25942], [5241], [4087], [3623], [3625], [8290], [10657], [7258], [8450], [10733], [120227], [3191], [1617], [55124], [560], [2119], [83844], [54514], [5940], [5634], [222229], [124404], [56165], [122402], [163589], [642636], [91646]]
SPGFX1:[[]]
GERMINAL CELL APLASIA:[[283120], [54880]]
Germinal Cell Aplasia:[[283120], [54880]]
Germinal cell absence:[[596], [7157], [1029], [1956], [3586], [5788], [3569], [3565], [7852], [595], [4609], [958], [5777], [7535], [6662], [7474], [5728], [959], [10018], [355], [3553], [2475], [2697], [5594], [6376], [29126], [780], [57379], [4208], [1025], [6850], [6868], [3458], [182], [5159], [928], [7494], [3965], [4790], [3559], [3600], [6794], [1493], [1636], [472], [7097], [5781], [5970], [59067], [5450], [1524], [6790], [7189], [23405], [2033], [1756], [5595], [4000], [7128], [3440], [27086], [8929], [54106], [196], [598], [2833], [4288], [643], [8837], [8878], [7849], [4311], [23476], [1071], [54790], [60489], [5599], [2081], [11009], [51284], [283120], [1269], [6556], [4261], [2597], [10643], [1760], [3217], [10984], [54880], [2138], [3204], [9070], [192343]]
Sertoli cell-only syndrome:[[619469], [367], [356], [1588], [2099], [7048], [836], [25942], [5241], [4087], [3623], [3625], [8290], [10657], [7258], [8450], [10733], [120227], [3191], [1617], [55124], [560], [2119], [83844], [54514], [5940], [5634], [222229], [124404], [56165], [122402], [163589], [642636], [91646]]
