Dengue haemorrhagic fever:[[3123], [7040], [1636], [4153], [5054], [3106], [3146], [6347], [5320], [54210], [406942], [3959]]
Severe Dengue:[[3105], [7124], [3106], [7422], [3586], [7157], [3569], [7040], [30835], [90865], [3553], [7099], [1636], [3123], [4318], [1401], [7421], [3576], [3458], [4790], [6347], [3146], [4313], [4153], [7097], [5054], [5743], [3162], [6352], [54715], [406938], [3383], [1234], [3565], [7098], [596], [2321], [2212], [207], [4282], [3561], [5788], [6774], [4277], [51196], [23586], [3557], [282617], [2152], [255738], [406991], [7412], [5290], [5624], [857], [3627], [54106], [3791], [2932], [1432], [8743], [285], [3688], [3690], [3356], [387], [3075], [3456], [3558], [3082], [3570], [9173], [100507436], [4049], [51284], [54210], [8878], [598], [811], [5027], [3620], [5562], [5315], [5320], [3566], [64135], [3439], [3115], [558], [284], [407008], [26762], [3002], [58], [6868], [103], [3312], [5327], [5610], [727], [6348], [2194], [834], [59341], [10410], [3965], [2833], [1437], [1003], [10392], [578], [5045], [9076], [340061], [51311], [2621], [5245], [2209], [4938], [7531], [3811], [1215], [7177], [6773], [3589], [54567], [7066], [2220], [6373], [10333], [282618], [6383], [28514], [440275], [4940], [192343]]
Singapore Hemorrhagic Fever:[[3123], [1401], [3383], [282617], [7412]]
Hemorrhagic Dengues:[[7124], [4089], [2022], [4524], [7422], [348], [3569], [4318], [3586], [7040], [94], [1636], [2099], [3091], [627], [351], [7099], [9370], [1401], [3123], [4790], [3553], [5743], [3576], [3146], [3383], [3458], [5444], [3717], [4780], [791087], [5594], [2153], [1234], [6347], [3605], [332], [7450], [2658], [3105], [6387], [335], [3077], [3162], [154], [2100], [1432], [177], [1559], [3791], [3688], [3690], [836], [1906], [3958], [3725], [338], [114548], [4982], [2157], [4843], [282617], [3039], [2335], [54106], [2321], [1471], [3627], [7132], [7098], [11093], [285], [83700], [7412], [7057], [3685], [302], [6401], [4049], [30835], [23586], [6382], [79001], [5624], [5340], [2162], [5327], [3767], [59067], [3456], [2149], [551], [9332], [7037], [7056], [659], [284], [2159], [6833], [4691], [3439], [51561], [406992], [100048912], [2776], [5045], [7010], [3676], [2161], [64805], [1282], [387715], [7439], [6890], [406907], [4599], [7448], [57506], [406950], [2026], [9636], [12], [6356], [51311], [29102], [2050], [1215], [5730], [3426], [57674], [282618], [7177], [6281], [10507], [5345], [406909], [54795], [81793], [965], [10562], [406980], [3384], [406908], [1153], [8720], [10267], [3696], [3451], [2804], [55249]]
Severe Dengues:[[64421], [3043], [4160], [4647], [3106], [3105], [7157], [28], [6925], [4204], [7124], [3953], [348], [5896], [79068], [7422], [3596], [90865], [846], [3569], [7040], [4524], [1956], [10083], [6323], [3643], [3586], [1636], [351], [2099], [7132], [4318], [9370], [1401], [627], [2261], [3123], [7421], [3553], [7099], [4846], [3481], [1991], [3672], [1080], [3576], [5468], [5243], [4137], [1312], [3479], [6532], [3952], [5728], [2944], [3458], [4790], [6622], [3091], [378938], [5054], [6347], [3605], [4313], [100], [4879], [3718], [5743], [7097], [2147], [367], [3575], [2153], [3146], [2492], [6647], [3162], [3383], [154], [3606], [4306], [6662], [3717], [1234], [4780], [3565], [2064], [7450], [7015], [3673], [2706], [4852], [5444], [672], [596], [1906], [1029], [4153], [183], [6256], [3934], [50943], [4000], [3845], [64127], [338], [7068], [3135], [249], [29126], [3949], [2952], [1441], [406938], [3561], [2908], [7042], [54658], [5788], [929], [2157], [9839], [6774], [472], [673], [4023], [207], [4193], [5265], [3119], [3077], [335], [260431], [2321], [4982], [3554], [920], [2950], [23411], [355], [1499], [8074], [7396], [6352], [2678], [1812], [4282], [1072], [3480], [5292], [177], [6863], [4312], [59272], [1756], [1493], [7454], [675], [282617], [11093], [6402], [999], [8126], [2296], [7098], [3958], [7039], [1116], [5144], [2629], [6404], [5970], [6696], [960], [7852], [3552], [7276], [10524], [5133], [595], [1813], [6387], [2022], [4582], [255738], [6285], [8132], [2312], [9429], [796], [332], [718], [3759], [2539], [116519], [7292], [406991], [1565], [1277], [2152]]
DHF - Dengue haemorrhagic fever:[[3123], [7040], [1636]]
Hemorrhagic Fever Dengue:[[7124], [3123], [3586], [3569], [7422], [3553], [30835], [7040], [7099], [1636], [5743], [3576], [1401], [3458], [3146], [4790], [3105], [3383], [6347], [3791], [23586], [1234], [7098], [1432], [2321], [3688], [3690], [3627], [7412], [3456], [282617], [54106], [4049], [285], [5340], [3439], [284], [4691], [5045], [6890], [51311], [57506], [1215], [7177], [282618]]
Thai Hemorrhagic Fever:[[7124], [3123], [3553], [4524], [3586], [7040], [1636], [3576], [3458], [9370], [4790], [3105], [6347], [282617], [3627], [4049], [81793]]
DHF - Dengue hemorrhagic fever:[[7124], [3586], [7040], [3123], [3383], [7412], [282618]]
Hemorrhagic Dengue:[[7124], [7422], [3586], [30835], [3569], [7040], [4318], [3553], [7099], [1636], [3123], [4790], [3146], [5743], [1401], [3105], [3576], [3458], [6347], [3383], [1234], [3162], [3791], [7098], [23586], [1432], [3688], [3690], [2321], [3627], [282617], [7412], [54106], [3456], [285], [5340], [4049], [5624], [5327], [284], [3439], [4691], [5045], [6890], [51311], [57506], [1215], [7177], [282618]]
Philippine Hemorrhagic Fever:[[]]
Severe dengue:[[3105], [7124], [3106], [7422], [3586], [7157], [3569], [7040], [30835], [90865], [3553], [7099], [1636], [3123], [4318], [1401], [7421], [3576], [3458], [4790], [6347], [3146], [4313], [4153], [7097], [5054], [5743], [3162], [6352], [54715], [406938], [3383], [1234], [3565], [7098], [596], [2321], [2212], [207], [4282], [3561], [5788], [6774], [4277], [51196], [23586], [3557], [282617], [2152], [255738], [406991], [7412], [5290], [5624], [857], [3627], [54106], [3791], [2932], [1432], [8743], [285], [3688], [3690], [3356], [387], [3075], [3456], [3558], [3082], [3570], [9173], [100507436], [4049], [51284], [54210], [8878], [598], [811], [5027], [3620], [5562], [5315], [5320], [3566], [64135], [3439], [3115], [558], [284], [407008], [26762], [3002], [58], [6868], [103], [3312], [5327], [5610], [727], [6348], [2194], [834], [59341], [10410], [3965], [2833], [1437], [1003], [10392], [578], [5045], [9076], [340061], [51311], [2621], [5245], [2209], [4938], [7531], [3811], [1215], [7177], [6773], [3589], [54567], [7066], [2220], [6373], [10333], [282618], [6383], [28514], [440275], [4940], [192343]]
Dengue hemorrhagic fever:[[7124], [7422], [3569], [7040], [3586], [3123], [3458], [3105], [3383], [3791], [2321], [7412], [4049], [30835], [5340], [6890], [1215], [282618], [7177]]
