Severe combined immunodeficiency:[[64421], [100], [3575], [3561], [5788], [3718], [5896], [920], [5897], [3558], [970], [1803], [79840], [84876], [7535], [146206], [3981], [916], [915], [50615], [5075], [11151], [5238], [8456], [3707], [108167311], [108167312]]
Immunodeficiency severe combined:[[64421], [3561], [5896], [50943], [3458], [3718], [100], [7040], [3586], [3575], [6772], [5897], [84876], [4790], [5788], [7157], [7535], [7124], [3106], [5880], [6786], [348], [6347], [920], [3105], [3569], [3394], [79840], [4780], [970], [6387], [7098], [5243], [5728], [3553], [6622], [7099], [4792], [3107], [7421], [3479], [7852], [2214], [6774], [4522], [29126], [8517], [930], [59067], [146206], [3593], [3565], [7097], [51284], [335], [4683], [1789], [10320], [5591], [3162], [5293], [7450], [3566], [7037], [54658], [1794], [4153], [6696], [1493], [355], [472], [5133], [1906], [4791], [929], [4851], [6352], [282617], [8737], [2022], [2321], [959], [54106], [975], [11093], [3811], [3558], [916], [857], [3627], [23435], [3559], [10111], [2212], [356], [27040], [51135], [2309], [1803], [100507436], [915], [958], [841], [3570], [10673], [8456], [3600], [5328], [9021], [659], [3574], [5580], [11151], [6376], [81704], [729230], [684], [50615], [545], [5238], [3002], [2289], [3684], [8862], [4261], [695], [57217], [246778], [57007], [51311], [712], [3981], [6366], [2821], [50485], [6596], [83706], [5075], [3707], [108167311], [108167312]]
Severe Combined Immunodeficiency:[[64421], [100], [3575], [3561], [5788], [3718], [5896], [920], [5897], [3558], [970], [1803], [79840], [84876], [7535], [146206], [3981], [916], [915], [50615], [5075], [11151], [5238], [8456], [3707], [108167311], [108167312]]
SCID:[[5591], [7124], [7422], [3091], [3123], [6532], [4609], [2475], [7852], [3458], [3717], [920], [960], [4233], [3105], [3815], [3791], [4982], [8842], [5265], [25], [3265], [650], [8600], [1803], [648], [3575], [331], [2155], [5156], [7189], [10855], [947], [5896], [59067], [6382], [4072], [3718], [3574], [100], [94025], [1536], [23476], [3561], [7535], [7010], [4179], [4907], [57007], [64421], [5897], [6362], [55636], [953], [6374], [5629], [10468], [4919], [916], [915], [3455], [11006], [3214], [64344], [9908], [8438], [6586], [27121], [11319], [25819], [152573], [253935], [108167311], [108167312]]
Severe combined immunodeficiency disease:[[3558], [64421], [100], [7535], [3575], [5788], [3718], [920], [5896], [3561], [1803], [84876], [5897], [970], [79840], [3981], [50615], [146206], [916], [915], [5075], [3707], [5238], [8456]]
Severe Combined Immunologic Deficiency:[[]]
Combined T-cell and B-cell immunodeficiency:[[7535], [3586], [5896], [920], [50943], [5788], [3569], [3565], [3558], [3575], [930], [3718], [5897], [917], [8915], [29851], [959], [6352], [10673], [10320], [958], [3458], [695], [29126], [3561], [7157], [100], [915], [1803], [7040], [4790], [6772], [939], [79679], [3106], [3105], [1493], [3002], [5293], [7124], [6387], [10892], [23308], [59067], [975], [7852], [5728], [5880], [3551], [970], [7099], [6774], [3553], [3559], [2475], [5591], [6347], [5243], [4792], [5133], [472], [4851], [2214], [3107], [4780], [54790], [51284], [3394], [54106], [8517], [355], [79840], [7097], [3574], [729230], [3600], [4683], [3627], [7421], [4791], [1794], [7037], [567], [100507436], [356], [6696], [841], [3065], [60489], [81704], [4179], [6366], [282617], [331], [3162], [3662], [5580], [51135], [929], [2212], [246778], [684], [3459], [3570], [4261], [57379], [2321], [9021], [2309], [7514], [6363], [3981], [5966], [3684], [50615], [545], [6376], [57007]]
Severe Combined Immunodeficiencies:[[5896]]
Severe combined immunodeficiency (SCID):[[64421], [3561], [3575], [5896], [100], [3718], [920], [5897], [1803], [7535], [916], [915], [108167311], [108167312]]
Severe Combined Immunodeficiency Syndrome:[[]]
SCID - Severe combined immunodeficiency:[[64421], [3561], [3575], [5896], [100], [3718], [920], [5897], [1803], [7535], [916], [915], [108167311], [108167312]]
Severe Combined Immune Deficiency:[[64421], [3458], [5896], [3106], [50943], [3123], [2147], [7124], [7157], [100], [3575], [3569], [3559], [3558], [6774], [3586], [3952], [7099], [4790], [3592], [348], [3718], [718], [3479], [5897], [1493], [3953], [2157], [84876], [4153], [7040], [351], [3162], [920], [3105], [7422], [7535], [64127], [5054], [1956], [3593], [1401], [3117], [355], [5728], [3075], [9370], [2688], [6513], [3553], [3146], [90865], [7421], [7097], [29126], [59067], [7132], [2099], [3576], [3091], [4318], [6622], [3596], [3565], [5468], [5788], [3077], [6786], [970], [5133], [958], [2944], [673], [1080], [3606], [1277], [79068], [2064], [1636], [708], [1029], [596], [406991], [627], [338], [2678], [672], [3717], [6347], [948], [727], [356], [2155], [51284], [3845], [335], [3383], [5743], [6532], [4851], [23411], [6647], [7412], [4137], [1312], [929], [7852], [7015], [7128], [367], [3958], [8743], [207], [4846], [6772], [54106], [7450], [6696], [114548], [2952], [5970], [7098], [406938], [1499], [6352], [675], [6387], [2214], [695], [4261], [710], [999], [2162], [959], [3557], [472], [11093], [5820], [3643], [100507436], [2161], [3934], [332], [2312], [2908], [57817], [4780], [383], [3480], [5290], [2625], [3716], [3600], [54658], [4843], [2212], [595], [4982], [4292], [19], [26191], [51135], [5806], [712], [5071], [8517], [4000], [5663], [639], [5591], [1813], [10413], [2876], [5321], [2706], [196], [4192], [3486], [3417], [255738], [2821], [7391], [7490], [59272], [2896], [1432], [6648], [10673], [2309], [930], [3815], [10461], [142], [1557], [2152], [3690], [1803], [3784], [1471], [3440]]
