Short gut syndrome:[[7157], [348], [1493], [3784], [5728], [3643], [7291], [5265], [3123], [64127], [1401], [338], [3481], [6774], [4137], [2475], [3569], [7040], [50943], [7124], [627], [7122], [324], [2099], [6934], [6532], [3479], [9370], [3952], [23586], [7099], [3553], [3576], [3586], [958], [7421], [6622], [51738], [2247], [5468], [4790], [3106], [3091], [5979], [3605], [7474], [3606], [59341], [948], [3146], [335], [23411], [2100], [4282], [929], [3356], [54106], [4843], [3486], [59272], [4210], [196], [7098], [10891], [3600], [50616], [947], [3725], [846], [2641], [9429], [3596], [51053], [3084], [6662], [2150], [51129], [1392], [3575], [5045], [834], [407037], [23495], [794], [9075], [276], [64116]]
Short-gut syndrome:[[64127]]
Short bowel syndrome:[[7157], [3569], [183], [64127], [185], [5295], [2316], [2641], [6564], [6550], [6549], [79827]]
Syndrome Short Bowel:[[64127], [7157], [348], [1493], [3845], [3123], [5728], [149233], [2706], [4292], [3569], [6774], [1029], [3717], [7040], [3290], [2316], [1956], [1401], [5295], [811], [3586], [3329], [5594], [5243], [79068], [4318], [4790], [7421], [3458], [7124], [4088], [958], [2247], [999], [6532], [50943], [1789], [6347], [3383], [2146], [2956], [3663], [7422], [2153], [355], [627], [7099], [2688], [324], [3565], [3952], [2099], [4524], [2697], [51738], [3479], [4843], [3559], [6777], [718], [9370], [63895], [11093], [3553], [3576], [3605], [959], [120892], [7046], [1636], [3558], [5468], [2944], [1312], [3091], [7852], [6772], [3162], [3596], [841], [6597], [2056], [1080], [50616], [5743], [1499], [3606], [6387], [406991], [3480], [9173], [59341], [948], [3146], [629], [4313], [2952], [4282], [10320], [4609], [3934], [5054], [2064], [7450], [3958], [1557], [2100], [10631], [2908], [183], [177], [406938], [23411], [6696], [185], [54106], [2950], [8074], [1026], [406947], [6591], [3371], [4210], [4982], [7076], [3601], [3486], [4582], [3356], [929], [3240], [9131], [3554], [56729], [3135], [2784], [920], [468], [59272], [2152], [1803], [7098], [2237], [8743], [6403], [196], [7412], [4312], [1027], [213], [217], [5879], [3600], [3516], [4803], [57817], [1113], [4049], [6550], [2641], [3802], [9429], [4792], [5327], [94025], [7293], [9021], [2879], [5624], [10318], [5919], [60468], [406906], [7298], [85480], [6869], [3014], [1392], [121278], [407008], [6615], [2150], [64167], [9332], [8742], [81848], [6402], [3575], [407021], [2162], [4586], [406935], [55024], [406985], [4925], [406911], [7166], [406950], [7414]]
Post-resection short bowel syndrome:[[]]
Short intestine syndrome:[[3757], [7157], [1493], [3845], [673], [546], [7466], [3784], [5728], [4292], [7486], [5781], [207], [3643], [2261], [5265], [1029], [84062], [2200], [7468], [4647], [4952], [775], [5290], [50814], [2316], [5428], [3290], [5080], [55612], [811], [2121], [64127], [132884], [5295], [3329], [79068], [672], [3295], [338], [23405], [1892], [3291], [3759], [2332], [50484], [6774], [3265], [2122], [23111], [5293], [1297], [3075], [10371], [675], [999], [5894], [1788], [2475], [7040], [3717], [4851], [4921], [7124], [2146], [2956], [3569], [7422], [9993], [1956], [35], [4193], [80025], [355], [50943], [5594], [1910], [3953], [1015], [6532], [472], [1588], [324], [3028], [10507], [6453], [6934], [51738], [7132], [7428], [5243], [351], [4204], [3293], [4179], [4128], [3952], [3479], [2697], [2778], [54904], [4524], [63895], [4318], [3294], [23483], [959], [5621], [4088], [23586], [6738], [29957], [11093], [268], [7421], [3553], [7099], [1636], [6786], [4297], [958], [6794], [11200], [7046], [3162], [2247], [1080], [3458], [1789], [1244], [5468], [3064], [3586], [10452], [56652], [2022], [3091], [9723], [1499], [7852], [4790], [6598], [6597], [1312], [9037], [841], [23476], [182], [7469], [3606], [652], [650], [2944], [335], [3480], [7474], [3106], [6347], [4313], [3630], [1139], [80781], [4784], [4323], [9839], [2624], [23451], [6387], [3913], [948], [6925], [9249], [4609], [1557], [2073], [56898], [3251], [2064], [596], [6647], [3958], [3383], [3146], [3934], [59], [2908], [2693], [23411], [5979], [2322], [2100], [4780], [3077], [7528], [2950], [79977], [59272], [5610], [836], [4282]]
Acquired short bowel syndrome:[[7157], [3569], [185]]
Syndromes Short Bowel:[[1493], [3569], [7040], [7157], [7124], [3586], [5243], [4790], [4318], [6774], [7421], [3458], [3123], [3717], [6532], [5594], [1401], [6347], [7422], [7099], [3559], [3952], [4843], [3091], [3479], [958], [4524], [3162], [3605], [5728], [9370], [3845], [59341], [3553], [2056], [2944], [1029], [3480], [7852], [999], [2952], [2146], [4609], [1557], [6387], [406991], [4282], [1026], [7450], [23411], [3146], [355], [3486], [406938], [3958], [183], [8743], [6403], [1201], [54106], [4312], [8074], [406947], [929], [2152], [11093], [2879], [56729], [57817], [959], [811], [2316], [4792], [4803], [3014], [240], [5919], [407024]]
SBS - Short bowel syndrome:[[]]
SGS - Short gut syndrome:[[7040], [3553]]
