Salivary Gland Inflammations:[[6774], [3082], [2252], [8740], [11040]]
Sialitides:[[]]
Sialoadenitides:[[]]
Sialoadenitis:[[3082]]
Sialoadenitis unspecified:[[]]
Salivary Gland Adenitides:[[3816], [1956], [7124], [7157], [2255], [7040], [7422], [2064], [92747], [3569], [1029], [4524], [207], [2263], [3091], [6774], [4790], [5728], [672], [1499], [3845], [4318], [351], [367], [29126], [673], [6469], [9370], [7421], [332], [4609], [4193], [1312], [1080], [4846], [3458], [5468], [7015], [3106], [999], [2475], [5324], [3815], [4313], [960], [5594], [2944], [595], [317716], [7852], [3717], [675], [7515], [3605], [7097], [4851], [4233], [6387], [1234], [4780], [5290], [4582], [1027], [5979], [5970], [2950], [23411], [7052], [3688], [355], [50943], [472], [3105], [1813], [5925], [3146], [2100], [3119], [3077], [3082], [2908], [2247], [8626], [3383], [2146], [3606], [2932], [1432], [3958], [3480], [5595], [142], [6714], [177], [64127], [4292], [836], [5621], [79068], [328], [3690], [1906], [6648], [682], [6667], [5879], [10413], [8743], [998], [1786], [4869], [4000], [581], [90865], [3934], [4843], [4282], [3627], [5747], [7098], [5599], [54106], [3417], [3949], [4255], [7430], [387], [5071], [3265], [929], [5663], [2260], [2033], [3107], [1471], [23435], [1950], [2332], [6772], [2157], [406938], [4288], [7428], [6934], [3320], [8842], [4204], [1277], [2068], [3064], [6513], [861], [5781], [2335], [25], [4436], [7316], [10891], [3065], [2152], [2067], [3309], [4128], [6352], [2022], [4170], [4089], [196], [3643], [4968], [958], [7132], [3481], [4088], [3600], [7161], [3784], [10135], [356], [648], [1756], [6657], [3117], [2309], [1387], [11200], [7291], [2778], [1803], [4763], [7424], [4297], [3315], [598], [2308], [11093], [7042], [1017], [1457], [5111]]
Salivary Gland Inflammation:[[3816], [1956], [7124], [7157], [1234], [976], [7040], [7422], [3569], [3091], [6774], [207], [4790], [4318], [351], [29126], [9370], [4057], [1080], [4846], [1499], [5468], [3458], [2475], [5728], [4524], [5594], [3605], [7097], [4851], [4780], [2064], [7421], [64771], [5970], [23411], [960], [50943], [3146], [92747], [7052], [672], [3659], [2944], [3845], [355], [7852], [6387], [3383], [3606], [1432], [103], [3958], [4313], [4582], [332], [3082], [3106], [177], [3688], [64127], [367], [6469], [8743], [673], [3934], [4282], [4843], [90865], [1906], [3627], [54106], [7098], [5595], [142], [929], [6772], [406938], [4609], [1471], [2152], [6352], [2532], [999], [4193], [3717], [196], [7132], [5599], [958], [2908], [10135], [3600], [1803], [7015], [2146], [3815], [5465], [9368], [2896], [5027], [2247], [2100], [2932], [675], [682], [2335], [7412], [5979], [2950], [472], [11093], [9021], [6648], [7442], [5290], [1027], [356], [6584], [8626], [3320], [5328], [5925], [328], [3690], [3119], [5071], [3480], [10891], [378938], [5621], [6382], [5747], [5879], [2056], [1385], [10413], [3308], [2309], [6714], [998], [4000], [7431], [4792], [1958], [4615], [6376], [10855], [59341], [8878], [85480], [4088], [387], [2260], [5467], [285758], [6850], [1950], [4288], [51561], [2833], [51284], [1786], [581], [4803], [6868], [7424], [8842], [6513], [5562], [3949], [5781], [5663], [3107], [3065], [2332], [7291], [2157], [4128], [23586], [7474], [4089], [4968], [9235], [3592], [25], [7295], [10673], [4035], [3956], [567], [4297], [3315], [2308], [7189], [8742], [4170], [2022], [8651], [2625]]
Salivary Gland Adenitis:[[64127], [7132], [4615], [22900]]
Sialadenitis Chronic:[[3934], [51284], [3371], [5008], [6590]]
Sialadenitides Chronic:[[8626], [653361], [10018], [4688], [3115], [3119], [355], [1138], [7369], [3662], [1136], [3107], [7422], [282617], [578], [3704], [2099], [3113], [3123], [5728], [3117], [4609], [596], [3658], [7124], [64399], [602], [3162], [7157], [5970], [64478], [4312], [114548], [332], [1956], [10144], [25], [1471], [59], [348], [3431], [3586], [574028], [3569], [7040], [4524], [22926], [5027], [841], [3120], [3091], [7077], [1636], [351], [79068], [977], [4988], [3394], [613], [4318], [6774], [9370], [5243], [1401], [3845], [5159], [673], [627], [207], [4790], [22943], [1536], [7421], [1535], [3553], [1029], [5743], [1499], [7099], [4846], [57619], [1312], [1080], [3576], [6622], [5468], [6532], [7015], [19], [4852], [6441], [3106], [6582], [3479], [29126], [3952], [7852], [50943], [2944], [3458], [999], [2475], [4193], [10206], [3565], [3717], [56915], [4313], [2064], [11262], [920], [51176], [23560], [4137], [5054], [5444], [1234], [6347], [3605], [4780], [4879], [2952], [6927], [406991], [7097], [2950], [2316], [23411], [4851], [1493], [472], [7840], [3105], [6387], [3146], [1026], [3077], [7515], [5594], [3383], [154], [6696], [4321], [367], [3606], [6863], [3135], [2932], [83852], [183], [177], [7356], [55213], [1557], [2147], [6352], [51738], [2645], [2244], [64127], [5133], [4582], [1432], [1906], [6648], [1030], [4153], [7450], [3958], [6647], [3934], [960], [3791], [28], [3557], [595], [6909], [4282], [161], [672], [3815], [57476], [406938], [27185], [2908], [7042], [929], [4982], [11136], [3082], [3620], [2146], [6772], [10919], [4843], [2247], [3552], [2897], [58], [4023]]
Sialadenitis:[[3934], [51284], [3371], [5008], [6590]]
Sialitis:[[]]
Sialadenitides:[[]]
