Syndrome Silver-Russell:[[8091], [118027463], [3784], [3481], [5324], [105259599], [64324], [283120], [10984], [9820], [2885], [23363], [8788], [10643], [55384], [83987], [93986], [1442], [5325], [2886], [4232], [53615], [346171], [105274310], [317751]]
SILVER-RUSSELL DWARFISM:[[]]
Silver-Russell Dwarfism:[[]]
RUSSELL-SILVER SYNDROME:[[3481], [105259599], [140821], [136647], [1028], [283120]]
Syndrome Russell Silver:[[140821], [118027463], [3481], [136647], [8091], [105259599], [3784], [5324], [1028], [283120], [64324], [10984], [9820], [2885], [23363], [8788], [10643], [55384], [83987], [93986], [1442], [5325], [2886], [4232], [53615], [346171], [105274310], [317751]]
RSS:[[140821], [2887], [57190], [4625], [23451], [8565]]
Silver syndrome:[[114548], [7157], [3845], [3481], [140821], [3784], [8091], [100049707], [118027463], [105259599], [136647], [79783], [1956], [4790], [841], [1028], [5324], [3251], [1080], [596], [2064], [64324], [4780], [283120], [836], [10984], [4233], [581], [1432], [9820], [540], [26580], [2885], [23363], [79083], [6683], [8788], [842], [10643], [55384], [22926], [83987], [93986], [1442], [4922], [51062], [5325], [2886], [4232], [53615], [346171], [192343], [105274310], [317751]]
Russell-Silver Syndrome:[[3481], [105259599], [140821], [136647], [1028], [283120]]
Silver Russell Dwarfism:[[140821]]
Russell's syndrome:[[4914]]
Russell-Silver syndrome:[[3481], [105259599], [140821], [136647], [1028], [283120]]
