Dermatosis:[[4210], [3898], [5290], [50943], [2261], [2919], [1308], [10461], [90268], [3914], [147138], [51371], [11322]]
Disorder of skin:[[1277], [4157], [5189], [1278], [2212], [2214], [1956], [2272], [3356], [3133], [55670], [91869], [7157], [288], [1312], [6532], [7124], [201163], [3569], [8924], [8379], [3815], [23345], [7422], [7227], [1294], [3845], [4524], [6095], [3553], [7421], [7040], [6925], [79796], [861], [348], [301], [6622], [4000], [5728], [4318], [3586], [4846], [2099], [2200], [673], [3479], [7099], [3458], [894], [627], [207], [2475], [9370], [3091], [6774], [1499], [6482], [54106], [5743], [7750], [5243], [1401], [5578], [6934], [2289], [3486], [4313], [5328], [10631], [5111], [53335], [367], [867], [6347], [6335], [4842], [4233], [1756], [4790], [3605], [1832], [3717], [3952], [596], [26354], [5159], [4893], [2944], [23411], [351], [3576], [5830], [5058], [4803], [6868], [8405], [1173], [4851], [4361], [4780], [7097], [2668], [55193], [2908], [1191], [5580], [50863], [960], [3606], [7015], [3146], [114548], [406991], [2312], [51479], [7494], [120892], [2706], [9901], [2932], [6647], [5071], [4609], [3106], [1910], [472], [93986], [7534], [8314], [3565], [26011], [672], [4204], [3077], [3383], [6404], [3162], [5594], [4774], [5236], [4691], [5027], [3592], [2952], [4784], [3135], [4282], [2629], [4312], [5430], [1806], [3552], [2950], [51741], [2332], [50943], [3603], [655], [4128], [2068], [196], [217], [1493], [5190], [4988], [355], [675], [64127], [5581], [3350], [79068], [90865], [5515], [7132], [10397], [3064], [7852], [5321], [8850], [4843], [79728], [57178], [3084], [2697], [5054], [2153], [5921], [6387], [5290], [154], [5074], [245], [1803], [920], [6649], [1385], [1394], [5373], [836]]
Skin disorder:[[1277], [4157], [5189], [1278], [2212], [2214], [1956], [2272], [3356], [3133], [55670], [91869], [7157], [288], [1312], [6532], [7124], [201163], [3569], [8924], [8379], [3815], [23345], [7422], [7227], [1294], [3845], [4524], [6095], [3553], [7421], [7040], [6925], [79796], [861], [348], [301], [6622], [4000], [5728], [4318], [3586], [4846], [2099], [2200], [673], [3479], [7099], [3458], [894], [627], [207], [2475], [9370], [3091], [6774], [1499], [6482], [54106], [5743], [7750], [5243], [1401], [5578], [6934], [2289], [3486], [4313], [5328], [10631], [5111], [53335], [367], [867], [6347], [6335], [4842], [4233], [1756], [4790], [3605], [1832], [3717], [3952], [596], [26354], [5159], [4893], [2944], [23411], [351], [3576], [5830], [5058], [4803], [6868], [8405], [1173], [4851], [4361], [4780], [7097], [2668], [55193], [2908], [1191], [5580], [50863], [960], [3606], [7015], [3146], [114548], [406991], [2312], [51479], [7494], [120892], [2706], [9901], [2932], [6647], [5071], [4609], [3106], [1910], [472], [93986], [7534], [8314], [3565], [26011], [672], [4204], [3077], [3383], [6404], [3162], [5594], [4774], [5236], [4691], [5027], [3592], [2952], [4784], [3135], [4282], [2629], [4312], [5430], [1806], [3552], [2950], [51741], [2332], [50943], [3603], [655], [4128], [2068], [196], [217], [1493], [5190], [4988], [355], [675], [64127], [5581], [3350], [79068], [90865], [5515], [7132], [10397], [3064], [7852], [5321], [8850], [4843], [79728], [57178], [3084], [2697], [5054], [2153], [5921], [6387], [5290], [154], [5074], [245], [1803], [920], [6649], [1385], [1394], [5373], [836]]
Skin disease:[[7124], [3553], [3106], [3896], [6347], [3605], [2706], [3565], [4282], [114548], [841], [4353], [7098], [2312], [85480], [3002], [6288], [1673], [3691], [23705], [10804], [3918], [1828], [909], [1041], [26525], [2707], [3868], [23515], [79723], [79651]]
Dermatological disease:[[26191], [673], [406991], [3965], [1634], [2706], [857], [22861], [3265], [2263], [2312], [84444], [5920], [10158]]
Skin Disease:[[7124], [3553], [3106], [3896], [6347], [3605], [2706], [3565], [4282], [114548], [841], [4353], [7098], [2312], [85480], [3002], [6288], [1673], [3691], [23705], [10804], [3918], [1828], [909], [1041], [26525], [2707], [3868], [23515], [79723], [79651]]
Dermatological disorder:[[673], [406991], [2706], [857], [2263], [2312], [22861]]
Skin Diseases:[[7124], [2475], [3952], [3458], [3605], [406991], [3606], [3565], [2706], [90865], [5265], [2697], [4353], [1803], [3308], [23586], [9021], [10631], [50616], [5176], [84876], [9232], [4734], [6278], [368], [6361], [386653], [6768], [1828], [407975], [11005], [909], [10318], [1041], [4174], [64806], [5870], [162514], [56300], [23581], [2201], [1240], [84525], [10850], [4014], [944], [84659], [56477], [388698], [381], [1775], [79983], [131873], [338324], [122773]]
Dermatopathy:[[]]
Dermatoses:[[7157], [7124], [3586], [2944], [50943], [3135], [3565], [7098], [2312], [867], [5777], [488], [1365], [284217], [79650], [6847], [64693], [121355]]
