SAS - Sleep apnea syndrome:[[7124], [6288]]
Sleep Hypopnea:[[]]
Sleep Apnea Syndrome:[[7124], [3569], [9370], [7422], [1636], [6532], [3091], [1401], [4318], [627], [7421], [3553], [3479], [6622], [23411], [6696], [3953], [1906], [4023], [3356], [1116], [5806], [959], [57817], [5950], [6285], [2638], [197], [2690], [406913], [2167], [6288], [5069], [51561], [1910], [6863], [2026], [1909], [6517], [2550], [7114], [3779], [140823]]
SAS - Sleep apnoea syndrome:[[56729]]
Sleep Apneas:[[]]
Sleep Hypopneas:[[]]
Sleep apnoea syndrome:[[348], [51738], [3569], [1906], [1636], [627], [3479], [3952], [4524], [7132], [7040], [5468], [3119], [29126], [183], [5133], [3958], [135], [56729], [3060], [155], [3552], [213], [2167], [55600], [8862], [4973], [134], [4925], [5187], [2572]]
Sleep apnea syndrome:[[7124], [3569], [9370], [7422], [1636], [6532], [3091], [1401], [4318], [627], [7421], [3553], [3479], [6622], [23411], [6696], [3953], [1906], [4023], [3356], [1116], [5806], [959], [57817], [5950], [6285], [2638], [197], [2690], [406913], [2167], [6288], [5069], [51561], [1910], [6863], [2026], [1909], [6517], [2550], [7114], [3779], [140823]]
Sleep hypopnoea:[[5468], [3060]]
Sleep apnea NOS:[[4846], [7422], [3091], [351], [2099], [5743], [3479], [6622], [23411], [154], [3162], [857], [56729], [796]]
Sleep apnea:[[7124], [3569], [348], [9370], [7422], [1401], [1636], [3952], [4318], [3091], [6532], [3586], [351], [2099], [5743], [367], [627], [3123], [7421], [3576], [3553], [5468], [7099], [4846], [3479], [6622], [6347], [4879], [23411], [5594], [5444], [332], [406991], [3383], [3953], [1493], [1906], [3119], [183], [2908], [3162], [5970], [154], [6696], [50943], [3606], [3356], [1432], [177], [51738], [857], [5133], [5663], [5595], [4000], [581], [4282], [1116], [2332], [4023], [3039], [213], [5806], [56729], [4170], [959], [6285], [718], [3667], [7139], [796], [3084], [57817], [5950], [6280], [2056], [116519], [729230], [5624], [6401], [6403], [2638], [153], [5228], [197], [947], [2690], [2167], [6720], [50964], [406913], [4914], [6279], [632], [5155], [6288], [5069], [51561], [4878], [8862], [182], [3358], [6441], [10062], [2643], [4015], [11132], [1910], [6863], [2026], [6869], [1843], [6402], [11082], [1909], [3060], [7001], [2548], [6517], [7538], [6721], [2875], [2358], [2550], [6283], [2357], [4638], [7376], [7114], [58157], [406919], [3929], [10159], [83667], [7850], [4882], [3777], [338557], [1407], [1408], [3779], [140823], [6444], [6572], [4223], [2359], [11262], [27129], [27245], [100302234], [23768], [11086]]
Sleep apnea unspecified:[[7124], [348], [7422], [2099], [351], [3091], [1432], [5468], [5743], [367], [5594], [7421], [5595], [2908], [5970], [581], [4170], [2332], [3084], [3667], [4914], [7538]]
Unspecified sleep apnea:[[7124], [348], [7422], [2099], [351], [3091], [1432], [5468], [5743], [367], [5594], [7421], [5595], [2908], [5970], [581], [4170], [2332], [3084], [3667], [4914], [7538]]
Sleep hypopnea:[[]]
Sleep Apnea:[[7124], [3569], [348], [9370], [7422], [1401], [1636], [3952], [4318], [3091], [6532], [3586], [351], [2099], [5743], [367], [627], [3123], [7421], [3576], [3553], [5468], [7099], [4846], [3479], [6622], [6347], [4879], [23411], [5594], [5444], [332], [406991], [3383], [3953], [1493], [1906], [3119], [183], [2908], [3162], [5970], [154], [6696], [50943], [3606], [3356], [1432], [177], [51738], [857], [5133], [5663], [5595], [4000], [581], [4282], [1116], [2332], [4023], [3039], [213], [5806], [56729], [4170], [959], [6285], [718], [3667], [7139], [796], [3084], [57817], [5950], [6280], [2056], [116519], [729230], [5624], [6401], [6403], [2638], [153], [5228], [197], [947], [2690], [2167], [6720], [50964], [406913], [4914], [6279], [632], [5155], [6288], [5069], [51561], [4878], [8862], [182], [3358], [6441], [10062], [2643], [4015], [11132], [1910], [6863], [2026], [6869], [1843], [6402], [11082], [1909], [3060], [7001], [2548], [6517], [7538], [6721], [2875], [2358], [2550], [6283], [2357], [4638], [7376], [7114], [58157], [406919], [3929], [10159], [83667], [7850], [4882], [3777], [338557], [1407], [1408], [3779], [140823], [6444], [6572], [4223], [2359], [11262], [27129], [27245], [100302234], [23768], [11086]]
Sleep Apnea Syndromes:[[183], [3667]]
Sleep apnoea:[[51738], [348], [3569], [1636], [627], [3479], [3952], [4524], [7040], [29126], [5468], [135], [3119], [1906], [183], [3060], [5133], [3958], [213], [56729], [3552], [7132], [134], [155], [2167], [55600], [4973], [8862], [4925], [5187], [2572], [3373]]
