Obstructive sleep apnoea syndrome:[[348], [3569], [1636], [1906], [51738], [3952], [7040], [627], [4524], [3479], [5468], [7132], [3119], [29126], [183], [5133], [3958], [3060], [56729], [155], [3552], [213], [2167], [55600], [8862], [4973], [4925], [5187], [2572]]
SLEEP APNEA/HYPOPNEA SYNDROME:[[1401], [7124], [3569], [1493], [3953], [7422], [10062], [1636], [4318], [6532], [2099], [3091], [5743], [5444], [3356], [5133], [1116], [3039], [6285], [796], [5970], [632], [11132], [6441], [153], [3060], [5155], [2026], [7376], [406919], [4223]]
OSA:[[8289], [57492], [348], [1636], [7422], [7124], [9370], [3569], [3586], [1401], [351], [5468], [3952], [4318], [3091], [6774], [4313], [5054], [5444], [6347], [7097], [154], [177], [1906], [5663], [3356], [4982], [3953], [1950], [3084], [6285], [5806], [6401], [6403], [285], [50964], [2735], [947], [7010], [55600], [4015], [6402], [2668], [7033], [6283], [2875], [4856], [5345], [10333], [2318], [83667], [3777], [2819], [79155], [693215], [27245]]
OSAHS:[[7422], [7124], [9370], [1636], [5743], [1401], [6532], [4780], [2908], [1493], [5133], [3356], [19], [56729], [2056], [1535], [4548], [10062], [3358], [3060], [7376]]
Obstructive sleep apnea syndrome:[[7124], [3569], [9370], [7422], [1636], [3091], [6532], [4318], [1401], [627], [7421], [3553], [3479], [6622], [23411], [6696], [1906], [3953], [4023], [3356], [1116], [959], [5806], [57817], [5950], [6285], [2638], [197], [2690], [406913], [2167], [6288], [5069], [51561], [1910], [6863], [2026], [1909], [6517], [2550], [7114], [3779], [140823]]
Sleep Apnea Hypopnea Syndrome:[[1401], [7124], [3569], [1493], [3953], [7422], [10062], [1636], [4318], [6532], [2099], [3091], [5743], [5444], [3356], [5133], [1116], [3039], [6285], [796], [5970], [632], [11132], [6441], [153], [3060], [5155], [2026], [7376], [406919], [4223]]
Apnea obstructive:[[7124], [3569], [348], [9370], [7422], [1401], [3162], [1636], [3952], [3091], [4318], [6532], [3576], [6441], [3553], [7099], [4846], [3586], [5468], [5743], [351], [2099], [367], [627], [3123], [6347], [3479], [7421], [3356], [1906], [4879], [1116], [3953], [5444], [6622], [406991], [23411], [154], [3606], [3119], [183], [177], [2908], [3383], [5594], [1493], [857], [332], [1432], [5970], [51738], [5806], [6696], [50943], [5133], [4282], [2638], [5663], [6285], [5595], [581], [3039], [7139], [213], [56729], [4170], [4023], [959], [3667], [2056], [718], [57817], [5950], [6280], [796], [3084], [116519], [2167], [4914], [729230], [5624], [6401], [6403], [153], [5228], [197], [8862], [947], [2690], [6720], [6288], [50964], [406913], [51561], [6279], [632], [5155], [5069], [4878], [182], [3358], [10062], [11132], [6863], [2026], [3060], [2643], [4015], [11082], [1910], [6869], [6517], [1843], [6402], [1909], [7001], [7538], [2358], [2550], [6721], [2875], [6283], [2357], [4638], [7376], [7114], [58157], [406919], [83667], [3929], [10159], [7850], [3777], [4882], [338557], [1407], [1408], [3779], [140823], [6444], [6572], [4223], [2359], [11262], [100302234], [23768], [11086]]
Syndrome Sleep Apnea Obstructive:[[348], [4023], [367], [3123], [1401], [7124], [3569], [9370], [7422], [1636], [1906], [3162], [3952], [4318], [3953], [1493], [1910], [6532], [50943], [857], [3091], [10062], [5594], [3576], [7099], [4846], [3553], [959], [3586], [6441], [718], [5468], [5950], [351], [116519], [2099], [5743], [627], [7421], [3479], [6347], [197], [6720], [4879], [3356], [406991], [182], [154], [3606], [3119], [2908], [177], [3383], [5444], [183], [23411], [1116], [51738], [5133], [4282], [5806], [6696], [6622], [6285], [7139], [56729], [3039], [332], [3667], [2638], [796], [5970], [2167], [213], [1432], [5595], [5663], [581], [57817], [5228], [2056], [2690], [8862], [632], [6280], [5069], [51561], [6288], [11132], [6401], [4170], [3084], [947], [153], [5624], [6403], [3358], [729230], [4878], [3060], [2875], [4914], [11082], [6279], [5155], [6863], [1909], [406913], [2026], [6869], [6517], [6572], [7001], [3929], [2643], [4015], [6402], [2550], [2358], [6721], [4638], [7376], [6283], [2357], [406919], [7114], [7850], [3777], [4882], [1407], [1408], [3779], [140823], [4223]]
Obstructive sleep apnea (adult)(pediatric):[[3479], [7124], [3569], [9370], [348], [7422], [3119], [3952], [4318], [1636], [3123], [6532], [627], [3586], [1401], [7099], [7421], [3553], [3576], [4879], [367], [4846], [332], [153], [51738], [5743], [5468], [2908], [23411], [50943], [5444], [1906], [154], [183], [406991], [5594], [1493], [796], [3953], [5133], [3383], [1432], [6280], [3162], [4282], [718], [581], [6285], [5595], [213], [7139], [57817], [116519], [5624], [5950], [729230], [197], [2026], [947], [6279], [5155], [51561]]
OBSTRUCTIVE SLEEP APNEA SYNDROME:[[7124], [3569], [9370], [7422], [1636], [3091], [6532], [4318], [1401], [627], [7421], [3553], [3479], [6622], [23411], [6696], [1906], [3953], [4023], [3356], [1116], [959], [5806], [57817], [5950], [6285], [2638], [197], [2690], [406913], [2167], [6288], [5069], [51561], [1910], [6863], [2026], [1909], [6517], [2550], [7114], [3779], [140823]]
Obstructive apnea:[[7124], [3569], [348], [9370], [7422], [1401], [3162], [1636], [3952], [3091], [4318], [6532], [3576], [6441], [3553], [7099], [4846], [3586], [5468], [5743], [351], [2099], [367], [627], [3123], [6347], [3479], [7421], [3356], [1906], [4879], [1116], [3953], [5444], [6622], [406991], [23411], [154], [3606], [3119], [183], [177], [2908], [3383], [5594], [1493], [857], [332], [1432], [5970], [51738], [5806], [6696], [50943], [5133], [4282], [2638], [5663], [6285], [5595], [581], [3039], [7139], [213], [56729], [4170], [4023], [959], [3667], [2056], [718], [57817], [5950], [6280], [796], [3084], [116519], [2167], [4914], [729230], [5624], [6401], [6403], [153], [5228], [197], [8862], [947], [2690], [6720], [6288], [50964], [406913], [51561], [6279], [632], [5155], [5069], [4878], [182], [3358], [10062], [11132], [6863], [2026], [3060], [2643], [4015], [11082], [1910], [6869], [6517], [1843], [6402], [1909], [7001], [7538], [2358], [2550], [6721], [2875], [6283], [2357], [4638], [7376], [7114], [58157], [406919], [83667], [3929], [10159], [7850], [3777], [4882], [338557], [1407], [1408], [3779], [140823], [6444], [6572], [4223], [2359], [11262], [100302234], [23768], [11086]]
OSA - Obstructive sleep apnoea:[[1636], [348], [3569], [3952], [5468], [1906], [55600]]
Sleep Apnea Obstructive:[[7124], [3569], [348], [9370], [7422], [3162], [1401], [1636], [3952], [3091], [4318], [6532], [3576], [6441], [7099], [4846], [3553], [3586], [5468], [5743], [351], [2099], [367], [627], [3123], [6347], [3479], [7421], [1906], [3356], [4879], [3953], [6622], [406991], [23411], [154], [3606], [3119], [183], [177], [2908], [1116], [3383], [5594], [1493], [5444], [857], [332], [1432], [5970], [51738], [5806], [6696], [50943], [5133], [4282], [2638], [5663], [5595], [581], [3039], [6285], [7139], [213], [56729], [4170], [4023], [959], [3667], [2056], [718], [57817], [5950], [6280], [796], [3084], [116519], [2167], [4914], [729230], [5624], [6401], [6403], [153], [5228], [197], [8862], [947], [2690], [6720], [6288], [50964], [406913], [51561], [6279], [632], [5155], [5069], [4878], [182], [3358], [10062], [11132], [6863], [2026], [3060], [2643], [4015], [11082], [1910], [6869], [6517], [1843], [6402], [1909], [7001], [7538], [2358], [2550], [6721], [2875], [6283], [2357], [4638], [7376], [7114], [58157], [406919], [83667], [3929], [10159], [7850], [3777], [4882], [338557], [1407], [1408], [3779], [140823], [6444], [6572], [4223], [2359], [11262], [100302234], [23768], [11086]]
OSA - Obstructive sleep apnea:[[7124], [3569], [9370], [1636], [348], [7422], [3952], [1401], [4318], [3091], [3586], [351], [5468], [6347], [5444], [3953], [3356], [1906], [154], [5663], [177], [6285], [3084], [5806], [6401], [6403], [50964], [947], [4015], [6402], [6283], [2875], [83667], [3777]]
OSAS:[[7124], [348], [3569], [627], [3586], [9370], [1401], [1636], [4318], [3479], [3576], [23411], [6347], [3383], [6696], [3958], [1116], [3356], [3667], [9518], [6285], [197], [2688], [2690], [5069], [6288], [2550], [3060], [140823]]
Obstructive sleep apnoea:[[3569], [348], [1636], [51738], [3952], [7040], [627], [3479], [4524], [5468], [29126], [3119], [1906], [183], [3060], [5133], [3958], [213], [56729], [3552], [7132], [155], [2167], [55600], [8862], [4973], [4925], [5187], [2572], [3373]]
APNEA OBSTRUCTIVE SLEEP:[[7124], [3569], [348], [9370], [1401], [1636], [3952], [7422], [6532], [4318], [3162], [3091], [51738], [3356], [351], [153], [627], [3479], [3553], [3576], [6622], [5468], [6441], [3586], [7099], [4846], [3606], [1906], [5743], [3953], [3119], [3123], [6347], [4879], [367], [1116], [2099], [5444], [7421], [2908], [183], [23411], [406991], [3383], [154], [177], [5594], [1493], [3060], [6285], [857], [5806], [332], [5663], [5133], [1432], [5970], [6696], [50943], [4282], [2638], [3039], [213], [7139], [5595], [56729], [581], [959], [3667], [4170], [4023], [1407], [5950], [2056], [718], [2167], [57817], [6280], [796], [3084], [116519], [5624], [4914], [729230], [8862], [6401], [6403], [5228], [197], [2026], [947], [2690], [6720], [6288], [50964], [406913], [51561], [4878], [6279], [632], [5155], [11132], [5069], [6863], [182], [3358], [10062], [11082], [2643], [4015], [1910], [6869], [6517], [1843], [6402], [1909], [2550], [7001], [7538], [2358], [6721], [2875], [6283], [2357], [83667], [4638], [7376], [7114], [58157], [406919], [3777], [3929], [10159], [1408], [7850], [4882], [338557], [3779], [140823], [6444], [6572], [4223], [2359], [11262], [100302234], [23768], [11086]]
Obstructive sleep apnea:[[7124], [3569], [348], [7422], [9370], [1636], [3091], [1401], [4318], [6532], [3952], [3586], [351], [2099], [5743], [367], [627], [3123], [7421], [3576], [3553], [5468], [7099], [4846], [3479], [6622], [6347], [23411], [5594], [5444], [332], [4879], [406991], [3383], [1493], [1906], [3119], [183], [2908], [3162], [5970], [154], [6696], [3953], [50943], [3606], [3356], [1432], [177], [51738], [857], [5133], [5663], [5595], [581], [4282], [1116], [4023], [3039], [213], [56729], [4170], [959], [6285], [718], [5806], [3667], [7139], [796], [3084], [57817], [5950], [6280], [2056], [116519], [729230], [5624], [6401], [6403], [2638], [153], [5228], [197], [947], [2690], [2167], [6720], [50964], [406913], [4914], [6279], [632], [5155], [6288], [5069], [51561], [8862], [182], [3358], [6441], [10062], [2643], [4015], [11132], [1910], [6863], [2026], [6869], [1843], [6402], [11082], [1909], [7001], [6517], [7538], [3060], [6721], [2875], [2358], [2550], [6283], [2357], [4638], [7376], [7114], [58157], [406919], [3929], [10159], [83667], [7850], [4882], [3777], [338557], [1407], [1408], [3779], [140823], [6444], [6572], [4223], [2359], [11262], [100302234], [23768], [11086]]
SAHS:[[]]
Sleep Apneas Obstructive:[[]]
Obstructive sleep apnea (adult) (pediatric):[[3479], [7124], [3569], [9370], [348], [7422], [3119], [3952], [4318], [1636], [3123], [6532], [627], [3586], [1401], [7099], [7421], [3553], [3576], [4879], [367], [4846], [332], [153], [51738], [5743], [5468], [2908], [23411], [50943], [5444], [1906], [154], [183], [406991], [5594], [1493], [796], [3953], [5133], [3383], [1432], [6280], [3162], [4282], [718], [581], [6285], [5595], [213], [7139], [57817], [116519], [5624], [5950], [729230], [197], [2026], [947], [6279], [5155], [51561]]
