Sleep Apneas Central:[[]]
Sleep-Disordered Breathing Central:[[348], [1401], [3605], [4879], [5444], [5624], [4878], [10800], [1241]]
Central Alveolar Hypoventilation Syndrome:[[]]
Sleep-Disordered Breathings Central:[[348], [1401], [3605], [4879], [5444], [5624], [4878], [10800], [1241]]
Central sleep apnea:[[3952], [4879], [4878], [27129]]
APNEA CENTRAL SLEEP:[[7124], [3569], [348], [9370], [3952], [1401], [6532], [51738], [7422], [351], [1636], [627], [3383], [6622], [4318], [3479], [3091], [3586], [3553], [2099], [3356], [5468], [3123], [3576], [5743], [367], [5970], [7099], [6403], [7421], [3953], [4879], [6347], [3606], [3119], [23411], [1906], [1493], [4846], [5444], [6285], [5594], [2908], [406991], [6696], [5133], [1432], [1116], [3084], [3162], [332], [177], [50943], [5663], [154], [3060], [857], [4000], [581], [57817], [4282], [4023], [3039], [718], [5595], [5806], [959], [2332], [3667], [796], [2056], [6280], [5624], [729230], [6401], [6720], [50964], [4878], [2690], [632], [4914], [6863], [2026], [10062], [6288], [51561], [11132], [1843], [1910], [1909], [6869], [7538], [10159], [6402], [2550], [58157], [3779], [27129]]
Hypoventilation Central Alveolar:[[5979], [8929], [154]]
Sleep Apnea Central:[[7124], [3569], [348], [9370], [7422], [3952], [3383], [1401], [6532], [3586], [351], [2099], [4318], [3091], [627], [1636], [3553], [6622], [3123], [3576], [5468], [5970], [5743], [7099], [367], [3479], [6403], [7421], [51738], [23411], [1493], [4846], [6347], [4879], [5594], [406991], [6696], [3953], [1432], [3084], [3162], [5133], [1906], [332], [177], [2908], [50943], [3356], [5444], [3119], [154], [6285], [857], [4000], [581], [3606], [57817], [4282], [5663], [4023], [1116], [718], [5595], [3039], [2332], [959], [5806], [3667], [796], [2056], [6280], [729230], [5624], [6401], [6720], [50964], [2690], [632], [4914], [4878], [10062], [6288], [6863], [51561], [1843], [11132], [1910], [2026], [1909], [6869], [7538], [10159], [6402], [3060], [2550], [58157], [3779], [27129]]
Central Apnea:[[]]
Central Apneas:[[]]
Hypoventilations Central Alveolar:[[2308], [3576], [1268], [653509], [79058], [7157], [7124], [7040], [5728], [1956], [7422], [3383], [4790], [3553], [348], [3569], [3586], [5979], [7099], [5243], [6774], [6469], [673], [207], [2475], [5468], [4318], [4088], [4609], [2064], [6532], [3091], [3605], [7097], [3123], [4193], [3458], [1080], [5743], [7852], [5054], [3479], [4780], [7421], [8929], [596], [5594], [51738], [6778], [11214], [7015], [6647], [23411], [6387], [177], [8626], [1493], [4846], [3146], [4582], [2147], [6347], [1432], [7098], [406991], [3084], [3162], [355], [4233], [3630], [2932], [2146], [8600], [238], [5290], [2908], [8743], [960], [3688], [50943], [3606], [5879], [3480], [10135], [4312], [154], [9021], [581], [4282], [1906], [5599], [114548], [3565], [406938], [2321], [3815], [10413], [3082], [10891], [6772], [857], [2100], [54106], [387], [5595], [356], [2152], [3552], [6285], [90865], [3600], [4843], [3725], [5265], [3627], [796], [2260], [7076], [1471], [3596], [19], [7276], [5328], [4615], [7430], [406947], [4915], [5781], [4436], [8651], [1457], [407040], [7132], [2735], [1116], [5156], [860], [4323], [1437], [6615], [5111], [302], [5806], [3303], [4316], [8837], [8678], [358], [1236], [7113], [2006], [3169], [4904], [6868], [23586], [6093], [6464], [103], [729230], [6678], [50616], [1019], [3551], [5478], [4157], [6376], [820], [6597], [50964], [7849], [558], [2150], [5579], [7295], [8202], [5079], [3439], [949], [7045], [7080], [51741], [407006], [2833], [10062], [3002], [1991], [1072], [3611], [406952], [5292], [8841], [6446], [2177], [2264], [23410], [23705], [1649], [57007], [4478], [3778]]
Sleep Apnea Lethal Central:[[7124], [7422], [1401], [4000], [367], [7099], [3576], [3479], [7421], [23411], [1432], [177], [3162], [581], [5444], [2332], [6288], [7538], [2026]]
Sleep Disordered Breathing Central:[[348], [1401], [3605], [4879], [5444], [5624], [4878], [10800], [1241]]
SLEEP APNEA LETHAL CENTRAL:[[7124], [7422], [1401], [4000], [367], [7099], [3576], [3479], [7421], [23411], [1432], [177], [3162], [581], [5444], [2332], [6288], [7538], [2026]]
Ondine Syndrome:[[]]
Central Sleep Apnea Syndrome:[[]]
