Syndrome Sotos':[[3757], [1280], [114548], [3753], [2074], [7157], [348], [1281], [51085], [546], [80184], [7466], [3845], [673], [8481], [5728], [8195], [7486], [641], [2706], [2317], [4292], [91147], [8626], [1540], [4000], [54658], [1161], [7490], [2033], [6331], [4023], [1071], [5781], [4436], [2263], [3643], [7291], [3784], [2261], [2260], [582], [10806], [8085], [10083], [367], [4683], [207], [84062], [3123], [7468], [4647], [4952], [2200], [1029], [7399], [4810], [201163], [2969], [10804], [6949], [7227], [2492], [775], [7840], [2316], [5428], [3730], [5080], [585], [1278], [54487], [5604], [55612], [2121], [811], [5290], [132884], [4281], [116442], [84100], [2812], [5077], [64127], [79068], [6663], [783], [338], [57167], [1130], [9968], [2332], [1277], [3990], [10743], [7456], [19], [2122], [3265], [6737], [84059], [6741], [3481], [6513], [4089], [23111], [2646], [356], [1285], [1387], [26585], [8976], [7504], [1827], [331], [23405], [9401], [65217], [4893], [672], [4692], [9569], [5894], [4277], [6774], [3117], [1401], [1788], [7401], [7128], [3570], [545], [10163], [583], [10682], [124590], [129880], [54808], [27241], [2138], [79738], [4137], [2475], [60], [3897], [5159], [1364], [8091], [5885], [79803], [2811], [2956], [9993], [5460], [4286], [675], [3717], [8220], [80144], [80025], [999], [3973], [79621], [4193], [64135], [1145], [55212], [2645], [27031], [4851], [1493], [10535], [2131], [1910], [7122], [9031], [4853], [1134], [2146], [100188856], [355], [50943], [105259599], [2153], [9652], [10908], [3664], [7020], [8214], [5308], [10062], [8517], [5076], [27019], [5189], [5395], [1287], [1906], [25825], [3759]]
Cerebral giant:[[351], [3576], [3569], [3845], [7124], [7422], [7157], [4318], [7099], [4846], [7040], [3091], [4137], [3586], [1956], [5743], [1499], [3383], [207], [3479], [3458], [4313], [3605], [1906], [7450], [581], [5290], [4843], [3606], [3565], [6696], [2100], [7080], [3690], [6772], [1191], [836], [4282], [3417], [10135], [4312], [2247], [958], [4255], [682], [2697], [1277], [4204], [9021], [4314], [2316], [959], [7291], [6469], [3315], [3593], [7189], [7248], [1000], [7048], [3371], [3329], [947], [3418], [5579], [5155], [3020], [4747], [1910], [727], [9235], [3459], [1909], [3516], [407037], [23224], [192343]]
SOTOS SYNDROME:[[64324], [105980006], [4784], [105980008], [2146], [3486], [10297], [29072], [2161], [84282]]
Syndrome Sotos:[[64324], [105980006], [4784], [105980008], [2146], [3486], [10297], [29072], [2161], [84282]]
Cerebral gigantism:[[105980006], [105980008]]
Soto's Syndrome:[[64324]]
CEREBRAL GIGANTISM:[[105980006], [105980008]]
Sotos' syndrome:[[3757], [1280], [114548], [3753], [2074], [7157], [348], [1281], [51085], [546], [80184], [7466], [3845], [673], [8481], [5728], [8195], [7486], [641], [2706], [2317], [4292], [91147], [8626], [1540], [4000], [54658], [1161], [7490], [2033], [6331], [4023], [1071], [5781], [4436], [2263], [3643], [7291], [3784], [2261], [2260], [582], [10806], [8085], [10083], [367], [4683], [207], [84062], [3123], [7468], [4647], [4952], [2200], [1029], [7399], [4810], [201163], [2969], [10804], [6949], [7227], [2492], [775], [7840], [2316], [5428], [3730], [5080], [585], [1278], [54487], [5604], [55612], [2121], [811], [5290], [132884], [4281], [116442], [84100], [2812], [5077], [64127], [79068], [6663], [783], [338], [57167], [1130], [9968], [2332], [1277], [3990], [10743], [7456], [19], [2122], [3265], [6737], [84059], [6741], [3481], [6513], [4089], [23111], [2646], [356], [1285], [1387], [26585], [8976], [7504], [1827], [331], [23405], [9401], [65217], [4893], [672], [4692], [9569], [5894], [4277], [6774], [3117], [1401], [1788], [7401], [7128], [3570], [545], [10163], [583], [10682], [124590], [129880], [54808], [27241], [2138], [79738], [4137], [2475], [60], [3897], [5159], [1364], [8091], [5885], [79803], [2811], [2956], [9993], [5460], [4286], [675], [3717], [8220], [80144], [80025], [999], [3973], [79621], [4193], [64135], [1145], [55212], [2645], [27031], [4851], [1493], [10535], [2131], [1910], [7122], [9031], [4853], [1134], [2146], [100188856], [355], [50943], [105259599], [2153], [9652], [10908], [3664], [7020], [8214], [5308], [10062], [8517], [5076], [27019], [5189], [5395], [1287], [1906], [25825], [3759]]
Gigantism Cerebral:[[105980006], [105980008]]
Gigantisms Cerebral:[[351], [889], [11235], [83605], [348], [3569], [8314], [4854], [3845], [1471], [7124], [7422], [4524], [5414], [7157], [4318], [1401], [7040], [8848], [4846], [55177], [4137], [3091], [5654], [441549], [3717], [1956], [7099], [627], [1636], [5295], [6532], [2099], [3586], [2147], [5243], [3553], [56934], [1813], [4790], [3576], [2064], [5728], [5743], [81618], [9370], [23378], [2153], [4879], [3383], [1499], [6774], [367], [207], [5444], [6347], [1312], [7421], [590], [5468], [6647], [5663], [3479], [4313], [183], [6622], [1557], [3458], [60502], [177], [3162], [3952], [7097], [7852], [5594], [2944], [338], [5621], [84547], [5054], [4208], [3146], [1906], [6285], [100820758], [7450], [6513], [23411], [11277], [4851], [6387], [85442], [3605], [2348], [335], [5290], [2952], [581], [140706], [3688], [960], [7276], [3606], [341], [3565], [2571], [4763], [10452], [3082], [2908], [7515], [23435], [4843], [5970], [857], [6696], [355], [2100], [3690], [11093], [5925], [120892], [51148], [217], [6648], [1432], [406938], [4035], [6531], [3480], [142], [8743], [2157], [3791], [9911], [185], [7080], [3672], [1191], [2244], [836], [3630], [8243], [4282], [328], [1543], [3417], [114548], [3949], [387], [4153], [6667], [10135], [9429], [4312], [6772], [3557], [3486], [4023], [1815], [3627], [3356], [6657], [1071], [4255], [4088], [1268], [4982], [2332], [1277], [19], [2247], [6934], [3552], [4204], [196], [406947], [958], [3064], [1116], [682], [3240], [2321], [5329], [59272], [4852], [4436], [2697], [23621], [2152], [4314], [8074], [56729], [361], [4128], [6352], [3014], [5159], [4089], [959]]
Cerebral gigantism syndrome:[[105980006], [105980008]]
Sotos syndrome:[[64324], [105980006], [4784], [105980008], [2146], [3486], [10297], [29072], [2161], [84282]]
Sotos Sequence:[[64324], [2146], [105980006], [3486], [4784], [105980008], [2161], [10297], [29072], [84282]]
Soto Syndrome:[[]]
