Spastic Paraplegia-Hypertrophic Motor-Sensory Neuropathy:[[]]
Hereditary spastic paraplegia:[[3329], [5354], [51062], [3798], [857], [9420], [6687], [9897], [6683], [123606], [6513], [203228], [11160], [10908], [5832], [3897], [2583], [659], [80208], [23503], [2161], [823], [8398], [6311], [476], [215], [6709], [23400], [6253], [26278], [4508], [9361], [57679], [10382], [547], [29978], [3336], [57704], [8086], [3737], [25778], [55210], [23111], [65055], [79152], [10342], [10939], [57498], [8139], [55361], [83636], [84661], [23299], [113612], [51010], [23259], [126129], [10749], [51271], [10717], [84947], [84706], [9179], [80821], [5833], [23204], [118813], [55187], [200205], [23431], [11154], [51308], [339855], [9907], [91056], [140907]]
Hypertrophic Motor-Sensory Neuropathy-Spastic Paraplegia:[[]]
Spastic Paraplegia Hypertrophic Motor Sensory Neuropathy:[[]]
Spastic Paraplegia Hereditary:[[51062], [6683], [6687], [5832], [123606], [80208], [65055], [11160], [79152], [113612], [547], [3329], [10717], [25778], [5354], [23111], [3798], [80821], [118813], [9897], [9420], [26580], [80207], [10342], [2161], [22948], [23503], [10908], [2583], [823], [140907], [57679], [23400], [857], [4508], [57704], [6513], [6253], [203228], [659], [23259], [57498], [3897], [83636], [6311], [4287], [126129], [51271], [8398], [1785], [137492], [9179], [476], [215], [6310], [6709], [23204], [200205], [5833], [23431], [26278], [11154], [9361], [10382], [29978], [9895], [3336], [8086], [3737], [51308], [10939], [55210], [9907], [84661], [23299], [10749], [8139], [55361], [51010], [84947], [84706], [55187], [339855], [91056]]
Spastic congenital paraplegia:[[6683], [26580], [25778], [857], [9420], [9197], [1785], [6513], [3897], [659], [2161], [215], [493], [4508], [23299], [339855]]
Strumpell-Lorrain disease:[[80821]]
Spastic Paraplegias Hereditary:[[51062], [3798], [6683], [6687], [9897], [10342], [65055], [10939], [23259], [81790]]
HSP - Hereditary spastic paraplegia:[[3329], [51062], [3798], [5354], [6683], [9897], [6687], [9420], [80208], [6513], [123606], [11160], [3897], [23503], [823], [26278], [6709], [65055], [57679], [10342], [547], [57704], [23111], [57498], [23259], [113612], [10749], [10717], [23204], [80821], [9907]]
Familial spastic paraplegia syndrome:[[6683], [51062], [65055], [857], [23400], [203228], [7345], [6567], [659], [7054], [6311], [4287]]
