Congenital spherocytosis:[[6708], [3043], [5313]]
Familial spherocytosis:[[8647], [3077], [6521], [3043], [4778]]
Hereditary spherocytosis:[[6521], [3043], [54658], [358], [286], [961], [7001], [6708], [6710], [8647], [5313], [6711], [4778], [2038]]
HS - Hereditary spherocytosis:[[3043], [6521], [54658], [286], [358], [8647], [961], [7001], [6708], [6710], [6711], [5313], [4778], [2038]]
Spherocytosis Hereditary:[[3077], [6708], [6521], [286], [6710], [54658], [3043], [2038], [358], [961], [7001], [8647], [5313], [6711], [4778]]
Familial acholuric jaundice:[[7124], [3569], [3553], [3586], [2944], [2688], [7076], [1244], [5618]]
Spherocytoses Hereditary:[[3077], [5376], [7157], [6654], [672], [26585], [5624], [999], [675], [3845], [3553], [1080], [4089], [3315], [2022], [51062], [324], [1786], [3557], [7421], [7080], [2956], [2157], [1471], [2137], [547], [10558], [6690], [9927], [7048], [4524], [710], [2161], [351], [1029], [7954], [79728], [3329], [7040], [9566], [1436], [7124], [348], [4914], [5644], [7422], [5080], [3569], [408259], [2099], [174], [7424], [54463], [2521], [1636], [5925], [1814], [94], [5979], [6708], [2706], [673], [6720], [4292], [2271], [4072], [2512], [10801], [2064], [5728], [2147], [780916], [110011217], [4137], [4535], [6335], [2158], [2160], [9780], [4318], [5395], [2324], [5354], [1401], [7276], [367], [4846], [207], [2153], [3783], [4436], [1499], [7099], [4149], [2475], [1312], [335], [29126], [3576], [6622], [7015], [11200], [2778], [472], [1282], [5054], [100124414], [619402], [408260], [378888], [246230], [80870], [80768], [64644], [59333], [54115], [50989], [10774], [100188867], [3717], [4780], [3479], [65125], [10481], [6041], [50952], [2944], [100188834], [4193], [3247], [100188865], [101059903], [101027378], [100302560], [100188868], [100188826], [100188809], [100188769], [791087], [7909], [1639], [5290], [3815], [229], [7428], [26580], [3798], [7498], [5444], [6347], [4538], [4879], [657], [2950], [960], [110008579], [4233], [2658], [57817], [6687], [3105], [1813], [120892], [4210], [6521], [3043], [7515], [26353], [1565], [857], [5172], [3075], [1371], [11093], [54658], [142], [4508], [185], [581], [3757], [5133], [3098], [9420], [57679], [4582], [462], [4312], [1027], [8074], [7273], [9897], [5631], [4282], [7132], [1588], [114548], [4255], [718], [5071], [2261]]
Acholuric (familial) jaundice:[[]]
Congenital spherocytic haemolytic anaemia:[[5313]]
Minkowsky-Chauffard syndrome:[[3757], [1280], [114548], [3753], [2074], [7157], [348], [1281], [51085], [546], [80184], [7466], [3845], [673], [8481], [5728], [8195], [7486], [641], [2706], [2317], [4292], [91147], [8626], [1540], [4000], [54658], [1161], [7490], [2033], [6331], [4023], [1071], [5781], [4436], [2263], [3643], [7291], [3784], [2261], [2260], [582], [10806], [8085], [10083], [367], [4683], [207], [84062], [3123], [7468], [4647], [4952], [2200], [1029], [7399], [4810], [201163], [2969], [10804], [6949], [7227], [2492], [775], [7840], [2316], [5428], [3730], [5080], [585], [1278], [54487], [5604], [55612], [2121], [811], [5290], [132884], [4281], [116442], [84100], [2812], [5077], [64127], [79068], [6663], [783], [338], [57167], [1130], [9968], [2332], [1277], [3990], [10743], [7456], [19], [2122], [3265], [6737], [84059], [6741], [3481], [6513], [4089], [23111], [2646], [356], [1285], [1387], [26585], [8976], [7504], [1827], [331], [23405], [9401], [65217], [4893], [672], [4692], [9569], [5894], [4277], [6774], [3117], [1401], [1788], [7401], [7128], [3570], [545], [10163], [583], [10682], [124590], [129880], [54808], [27241], [2138], [79738], [4137], [2475], [60], [3897], [5159], [1364], [8091], [5885], [79803], [2811], [2956], [9993], [5460], [4286], [675], [3717], [8220], [80144], [80025], [999], [3973], [79621], [4193], [64135], [1145], [55212], [2645], [27031], [4851], [1493], [10535], [2131], [1910], [7122], [9031], [4853], [1134], [2146], [100188856], [355], [50943], [105259599], [2153], [9652], [10908], [3664], [7020], [8214], [5308], [10062], [8517], [5076], [27019], [5189], [5395], [1287], [1906], [25825], [3759]]
Minkowski-Chauffard syndrome:[[3757], [1280], [114548], [3753], [2074], [7157], [348], [1281], [51085], [546], [80184], [7466], [3845], [673], [8481], [5728], [8195], [7486], [641], [2706], [2317], [4292], [91147], [8626], [1540], [4000], [54658], [1161], [7490], [2033], [6331], [4023], [1071], [5781], [4436], [2263], [3643], [7291], [3784], [2261], [2260], [582], [10806], [8085], [10083], [367], [4683], [207], [84062], [3123], [7468], [4647], [4952], [2200], [1029], [7399], [4810], [201163], [2969], [10804], [6949], [7227], [2492], [775], [7840], [2316], [5428], [3730], [5080], [585], [1278], [54487], [5604], [55612], [2121], [811], [5290], [132884], [4281], [116442], [84100], [2812], [5077], [64127], [79068], [6663], [783], [338], [57167], [1130], [9968], [2332], [1277], [3990], [10743], [7456], [19], [2122], [3265], [6737], [84059], [6741], [3481], [6513], [4089], [23111], [2646], [356], [1285], [1387], [26585], [8976], [7504], [1827], [331], [23405], [9401], [65217], [4893], [672], [4692], [9569], [5894], [4277], [6774], [3117], [1401], [1788], [7401], [7128], [3570], [545], [10163], [583], [10682], [124590], [129880], [54808], [27241], [2138], [79738], [4137], [2475], [60], [3897], [5159], [1364], [8091], [5885], [79803], [2811], [2956], [9993], [5460], [4286], [675], [3717], [8220], [80144], [80025], [999], [3973], [79621], [4193], [64135], [1145], [55212], [2645], [27031], [4851], [1493], [10535], [2131], [1910], [7122], [9031], [4853], [1134], [2146], [100188856], [355], [50943], [105259599], [2153], [9652], [10908], [3664], [7020], [8214], [5308], [10062], [8517], [5076], [27019], [5189], [5395], [1287], [1906], [25825], [3759]]
Congenital spherocytic hemolytic anemia:[[3043], [2539], [5313]]
