Structural developmental anomalies of neuroenteric canal:[[5781], [2737]]
Spina bifida unspecified:[[7157], [348], [672], [5578], [652], [5579], [5077], [23513], [9620]]
Spinal dysrhaphia:[[6606], [59341], [109504725], [4763], [80310], [7124], [56034], [367], [7157], [338567], [3569], [7422], [1956], [4318], [4524], [348], [7040], [207], [6647], [3586], [627], [7421], [4137], [3123], [351], [23299], [2099], [2475], [1401], [6622], [6774], [673], [4790], [6347], [1080], [672], [23435], [3458], [9370], [5243], [3845], [3146], [3479], [4313], [3952], [5743], [1499], [7099], [2736], [3576], [8293], [4851], [6532], [6469], [596], [538], [7852], [675], [3717], [1778], [101241900], [246751], [8094], [406991], [7097], [154], [6696], [5594], [29937], [4233], [3605], [4153], [177], [23411], [50943], [1813], [650], [2932], [3480], [929], [3815], [2908], [9217], [5979], [2068], [51335], [2100], [10280], [387], [9429], [7317], [142], [2521], [5133], [836], [5621], [427], [6648], [5027], [4312], [3508], [324], [1277], [2247], [3557], [7276], [581], [4282], [1588], [114548], [238], [4288], [203228], [4982], [2697], [3082], [1950], [7428], [2668], [3320], [406947], [7132], [5241], [328], [3064], [796], [429], [5460], [10135], [2260], [1471], [10891], [2617], [1869], [598], [3481], [4988], [8678], [2263], [8842], [6607], [3643], [407040], [6285], [983], [6657], [1116], [5080], [55157], [3084], [356], [59272], [3117], [2309], [1490], [1814], [361], [4018], [1586], [10673], [8878], [7048], [2056], [652], [2896], [860], [1268], [1994], [3559], [354], [50964], [7412], [5310], [7442], [2670], [6659], [22943], [5727], [10631], [2737], [8487], [283120], [7189], [4613], [7471], [4771], [5428], [4842], [6720], [6376], [4904], [3066], [6598], [6868], [135], [6093], [4747], [1410], [2624], [400916]]
Structural developmental anomalies of neurenteric canal:[[]]
Spinal Dysraphisms:[[]]
Spine Open:[[348], [4524], [7124], [2099], [3569], [5728], [7421], [7422], [351], [4137], [9370], [1788], [4318], [2475], [5621], [1499], [627], [6622], [5468], [1401], [3480], [1813], [120892], [59341], [3479], [4879], [1545], [3630], [2100], [5663], [998], [1277], [387], [54149], [2534], [3558], [1588], [1543], [1906], [2890], [3557], [2852], [1742], [7442], [3066], [4976], [1457], [2778], [135], [4842], [652], [1139], [2904], [4915], [10013], [375], [1812], [10631], [5727], [409], [4803], [1785], [134], [2891], [1459], [5501], [50944], [7804], [5024], [5025], [5028], [9495], [57468], [10769], [9513], [3739], [57190], [55752]]
Spinal Dysraphia:[[]]
SB - Spina bifida:[[1719], [10318]]
SPINA BIFIDA:[[7157], [4524], [348], [672], [4846], [5444], [338], [3953], [5578], [6513], [5156], [174], [4552], [652], [7351], [5579], [4548], [5727], [5069], [5077], [6573], [9], [1072], [2346], [2646], [1082], [1719], [4522], [4837], [3098], [10318], [23513], [6862], [5110], [5754], [8029], [1119], [1592], [57822], [7976], [8854], [1787], [9620], [5130], [25828], [3705], [23432], [23743]]
Spina Bifida:[[7157], [4524], [348], [672], [4846], [5444], [338], [3953], [5578], [6513], [5156], [174], [4552], [652], [7351], [5579], [4548], [5727], [5069], [5077], [6573], [9], [1072], [2346], [2646], [1082], [1719], [4522], [4837], [3098], [10318], [23513], [6862], [5110], [5754], [8029], [1119], [1592], [57822], [7976], [8854], [1787], [9620], [5130], [25828], [3705], [23432], [23743]]
Schistorrhachis:[[]]
Spinal Dysraphism:[[1244], [3720]]
Spinal Cord Myelodysplasia:[[]]
Spine Cleft:[[348], [4524], [652], [7040], [5621], [4318], [1401], [5530], [650], [1139], [2902], [5727], [4914], [7337], [1500], [22871], [6505], [5802], [3908], [26052], [1739], [2891], [5800], [54434], [574456], [57591], [4920], [84695], [4617]]
Spinal Dysraphias:[[]]
Spinal Cord Myelodysplasias:[[]]
Spina bifida:[[7157], [4524], [348], [672], [4846], [5444], [338], [3953], [5578], [6513], [5156], [174], [4552], [652], [7351], [5579], [4548], [5727], [5069], [5077], [6573], [9], [1072], [2346], [2646], [1082], [1719], [4522], [4837], [3098], [10318], [23513], [6862], [5110], [5754], [8029], [1119], [1592], [57822], [7976], [8854], [1787], [9620], [5130], [25828], [3705], [23432], [23743]]
Myelodysplasia of spinal cord:[[2624], [7040]]
Spinal dysraphism:[[1244], [3720]]
Cleft Spines:[[1000], [2562]]
Open Spines:[[351], [627], [4137], [1499], [2475], [1813], [5663], [6786], [2904], [1812], [7804], [6712]]
Spina Bifidas:[[]]
Posterior rachischisis:[[6935], [348], [7157], [55897], [1956], [7040], [7124], [7422], [673], [351], [3569], [4524], [1788], [202018], [145873], [367], [182], [4318], [3123], [1312], [7421], [6532], [7099], [4137], [5744], [3576], [675], [652], [10306], [3458], [1813], [5979], [7933], [110366357], [791086], [4313], [2952], [650], [4233], [7490], [3119], [6531], [4312], [2100], [79068], [6469], [6790], [2697], [51738], [3075], [64127], [1906], [3958], [1588], [4288], [23435], [6331], [4087], [2260], [7046], [4128], [2263], [407040], [4088], [860], [7474], [1191], [79977], [28982], [1045], [203228], [5021], [1268], [4323], [378938], [7528], [4297], [3646], [988], [7048], [551], [22943], [268], [100124700], [361], [50964], [7189], [1410], [659], [1814], [79001], [4041], [2719], [2626], [5080], [4852], [135], [1280], [65018], [1969], [5428], [1296], [1910], [2289], [1649], [1524], [8667], [340419], [358], [7471], [4221], [2736], [6716], [54790], [4286], [7345], [5167], [4322], [5727], [102], [4317], [6997], [1020], [2904], [6010], [3205], [3206], [1634], [9241], [9423], [4487], [58495], [6262], [6683], [1399], [2737], [406910], [7439], [28996], [3280], [5020], [402], [7704], [6608], [1630], [8549], [637], [5087], [6926], [3087], [89780], [406911], [1291], [7026], [4838], [7503], [6045], [8464], [56606], [6497], [7096], [2693], [7297], [1118], [7832], [406995], [26585], [3217], [7432], [176], [4760], [6862], [1308], [4647], [56998], [285987], [92], [6091], [1421], [8553], [1001], [5083], [406904], [57674], [657], [10911], [574456], [148], [3975], [8301], [1301], [26047], [5916], [6899], [8754], [1121], [602], [7403], [9694], [3625]]
