Ischemia of spinal cord:[[7422], [7157], [4318], [1401], [3146], [6647], [348], [4524], [7099], [3569], [7040], [3586], [6774], [4790], [351], [2475], [4137], [4851], [5743], [4313], [2697], [6622], [3952], [406991], [1499], [3479], [3576], [7097], [7852], [6469], [177], [142], [23411], [5594], [4282], [3605], [6696], [6648], [10891], [2056], [4982], [5621], [5027], [387], [2247], [3557], [328], [6285], [114548], [1277], [796], [10135], [1471], [598], [361], [407040], [356], [2309], [4018], [8678], [1116], [3084], [50964], [7189], [7442], [6093], [406992], [10631], [10763], [54209], [1435], [947], [4842], [10059], [1978], [1436], [9131], [407006], [3579], [156], [9423], [1118], [10457], [9255], [116443], [22953], [65078], [116835], [192343]]
Myelopathy Ischemic:[[7124], [348], [7422], [3569], [4524], [3586], [4318], [627], [3576], [7421], [3146], [177], [3123], [4790], [355], [3106], [3605], [6647], [4982], [50943], [3579], [1524], [2833], [1440], [4747], [4744]]
Spinal Cord Ischemias:[[]]
Myelopathies Ischemic:[[4846], [2147], [6387], [2153], [335], [28], [7124], [4023], [348], [7422], [7157], [3569], [4524], [4018], [2152], [3091], [3586], [1636], [80279], [4318], [2155], [9370], [1401], [3553], [2099], [9734], [80232], [5743], [3075], [627], [3949], [5468], [2811], [7040], [3479], [2162], [7099], [1956], [7291], [1586], [5054], [5444], [6347], [4879], [5243], [11315], [875], [1557], [3576], [241], [6774], [3383], [6597], [351], [3146], [177], [3557], [3690], [207], [338], [3717], [7421], [249], [4313], [1029], [406938], [2159], [5728], [185], [3606], [3123], [4790], [1282], [1906], [406991], [3952], [1909], [1499], [4137], [114548], [2952], [596], [7450], [183], [6532], [7015], [7097], [1471], [2944], [4609], [63934], [3106], [2475], [142], [3162], [6696], [5594], [355], [675], [11093], [1234], [3605], [217], [3565], [1071], [116519], [5308], [6647], [7137], [56729], [5583], [4233], [836], [3077], [3958], [332], [5290], [3815], [4982], [7515], [19], [6272], [4314], [154], [23411], [857], [4851], [3486], [50943], [1493], [472], [2244], [2524], [7139], [6648], [2932], [7941], [4312], [3082], [1559], [3934], [5327], [4843], [51738], [3552], [3688], [4282], [255738], [1543], [213], [1432], [9429], [5465], [406937], [4973], [6403], [2157], [3791], [6331], [345], [1576], [5621], [3039], [10135], [6531], [5595], [3043], [4353], [4854], [8743], [3673], [2247], [283120], [1577], [4000], [100048912], [5004], [406947], [5265], [407040], [958], [841], [3417], [2056], [718], [54658], [6401], [5329], [59272], [929], [5806], [6934], [2308], [1284], [361], [90865], [133], [8842], [959], [7351]]
Ischaemic disorder of spinal cord:[[348], [3569], [4524], [1401], [7422], [4318], [3952], [7040], [3123], [3479], [7099], [4313], [6285], [3084], [7852], [114548], [7097], [177], [4282], [50964], [2670], [2026]]
Spinal Cord Ischemia:[[4018], [6285]]
Ischemic disorder of spinal cord:[[348], [3569], [7422], [4524], [7157], [1401], [627], [4318], [3586], [3479], [7040], [6647], [207], [5743], [3952], [7099], [4137], [4842], [3146], [2668], [351], [1956], [4313], [2475], [3123], [6774], [4790], [3576], [114548], [177], [3557], [10631], [1499], [361], [5594], [3605], [4851], [406991], [6285], [7097], [675], [5027], [142], [3084], [23411], [6696], [6469], [2670], [50943], [4282], [6648], [2247], [5621], [6310], [4852], [1116], [8678], [7345], [252995], [2026], [9423], [4747], [4552], [4317], [54567], [10215], [4908], [4744], [192343]]
Spinal cord ischaemia:[[7157], [7422], [4318], [627], [3576], [4282], [356], [2056], [2668], [156], [2288], [192343]]
Spinal cord ischemia:[[4018], [6285]]
Ischaemia of spinal cord:[[7157], [7422], [4318], [627], [3576], [4282], [356], [2056], [2668], [156], [2288], [192343]]
