Disease of spinal cord unspecified:[[351], [348], [6774], [3064], [7422], [5621], [1956], [7040], [4790], [3084], [7157], [3559], [367], [5594], [1813], [207], [114548], [1499], [5743], [673], [338567], [675], [2260], [7852], [598], [387], [5629], [5077], [142], [2736], [7189], [22861], [5241], [983], [1950], [3643], [9261], [9531], [283], [8841], [1436], [5320], [89780], [1639], [7471], [8741], [1978], [156], [6608], [5521], [608], [65078], [8646]]
Unspecified disease of spinal cord:[[351], [348], [6774], [3064], [7422], [5621], [1956], [7040], [4790], [3084], [7157], [3559], [367], [5594], [1813], [207], [114548], [1499], [5743], [673], [338567], [675], [2260], [7852], [598], [387], [5629], [5077], [142], [2736], [7189], [22861], [5241], [983], [1950], [3643], [9261], [9531], [283], [8841], [1436], [5320], [89780], [1639], [7471], [8741], [1978], [156], [6608], [5521], [608], [65078], [8646]]
Neurologic myelopathy:[[3569], [7124], [3586], [4318], [627], [3576], [355], [4982], [4747], [56896]]
Spinal Cord Diseases:[[]]
Spinal Cord Disease:[[]]
Spinal Cord Disorders:[[]]
Spinal cord disorder:[[]]
MP - Myelopathy:[[3586], [3605]]
Myelopathy NOS:[[7422], [29126], [355]]
Myelopathies:[[]]
Myelopathy:[[7124], [348], [7422], [3569], [4524], [3586], [3123], [7421], [4318], [627], [4790], [3576], [3106], [29126], [3605], [6647], [355], [3146], [50943], [5133], [177], [282617], [4982], [3107], [25], [2638], [22914], [3579], [1524], [2833], [1440], [4747], [3577], [176], [282618], [101180976], [7293], [3425], [4744], [79813], [686], [8887], [8807], [56896]]
Spinal Cord Disorder:[[]]
Spinal cord disease:[[]]
