Status Asthmaticus:[[154]]
Status asthmaticus:[[154]]
Acute severe refractory exacerbation of asthma:[[90865], [7124], [3569], [4790], [7422], [1401], [7040], [3553], [3586], [3605], [3576], [1956], [7097], [3146], [929], [3162], [406938], [1906], [64127], [5133], [3958], [4851], [7412], [4843], [54210], [6279], [2247]]
Asthma unspecified type with status asthmaticus:[[]]
Acute severe exacerbation of asthma:[[90865], [3596], [7124], [1116], [3569], [154], [7422], [1401], [7040], [3586], [3553], [4318], [9370], [7099], [3576], [3605], [7097], [3565], [1080], [6347], [3146], [1956], [4306], [6532], [929], [4790], [3162], [406938], [1906], [6696], [64127], [6647], [177], [5329], [3627], [3567], [114548], [3958], [4851], [6863], [5133], [7098], [796], [4852], [6280], [7412], [3107], [4843], [4353], [7076], [10631], [54210], [6279], [6441], [3688], [2247], [820], [6376], [2150], [51284], [302], [6401], [11082], [112744], [6037], [406910], [6348], [100048912], [5167], [3439], [301], [406907], [10800], [728], [623], [2524]]
Crises Asthmatic:[[3952], [3553], [2944], [3075], [3552]]
Acute severe asthma:[[90865], [3596], [6774], [7124], [9173], [1116], [10111], [3119], [3569], [864], [154], [3135], [7422], [3106], [7040], [1401], [3586], [1636], [3717], [4318], [9370], [627], [3123], [7421], [3553], [7099], [5468], [3576], [4524], [348], [3952], [2944], [3458], [1080], [3570], [3565], [3953], [3383], [5054], [6347], [3605], [2624], [7097], [3146], [3815], [3606], [4846], [2950], [6285], [2312], [1956], [4153], [2625], [5743], [6662], [50943], [2952], [217], [2908], [3559], [1991], [5728], [6532], [4313], [1234], [929], [3554], [5243], [4790], [1312], [3091], [1493], [2147], [3600], [2099], [3162], [406938], [5144], [581], [5444], [4780], [2638], [5265], [7941], [1906], [64127], [6352], [6696], [596], [3934], [3115], [6647], [30009], [177], [3117], [5329], [335], [3627], [2152], [29126], [3557], [23411], [3567], [378938], [59272], [114548], [240], [4282], [406991], [3958], [6387], [5133], [7292], [1499], [7852], [6863], [142], [960], [1557], [4851], [7098], [3690], [332], [4852], [100], [4312], [999], [51738], [718], [796], [6280], [56729], [406947], [7412], [920], [4306], [10], [3558], [3107], [4843], [4353], [7515], [10631], [54106], [2056], [3133], [7076], [1543], [4582], [26762], [5806], [285], [3593], [8743], [356], [54210], [2539], [5624], [7096], [6279], [1728], [7042], [6402], [595], [1950], [3486], [133], [25], [3688], [3552], [836], [6648], [6441], [3791], [6772], [2335], [1577], [3620], [1576], [958], [84868], [3592], [1277], [857], [2247], [3075], [1490], [6403], [3566], [23586], [820], [59067], [10673], [149233], [4049], [9332], [196], [9021], [2212], [867]]
Shock Asthmatic:[[3315], [3162], [3308], [7157], [7124], [6767], [7422], [3569], [3586], [7099], [7040], [3553], [348], [4318], [1401], [7097], [3458], [4846], [3576], [4790], [5054], [6774], [3605], [154], [7421], [5970], [2908], [5468], [3146], [6347], [3717], [4313], [596], [177], [5594], [929], [406991], [6647], [3606], [595], [1234], [4153], [4312], [387], [3383], [6352], [4843], [5133], [5578], [5806], [3725], [581], [406947], [6772], [3552], [861], [1728], [3558], [90865], [1191], [196], [7132], [7098], [2289], [1490], [959], [3620], [85480], [10631], [7133], [847], [8651], [2876], [7535], [834], [246], [9076], [3554], [3276], [10963], [3122], [1232], [7177], [623], [29949], [10288]]
Crisis Asthmatic:[[7157], [7422], [3586], [3569], [4318], [1499], [1401], [4846], [332], [3717], [3565], [406991], [3162], [4153], [5578], [6376], [6356], [6369]]
Shocks Asthmatic:[[]]
