Sebocystomatosis:[[]]
Steatocystomas Multiplex:[[7157], [1956], [7124], [348], [672], [3569], [3845], [673], [2064], [2099], [207], [1029], [675], [1401], [367], [3123], [1080], [3553], [5728], [261], [7015], [2944], [4609], [1861], [5290], [2952], [3717], [2950], [3872], [120892], [1026], [406991], [4851], [1813], [5925], [2153], [5979], [1565], [1432], [1756], [2706], [3690], [5621], [3417], [4288], [1559], [324], [8626], [4000], [238], [3552], [4204], [1815], [25], [23345], [356], [26191], [2778], [4763], [6927], [2629], [23405], [2212], [4893], [6794], [5371], [3172], [1589], [153], [7249], [8651], [5428], [3566], [94025], [7273], [3418], [7486], [5914], [5310], [249], [27185], [100], [10406], [2120], [9839], [1612], [2668], [7248], [7466], [7012], [112744], [55770], [11132], [3664], [406881], [106144573], [10232], [7030], [2271], [3205], [6473], [3704], [477], [55681], [6121], [889], [9780], [26121], [55714], [57222], [4948], [1103], [4952], [26580], [5314], [1816], [406899], [3730], [8499], [9211], [1497], [4010], [7280], [3301], [11235], [4703], [2195], [3078], [163175], [3090], [4987], [1908], [8241], [83605], [8604], [54888], [25953], [129684], [27235], [2731], [112], [5718], [83857], [6656], [8030], [6474], [57211], [6004], [4604], [7140], [1146], [10497], [9427], [4222], [8506], [2657], [353144], [55604], [353143], [55906], [286676], [23567], [79169], [101927921], [55217], [136647], [23247], [84340], [191585], [353299], [84109], [116183056], [116183055], [116183058], [116183057], [110121455], [116183054], [116183053], [116158493], [116158492], [116158491], [116158490], [116309121], [116309120], [116276505], [116276504], [116276490], [116268471], [116268434], [116216127], [116186921], [116186920], [116186917], [116186916], [116186915], [116186914], [115995521], [115995520], [115995519], [115995518]]
Steatocystoma multiplex:[[3872], [5310]]
STEATOCYSTOMA MULTIPLEX:[[3872], [5310]]
Hereditary epidermal polycystic disease:[[2064], [7422], [1910], [3569], [7157], [3845], [6347], [7040], [1401], [7124], [7421], [4318], [6654], [2099], [3553], [672], [367], [207], [6720], [5080], [5728], [3105], [4312], [673], [2475], [3479], [5054], [3576], [59341], [2147], [29126], [2944], [1634], [185], [57817], [4282], [5329], [5133], [1027], [3784], [4015], [10456]]
Steatocystoma Multiplices:[[3872], [5310]]
SEBACEOUS CYSTS MULTIPLE:[[]]
Sebaceous Cyst Multiple:[[]]
Steatocystoma Multiplex:[[3872], [5310]]
Sebaceous Cysts Multiple:[[]]
