Aphthous ulcer of mouth:[[3569], [7124]]
Aphthous ulceration:[[7124], [3553], [3586], [4318], [3077], [7076]]
Sores Canker:[[]]
Aphthosis:[[4210]]
Stomatitis Aphthous:[[3569], [3553], [3586], [6532], [1636], [4318], [3576], [7099], [3458], [3479], [3119], [5444], [3565], [7097], [4210], [3606], [114548], [64127], [4843], [3558], [7132], [7076], [958], [57817], [6279], [1437], [1672], [112744], [942], [2209], [22900], [255082], [4589], [9552]]
Aphtha:[[]]
Ulcers Aphthous:[[3553], [4318], [7124], [3576], [3458], [7097], [3077], [7076], [5111], [958], [6279]]
Stomatitides Aphthous:[[3569], [7124], [3553], [3586], [1636], [6532], [4318], [7099], [3576], [3458], [3479], [5444], [3119], [7097], [3565], [3077], [3606], [64127], [114548], [4210], [4843], [3558], [7132], [7076], [5111], [958], [57817], [2625], [6279], [1437], [1672], [112744], [30009], [942], [2209], [22900], [255082], [4589], [9552]]
Aphthous ulcer:[[7124], [3569]]
Oral aphthae:[[55107], [7157], [8099], [1956], [7124], [7422], [3569], [7040], [4524], [2064], [3091], [3586], [2099], [4318], [207], [4790], [7421], [3553], [1029], [5728], [5743], [1499], [7099], [6934], [1401], [3576], [7015], [6774], [4609], [220064], [1636], [999], [2475], [29126], [7852], [2944], [3458], [348], [4193], [4313], [5243], [673], [595], [6347], [672], [1026], [332], [2952], [406991], [7097], [2950], [960], [367], [4851], [4233], [596], [3606], [6387], [5054], [5290], [7515], [50943], [675], [627], [472], [1543], [177], [3952], [1027], [8626], [5594], [3383], [2146], [51738], [5133], [1234], [3565], [4255], [6667], [3480], [406938], [4288], [10413], [6696], [9370], [3845], [4846], [3479], [6532], [324], [3162], [5970], [355], [4314], [4292], [1576], [406947], [3717], [3605], [4780], [1312], [6657], [3958], [4312], [1559], [5468], [4436], [6790], [857], [3688], [3630], [4137], [2153], [841], [9429], [3815], [7291], [929], [3265], [1565], [1830], [4843], [2147], [5925], [2068], [3135], [3146], [5747], [5444], [2932], [5879], [4879], [1950], [1557], [6352], [6513], [836], [2022], [4282], [4582], [1906], [3119], [3077], [5460], [2646], [5595], [1019], [356], [5329], [6714], [6772], [3934], [3725], [1571], [2247], [154], [23411], [1577], [2100], [1493], [10], [217], [6648], [183], [7431], [8743], [1869], [2706], [7424], [5328], [64127], [4089], [768], [7098], [54106], [1432], [3558], [682], [7048], [4153], [6469], [7450], [2261], [648], [2260], [7490], [4323], [142], [1277], [5979], [7298], [3557], [4869], [948], [581], [4170], [3690], [2263], [8842], [10263]]
Aphthous stomatitis:[[3569], [3553], [3586], [1636], [6532], [4318], [7099], [3576], [3479], [3458], [5444], [3119], [7097], [3565], [3606], [64127], [114548], [4210], [4843], [3558], [7132], [7076], [958], [57817], [6279], [1437], [1672], [112744], [942], [2209], [22900], [255082], [4589], [9552]]
Sore Canker:[[]]
Aphthous ulcers:[[5111]]
Canker sore:[[]]
Ulcer Aphthous:[[7124], [3553], [3569], [4318], [3586], [3576], [7099], [7097], [3119], [3077], [3606], [3558], [4843], [7076]]
Aphthae:[[]]
