Unspecified strabismus:[[1785], [4803], [4208]]
Phoria:[[]]
Strabismus:[[81839], [57216], [100188805], [4313], [7291], [2261], [7076], [7077], [4803], [1861], [10381], [1785], [4208], [1270], [4703], [54806], [55605], [1123], [55084], [401], [3211], [84879], [144165], [9427], [113179], [83882]]
Squint:[[]]
Heterotropia unspecified:[[7157], [1956], [2099], [7422], [351], [207], [348], [6774], [4193], [7040], [7124], [4790], [672], [1026], [1029], [2064], [5925], [1432], [3091], [5468], [1499], [3725], [367], [836], [6714], [2033], [5743], [5594], [595], [673], [7421], [5599], [5879], [4089], [387], [596], [4088], [7015], [2260], [1387], [4609], [675], [999], [1017], [5595], [3791], [7852], [4233], [472], [998], [867], [2885], [5894], [598], [1813], [3064], [7046], [2908], [5058], [4087], [5970], [2147], [960], [355], [2100], [6387], [5159], [142], [2308], [7189], [983], [2932], [7048], [1027], [3065], [6772], [3688], [581], [64127], [5621], [5111], [114548], [3558], [5295], [1019], [27185], [25], [3265], [4792], [324], [8743], [7428], [3350], [4170], [3320], [2335], [5241], [841], [5578], [7161], [2321], [652], [2332], [2353], [331], [4869], [5347], [3643], [7329], [7132], [5335], [5888], [3084], [5781], [4436], [1950], [7341], [8837], [1111], [6464], [1457], [7128], [8651], [613], [5329], [5580], [11200], [3315], [1785], [5170], [2316], [1385], [1268], [8841], [834], [6850], [6500], [5610], [3559], [3932], [5566], [8202], [3667], [7424], [1021], [4297], [5590], [811], [5300], [2534], [4893], [5371], [7186], [3551], [7430], [5315], [285], [1147], [5581], [7133], [7273], [6868], [7253], [6597], [3190], [2002], [891], [5037], [801], [7249], [1814], [10018], [558], [3014], [3312], [898], [6256], [55294], [1386], [3659], [1051], [1977], [8829], [6502], [4804], [2149], [8517], [775], [5579], [5467], [7295], [4690], [3566], [10399], [7514], [4286], [4155], [7068], [4803], [4599]]
Phorias:[[]]
Eye deviation:[[4524], [2099], [3479], [3605], [3065], [3481], [3627], [5076], [773], [6348]]
Ocular dissociation:[[7157], [7124], [387], [7040], [3569], [1499], [207], [4790], [3458], [4318], [7421], [3576], [1000], [7099], [2475], [4609], [6347], [29126], [1234], [2908], [7097], [2147], [5925], [4780], [23411], [7276], [2153], [3815], [3958], [5747], [2697], [8743], [6709], [6772], [328], [59272], [2200], [3315], [3117], [6711], [2056], [2688], [2289], [1236], [773], [7020], [22933], [2074], [4036], [80380], [2773], [8995]]
Heterotropia:[[]]
Disorder of binocular eye movements:[[]]
Unspecified heterotropia:[[7157], [1956], [2099], [7422], [351], [207], [348], [6774], [4193], [7040], [7124], [4790], [672], [1026], [1029], [2064], [5925], [1432], [3091], [5468], [1499], [3725], [367], [836], [6714], [2033], [5743], [5594], [595], [673], [7421], [5599], [5879], [4089], [387], [596], [4088], [7015], [2260], [1387], [4609], [675], [999], [1017], [5595], [3791], [7852], [4233], [472], [998], [867], [2885], [5894], [598], [1813], [3064], [7046], [2908], [5058], [4087], [5970], [2147], [960], [355], [2100], [6387], [5159], [142], [2308], [7189], [983], [2932], [7048], [1027], [3065], [6772], [3688], [581], [64127], [5621], [5111], [114548], [3558], [5295], [1019], [27185], [25], [3265], [4792], [324], [8743], [7428], [3350], [4170], [3320], [2335], [5241], [841], [5578], [7161], [2321], [652], [2332], [2353], [331], [4869], [5347], [3643], [7329], [7132], [5335], [5888], [3084], [5781], [4436], [1950], [7341], [8837], [1111], [6464], [1457], [7128], [8651], [613], [5329], [5580], [11200], [3315], [1785], [5170], [2316], [1385], [1268], [8841], [834], [6850], [6500], [5610], [3559], [3932], [5566], [8202], [3667], [7424], [1021], [4297], [5590], [811], [5300], [2534], [4893], [5371], [7186], [3551], [7430], [5315], [285], [1147], [5581], [7133], [7273], [6868], [7253], [6597], [3190], [2002], [891], [5037], [801], [7249], [1814], [10018], [558], [3014], [3312], [898], [6256], [55294], [1386], [3659], [1051], [1977], [8829], [6502], [4804], [2149], [8517], [775], [5579], [5467], [7295], [4690], [3566], [10399], [7514], [4286], [4155], [7068], [4803], [4599]]
