Post-Traumatic Neuroses:[[]]
Post Traumatic Stress Disorders:[[6446]]
Posttraumatic stress disorder:[[627], [5578], [3569], [7124], [348], [6532], [1312], [3586], [1401], [4790], [10397], [2908], [3952], [2902], [1813], [6347], [154], [10000], [3162], [6531], [5071], [7227], [2289], [4843], [4128], [1815], [4988], [255738], [90865], [5021], [1268], [302], [4852], [3350], [2638], [9568], [1394], [1138], [3351], [7092], [2166], [3060], [6095], [64393], [57835], [6235], [6505], [9447], [117], [2894], [23242], [51571], [1831], [4987], [253017], [63826], [56914], [348235], [100463289]]
Post-traumatic stress disorder unspecified:[[2099], [348], [1813], [2908], [3350], [3084], [1268], [1814]]
PTSD:[[348], [627], [6532], [1312], [3569], [7124], [1401], [2099], [9370], [2908], [1813], [3553], [7015], [4137], [3576], [6622], [6531], [3458], [6347], [3146], [2289], [3630], [3949], [3552], [3320], [3356], [3558], [5578], [4988], [64478], [3084], [5021], [1268], [3308], [9365], [847], [121278], [3350], [775], [4306], [4842], [4803], [4852], [3925], [1394], [6716], [4129], [6530], [1621], [6863], [1392], [4155], [2166], [6351], [2693], [2571], [116], [6095], [6361], [239], [9722], [9355], [885], [117], [387129], [2555], [59352], [9146], [23286], [2915], [552], [2288], [1395], [4987], [57491], [10090], [56952], [1393], [1375], [6357], [57645], [22871], [348235], [7092], [148713], [80862], [343171], [92270]]
Traumatic neurosis:[[348], [627], [7157], [7422], [6532], [7124], [4137], [3569], [1312], [7040], [4524], [4318], [3091], [3586], [1813], [3576], [3553], [2099], [4790], [1636], [351], [3479], [5243], [6622], [5468], [5743], [3458], [4846], [596], [5054], [2475], [6531], [4879], [2908], [3146], [6285], [6347], [4780], [355], [2153], [335], [51738], [6696], [3606], [836], [1906], [1432], [4153], [3725], [114548], [2670], [9429], [8743], [3934], [2247], [3557], [338], [1588], [23435], [4843], [3552], [1815], [650], [796], [3084], [3558], [7345], [1950], [56729], [6352], [407040], [983], [6657], [718], [2026], [10135], [2289], [23405], [90865], [1191], [11093], [959], [5465], [1268], [378938], [3593], [7139], [3685], [551], [7430], [2056], [3600], [5021], [2688], [100124700], [361], [4615], [5624], [4363], [3350], [4852], [135], [1536], [847], [1814], [50507], [7295], [1508], [2162], [6833], [121278], [4803], [6376], [406913], [24], [1394], [3579], [1244], [100133941], [1509], [1991], [6591], [1524], [27161], [3684], [116], [4747], [8737], [6716], [4306], [3875], [1281], [5590], [9575], [1621], [406952], [6548], [6446], [64805], [4907], [467], [727], [7166], [80781], [2169], [283], [624], [1440], [2081], [340061], [59], [6863], [8989], [4155], [1311], [407050], [8312], [2030], [574501], [2209], [407024], [9966], [406934], [4925], [7096], [57142], [6362], [2495], [5291], [2571], [2168], [255239], [6708], [8863], [406], [5997], [8864], [58157], [5592], [9588], [22861], [6507], [6709], [407037], [54205], [134], [4758], [9146], [1452], [407009], [117], [4133], [2915], [6571], [6271], [831], [4744], [1641], [1464], [407011]]
Stress Disorder Post Traumatic:[[348], [627], [6532], [3569], [1312], [7124], [3553], [3586], [2099], [1813], [3458], [4790], [2908], [6531], [2289], [3146], [51738], [6347], [23405], [27161], [4843], [1815], [3084], [4852], [5021], [3600], [1268], [90865], [3350], [1394], [116], [121278], [847], [1814], [1621], [7166], [2081], [117], [9146], [3062], [3061], [4123], [348235], [9647], [9717], [104355152]]
Stress Disorders Post-Traumatic:[[6446]]
Posttraumatic Neuroses:[[]]
Neuroses Post Traumatic:[[348], [7422], [7157], [3569], [627], [7124], [6532], [4137], [3091], [1312], [351], [7040], [3586], [3553], [2099], [2475], [596], [3479], [6622], [4318], [4524], [5243], [3458], [4846], [4790], [3576], [5743], [6696], [1813], [4879], [5468], [1636], [335], [338], [3146], [2908], [3934], [5054], [6531], [51738], [6347], [1906], [6285], [2153], [3606], [4780], [3557], [407040], [9429], [27161], [355], [23405], [1588], [650], [1432], [4153], [796], [2670], [2289], [836], [114548], [23435], [1950], [4843], [2247], [3552], [718], [3084], [10135], [8743], [1815], [983], [2688], [7345], [7139], [2026], [56729], [6352], [406913], [5624], [6657], [3685], [3600], [5465], [378938], [4615], [90865], [959], [1268], [5021], [361], [4852], [406952], [551], [1394], [7430], [3350], [847], [1814], [50507], [116], [7295], [6833], [121278], [6376], [1536], [2162], [4803], [1281], [1524], [1621], [4747], [3579], [1244], [1509], [8737], [6716], [6548], [64805], [5590], [467], [283], [6446], [4907], [7166], [80781], [2169], [9966], [1440], [4155], [2081], [340061], [59], [6863], [407050], [407024], [2030], [574501], [2209], [406934], [2495], [5291], [2571], [6571], [2168], [407037], [406], [8864], [58157], [6507], [9146], [134], [117], [5179], [407009], [407011], [151888], [1154], [3062], [406966], [3061], [442901], [1240], [80274], [407002], [4123], [693215], [348235], [132], [442898], [9647], [100126316], [407003], [9717], [693133], [104355152], [100500914], [100422838]]
Post-traumatic stress disorder:[[627], [348], [3553], [2099], [1312], [6532], [1813], [6531], [3458], [2908], [3146], [51738], [23405], [1815], [3084], [1268], [3600], [5021], [2289], [3350], [847], [1814], [121278], [4852], [27161], [1621], [2081], [7166], [116], [9146], [117], [3062], [3061], [348235], [4123], [9647], [9717], [104355152]]
Post-traumatic stress syndrome:[[348], [4137], [2475], [23405], [7422], [627], [4790], [6532], [2099], [3553], [1312], [5743], [4524], [1813], [1588], [6531], [3458], [2247], [6347], [2908], [3146], [5021], [51738], [27161], [1268], [796], [3350], [847], [1950], [1815], [116], [4852], [3600], [3084], [121278], [6446], [1814], [6716], [7166], [1621], [6507], [407037]]
Stress Disorder Posttraumatic:[[5578], [627], [6532], [10397], [2902], [1312], [3569], [348], [10000], [7124], [7227], [1401], [2908], [3586], [3553], [2289], [1813], [4790], [9568], [3952], [6531], [154], [6347], [3162], [7092], [64393], [4128], [57835], [1815], [6235], [5071], [4843], [5021], [4988], [4852], [255738], [1268], [90865], [2894], [23242], [302], [51571], [3350], [2638], [253017], [1394], [1138], [56914], [3351], [3060], [6095], [2166], [117], [6505], [100463289], [9447], [1831], [4987], [63826], [348235]]
Stress Disorder Post-Traumatic:[[627], [6532], [348], [1312], [1813], [3553], [2099], [6531], [4790], [2289], [2908], [3458], [6347], [3146], [51738], [23405], [1815], [3084], [1268], [5021], [3600], [3350], [4852], [121278], [847], [1814], [116], [1621], [27161], [2081], [7166], [117], [9146], [3062], [3061], [348235], [4123], [9647], [9717], [104355152]]
Post-traumatic stress disorder (PTSD):[[627], [348], [6532], [1312], [1813], [6531], [3553], [2099], [2908], [3458], [2289], [3146], [3084], [1268], [5021], [121278], [847], [3350], [4852], [1621], [116], [117], [9146], [348235]]
PTSD - Post-traumatic stress disorder:[[627], [348], [6532], [1312], [1813], [6531], [3553], [2099], [2908], [3458], [2289], [3146], [3084], [1268], [5021], [121278], [847], [3350], [4852], [1621], [116], [117], [9146], [348235]]
Stress Disorders Posttraumatic:[[]]
