Apoplexy:[[7422], [3146], [9049], [50848]]
CEREBROVASCULAR ACCIDENT:[[]]
CVA - Cerebrovascular accident:[[]]
Vascular Accidents Brain:[[8639], [4524], [1636], [6532], [6531]]
Stroke NOS:[[4843], [4842], [4846], [7422], [2099], [5743], [3479], [5243], [3091], [351], [6774], [154], [1499], [3458], [56729], [6648], [3162], [857], [355], [3791], [8743], [1559], [796], [6667], [801], [4035], [383], [2982]]
Cerebrovascular accident:[[]]
Cerebrovascular Accident:[[]]
Cerebrovascular Accidents:[[4524], [1636]]
Cerebrovascular Apoplexy:[[]]
CVA (Cerebrovascular Accident):[[]]
Strokes Cerebral:[[348], [3569], [4854], [7124], [4524], [1401], [2147], [3586], [9370], [2153], [4879], [5444], [183], [335], [3565], [3690], [3557], [2152], [7139], [3673], [5428], [966], [59]]
CVAs (Cerebrovascular Accident):[[]]
Stroke Cerebral:[[351], [348], [3569], [4854], [4846], [2147], [2153], [7124], [7422], [1471], [4524], [7291], [6387], [335], [4318], [1401], [217], [4023], [7157], [7099], [627], [1636], [5308], [2099], [3586], [4018], [3553], [6532], [4137], [2155], [2152], [7040], [5743], [9370], [3717], [3949], [4879], [3383], [5444], [6347], [5468], [5243], [3091], [3479], [4313], [1282], [183], [1557], [3952], [5654], [177], [441549], [5054], [3576], [338], [241], [1906], [7450], [875], [117], [3606], [6285], [3690], [3146], [11093], [406938], [4790], [7421], [2244], [5728], [185], [3557], [1312], [4282], [6647], [4982], [1499], [6774], [3458], [5583], [114548], [3162], [7097], [59272], [1909], [56729], [3565], [6696], [4851], [2100], [7515], [142], [7941], [2157], [5594], [857], [2944], [4314], [3552], [7276], [6403], [5621], [7139], [2952], [116519], [3791], [355], [3486], [6648], [3605], [1071], [8743], [2670], [5970], [4843], [3688], [3673], [3630], [959], [958], [4153], [718], [4312], [3082], [551], [4049], [23435], [19], [5327], [1543], [255738], [3356], [4035], [10135], [3240], [4852], [1191], [221692], [836], [406947], [133], [328], [1116], [6667], [9429], [2243], [5624], [1268], [6934], [3627], [1284], [1585], [5329], [4973], [8074], [2247], [4128], [361], [7412], [2539], [3784], [285], [5144], [2266], [2022], [1020], [5159], [7056], [775], [259266], [9365], [4842], [3315], [4615], [345], [5950], [153], [6280], [2056], [406992], [284], [3303], [2717], [7189], [4915], [7057], [9314], [7018], [462], [10544], [1281], [6833], [4803], [6288], [801], [727], [847], [350], [3371], [1910]]
Strokes:[[7124], [348], [3569], [4524], [9370], [3586], [1401], [2147], [4879], [2153], [5444], [406991], [3565], [335], [183], [3690], [3557], [2152], [7139], [4854], [5428], [3673], [966], [59], [7839]]
Cerebral vascular events:[[351], [7422], [2321], [3569], [7412], [348], [7124], [5290], [3091], [4854], [3791], [308], [4524], [1471], [4318], [7040], [7157], [3845], [1401], [3717], [9370], [1956], [3553], [3586], [7099], [4137], [5743], [5468], [1636], [4846], [2099], [4879], [338], [2147], [1499], [5728], [6347], [207], [627], [3690], [4851], [6532], [5243], [2064], [5054], [6774], [3479], [4790], [3383], [3146], [5444], [1906], [4313], [1432], [3576], [3162], [3458], [7450], [177], [7852], [5970], [1281], [3952], [5594], [183], [1557], [1312], [5295], [6648], [387], [6647], [1813], [406938], [23621], [8074], [2247], [23411], [4982], [3606], [2153], [335], [6696], [3082], [6387], [7941], [959], [3688], [185], [4843], [6513], [4018], [7097], [8743], [857], [4035], [2022], [2152], [133], [1071], [4312], [581], [367], [2100], [7421], [56729], [3552], [2157], [6667], [5159], [960], [355], [5329], [5925], [3605], [11093], [3315], [142], [10135], [836], [4282], [255738], [5621], [2308], [650], [3480], [7057], [7139], [3784], [59272], [4323], [285], [3630], [4973], [4852], [1536], [3627], [3685], [217], [6403], [6531], [2244], [114548], [3565], [4255], [4153], [4088], [7291], [2056], [302], [4314], [1490], [6657], [2952], [4763], [1191], [406947], [3356], [958], [3417], [558], [5579], [59], [9314], [2852], [7056], [3240], [1277], [4128], [4615], [7436], [1268], [7189], [3486], [1116], [3557], [9927], [50964], [7035], [2243], [1385], [4436], [2261], [4087], [4306], [6934], [6352], [9475], [361], [301], [4089], [6280], [5467], [135], [7078], [3303], [811], [345], [7054], [51129], [153]]
Vascular Accident Brain:[[7157], [4851], [6532], [672], [6285], [54106]]
Cerebrovascular accidents:[[4524], [1636]]
Stroke:[[9734], [4846], [7291], [2147], [28], [6387], [2153], [335], [4023], [249], [7124], [348], [217], [5308], [7422], [7157], [3569], [4524], [4018], [2152], [2099], [3586], [2155], [1636], [2524], [4318], [2162], [9370], [3075], [1401], [627], [3949], [3553], [5743], [7099], [5468], [3479], [6532], [3952], [4313], [7040], [463], [875], [1586], [5054], [5444], [6347], [11315], [4879], [117], [5243], [1282], [8029], [1557], [3383], [4137], [3606], [3576], [1029], [7450], [183], [177], [241], [3091], [6597], [3690], [7421], [1906], [2159], [3557], [338], [351], [3146], [3717], [406938], [406991], [4982], [185], [6774], [3123], [4282], [4790], [1312], [7015], [1471], [5728], [1909], [1499], [3458], [56729], [114548], [5583], [3958], [6947], [59272], [154], [6696], [2100], [11093], [4193], [3565], [7515], [142], [7097], [2950], [4314], [2944], [4851], [3552], [675], [7139], [2952], [116519], [6647], [3162], [23040], [857], [4854], [5594], [355], [1234], [3605], [332], [5970], [3791], [2157], [6272], [6403], [1493], [3630], [2244], [6285], [6648], [1071], [3119], [4153], [7941], [718], [3077], [929], [4312], [551], [4353], [8743], [3934], [5327], [19], [51738], [1577], [2146], [3673], [3486], [8464], [959], [79068], [255738], [1543], [406937], [4049], [6401], [1559], [5806], [4535], [2167], [3688], [7276], [4567], [1576], [133], [836], [5621], [3039], [406947], [5265], [3356], [958], [796], [6667], [54658], [9429], [5879], [5595], [3043], [4843], [9518], [283120], [6934], [100048912], [1361], [5004], [1284], [2335], [1588], [213], [841], [2160], [2670], [2243], [1585], [5465]]
Stroke Cerebrovascular:[[348], [2147], [2153], [6387], [4524], [3569], [7124], [7157], [1401], [2152], [9370], [2099], [4318], [3586], [2155], [1636], [7099], [2162], [627], [5743], [351], [6532], [3952], [1282], [3479], [7040], [1557], [4313], [4879], [5054], [5444], [6347], [5243], [7450], [338], [3091], [4982], [185], [3557], [406938], [406991], [1471], [11093], [2944], [7139], [2952], [3162], [4854], [1234], [19], [6272], [1071], [7941], [929], [4312], [7276], [2160], [5879], [4973], [1361], [1284], [1535], [2243], [1585], [10135], [23435], [79001], [1116], [2811], [378938], [7018], [22943], [1803], [2784], [5950], [4815], [2149], [2717], [5742], [406992], [6720], [59], [847], [1524], [5069], [574501], [8542], [6446], [4321], [2643], [2678], [25939], [64805], [186], [4317], [368], [721], [6721], [57674], [7292], [406976], [10365], [4056], [574456], [6948], [1579], [3635], [4319], [4883], [56262], [192343], [6775079]]
Strokes Cerebrovascular:[[348], [4524], [3569], [1401], [7124], [9370], [3586], [2147], [2153], [4879], [5444], [406991], [3557], [2152], [7139], [4854], [59]]
