Vitamin B12 deficiency disease of spinal cord:[[]]
Posterolateral sclerosis:[[]]
Putnam-Dana syndrome:[[]]
Subacute Combined Degeneration:[[348], [7124], [4318], [1401], [7099], [1636], [6774], [627], [3146], [3479], [2629], [3605], [3458], [6696], [3606], [836], [3565], [7098], [406938], [3558], [356], [7076], [6285], [3592], [6376], [3875]]
Vitamin B<sub>12</sub> deficiency neuropathy:[[4524], [7157], [1576], [348], [3586], [7040], [3077], [1956], [9370], [1636], [2944], [4318], [3091], [1401], [4137], [23411], [4846], [7099], [142], [3383], [2717]]
Vitamin B12 deficiency neuropathy:[[6948]]
Neuromyelopathy due to vitamin B12 deficiency:[[5444], [6948], [2694]]
Subacute combined degeneration:[[348], [7124], [4318], [1401], [7099], [1636], [6774], [627], [3146], [3479], [2629], [3605], [3458], [6696], [3606], [836], [3565], [7098], [406938], [3558], [356], [7076], [6285], [3592], [6376], [3875]]
Vitamin B<sub>12</sub> deficiency disease of spinal cord:[[]]
Subacute Combined Neuropathy Degeneration:[[348], [7124], [1636], [4318], [1401], [7099], [627], [3458], [3565], [836], [6285]]
Vitamin B>12< deficiency disease of spinal cord:[[]]
Vitamin B>12< deficiency neuropathy:[[]]
Subacute combined degeneration of spinal cord:[[348], [4318], [1401], [7099], [6774], [3146], [627], [3479], [3605], [6696], [356], [6285]]
Dana-Putnam syndrome:[[]]
Lichtheim's disease:[[1493], [5979], [64127], [11315], [351], [8792], [348], [5071], [1910], [3064], [3586], [6774], [3123], [1029], [6622], [4137], [540], [5310], [3717], [6347], [24], [1201], [6387], [3119], [120892], [335], [7450], [5621], [7422], [3569], [338], [5311], [3949], [3107], [4287], [19], [4023], [5664], [57623], [1071], [3558], [4314], [255738], [4088], [356], [3117], [26191], [1191], [653361], [1586], [958], [26503], [1401], [2629], [4018], [3593], [116519], [6927], [4688], [729230], [3106], [864], [3570], [80339], [7415], [6597], [2244], [59067], [345], [8651], [3115], [10577], [149233], [5314], [6261], [3592], [7957], [1030], [28], [10320], [1234], [3659], [246778], [3990], [4041], [1378], [100048912], [3077], [3383], [6775], [5376], [9173], [2161], [55600], [26058], [7439], [1138], [4361], [4582], [7369], [1956], [1282], [3122], [6653], [4747], [51752], [7124], [4359], [538], [55054], [1136], [6311], [5663], [3931], [3992], [2646], [6584], [337], [9966], [4321], [56606], [217], [1235], [274], [5734], [2524], [7040], [341], [7292], [3953], [4524], [1232], [6272], [5966], [5771], [2308], [54901], [4068], [7332], [8878], [3562], [100507436], [9388], [3084], [2099], [10452], [3559], [6583], [5328], [8301], [1636], [3635], [4693], [1230], [2212], [945], [4318], [29881], [9370], [5243], [367], [4790], [7128], [7421], [64241], [54332], [6403], [1373], [7077], [4846], [94103], [51085], [2243], [10019], [345611], [7015], [4311], [2581], [10221], [56731], [7840], [2876], [940], [6606], [60468], [3595], [2266], [50941], [100359403], [3458], [221692], [10347], [3658], [3133], [2904], [64478], [1394], [64170], [64399], [5594]]
SACD - Subacute combined degeneration:[[]]
