Subarachnoid hemorrhage:[[348], [4846], [7124], [3569], [4318], [7040], [1401], [627], [9370], [4790], [7099], [1312], [3479], [4879], [3952], [5054], [3146], [4313], [3162], [1906], [3605], [406991], [3383], [154], [6696], [7450], [183], [185], [3690], [836], [3958], [3043], [1027], [4282], [4843], [11093], [8074], [796], [3240], [1191], [959], [551], [5806], [4316], [2022], [6280], [2688], [133], [875], [9314], [6403], [10631], [6261], [6093], [153], [7941], [7295], [2162], [5327], [4842], [361], [4852], [358], [2934], [2006], [6279], [7345], [2167], [9332], [51561], [4878], [2670], [406992], [1281], [9173], [55384], [54210], [186], [1910], [1909], [5020], [12], [406989], [406948], [9423], [145264], [58157], [2053], [574456], [1889], [5653], [407012], [6761], [3710], [54541], [2219], [80274], [574504], [5049], [100302187], [55901], [100423012]]
SAH - Subarachnoid haemorrhage:[[348], [3569], [7099]]
SAH - Subarachnoid hemorrhage:[[]]
SAH (Subarachnoid Hemorrhage):[[348], [3569], [4846], [7124], [1401], [7099], [1312], [183]]
Subarachnoid intracranial hemorrhage:[[3569], [7124], [4318], [3553], [5054], [551], [7941], [5327], [7345]]
SAHs (Subarachnoid Hemorrhage):[[]]
Subarachnoid Hemorrhage:[[348], [4846], [7124], [3569], [4318], [7040], [1401], [627], [9370], [4790], [7099], [1312], [3479], [4879], [3952], [5054], [3146], [4313], [3162], [1906], [3605], [406991], [3383], [154], [6696], [7450], [183], [185], [3690], [836], [3958], [3043], [1027], [4282], [4843], [11093], [8074], [796], [3240], [1191], [959], [551], [5806], [4316], [2022], [6280], [2688], [133], [875], [9314], [6403], [10631], [6261], [6093], [153], [7941], [7295], [2162], [5327], [4842], [361], [4852], [358], [2934], [2006], [6279], [7345], [2167], [9332], [51561], [4878], [2670], [406992], [1281], [9173], [55384], [54210], [186], [1910], [1909], [5020], [12], [406989], [406948], [9423], [145264], [58157], [2053], [574456], [1889], [5653], [407012], [6761], [3710], [54541], [2219], [80274], [574504], [5049], [100302187], [55901], [100423012]]
Subarachnoid intracranial haemorrhage:[[348], [4137], [3569], [4318], [7099], [1394], [4879], [5054], [7097], [3690]]
Subarachnoid Hemorrhages:[[5116]]
Subarachnoid haemorrhage:[[348], [3569], [4318], [7099], [4137], [4879], [5054], [7097], [7450], [3690], [177], [3240], [11093], [682], [1116], [2162], [1394], [3572], [1889]]
