Cot Deaths:[[]]
Death Crib:[[998], [5058], [7048], [7046], [10971], [23513]]
SIDS - Sudden infant death syndrome:[[6331], [6532], [348], [7422], [3569], [3586], [3757], [4128], [2697], [3784], [6323], [3350], [361], [4615], [7054], [121278], [468], [6348], [8929], [859], [9451], [6550], [3777], [201294], [6640], [3752], [3764], [55800], [23171], [6330], [54738], [6327]]
Unexpected sudden death of infant:[[6331], [3757], [1565], [4204], [6323]]
SIDS:[[3423], [348], [6532], [7422], [7124], [3569], [3586], [1312], [6331], [3757], [836], [3557], [4128], [2697], [3558], [3784], [2778], [2784], [6323], [3350], [361], [4615], [1139], [7054], [121278], [6441], [1621], [468], [6262], [6348], [6329], [6335], [8929], [2902], [859], [3753], [9451], [3759], [2328], [6550], [2538], [5028], [9722], [3030], [6324], [10021], [3777], [2542], [201294], [2672], [3752], [9992], [6640], [35], [3764], [55800], [6330], [23171], [6327], [54738]]
Sudden infant death:[[6331], [7124], [348], [3569], [7422], [6532], [3586], [627], [3553], [3757], [4128], [929], [3552], [3356], [2697], [3784], [4615], [6323], [3570], [3350], [3329], [2353], [361], [4915], [121278], [7054], [6348], [468], [6869], [6817], [116], [9451], [8929], [3060], [7259], [859], [4133], [6550], [117], [3777], [37], [3766], [201294], [3752], [6640], [1188], [3764], [55800], [6330], [54738], [23171], [6327]]
SUDDEN INFANT DEATH SYNDROME:[[6331], [348], [3569], [7422], [6532], [3586], [627], [3553], [3757], [4128], [929], [3552], [3356], [2697], [3784], [4615], [6323], [3570], [3350], [3329], [2353], [361], [4915], [121278], [7054], [6348], [468], [6869], [6817], [116], [9451], [8929], [3060], [859], [4133], [6550], [3777], [3766], [201294], [3752], [6640], [3764], [55800], [6330], [54738], [23171], [6327], [7259]]
Cot death:[[]]
SID:[[3784], [1755], [3785], [80312], [25942], [9132], [3786], [10011], [54847], [51092], [55613]]
Sudden Infant Death:[[6331], [7124], [348], [3569], [7422], [6532], [3586], [627], [3553], [3757], [4128], [929], [3552], [3356], [2697], [3784], [4615], [6323], [3570], [3350], [3329], [2353], [361], [4915], [121278], [7054], [6348], [468], [6869], [6817], [116], [9451], [8929], [3060], [7259], [859], [4133], [6550], [117], [3777], [37], [3766], [201294], [3752], [6640], [1188], [3764], [55800], [6330], [54738], [23171], [6327]]
Sudden infant death syndrome:[[6331], [348], [3569], [7422], [6532], [3586], [627], [3553], [3757], [4128], [929], [3552], [3356], [2697], [3784], [4615], [6323], [3570], [3350], [3329], [2353], [361], [4915], [121278], [7054], [6348], [468], [6869], [6817], [116], [9451], [8929], [3060], [859], [4133], [6550], [3777], [3766], [201294], [3752], [6640], [3764], [55800], [6330], [54738], [23171], [6327], [7259]]
Crib death:[[]]
Sudden Infant Death Syndrome:[[6331], [348], [3569], [7422], [6532], [3586], [627], [3553], [3757], [4128], [929], [3552], [3356], [2697], [3784], [4615], [6323], [3570], [3350], [3329], [2353], [361], [4915], [121278], [7054], [6348], [468], [6869], [6817], [116], [9451], [8929], [3060], [859], [4133], [6550], [3777], [3766], [201294], [3752], [6640], [3764], [55800], [6330], [54738], [23171], [6327], [7259]]
Death Cot:[[4790], [673], [5594], [5743], [5970], [5595], [5347], [3576], [5894], [5300], [1548], [9173], [9020]]
