STEELE-RICHARDSON-OLSZEWSKI SYNDROME:[[]]
Steele-Richardson-Olszewski Syndrome:[[]]
Progressive supranuclear palsy:[[4137], [3558], [7422], [59067], [6622], [2475], [7852], [3662], [9451], [120892], [6647], [23435], [5663], [10], [4128], [5300], [6579], [6093], [2066], [6198], [5788], [10228], [1020], [1394], [926], [4747], [5664], [9475], [6311], [4129], [1129], [1639], [9790], [1128], [4336], [64750], [5309], [1132], [11221], [81559], [50488], [8927], [406939], [574487]]
Richardson's Syndrome:[[]]
Steele Richardson Olszewski Disease:[[]]
PSP:[[10247], [5967], [4477], [5723], [6814], [5623], [140683], [5968], [4137], [1401], [7099], [9370], [120892], [1559], [5071], [796], [3172], [6927], [4615], [6441], [4842], [1991], [54209], [653509], [10133], [9451], [4929], [6440], [6439], [1639], [114609], [5068], [55596], [729238], [9048], [50488], [4902], [1745], [106014249], [692094]]
Supranuclear Palsies Progressive:[[]]
Steele-Richardson-Olszewski Disease:[[]]
Richardson Syndrome:[[]]
PSP - progressive supranuclear palsy:[[4137], [120892], [9451], [1639], [50488]]
Steele Richardson Olszewski Syndrome:[[]]
Supranuclear Palsy Progressive:[[4137], [619408], [100038248], [3558], [59067], [9451], [3662], [6647], [6579], [7422], [10228], [6622], [926], [23435], [9790], [120892], [4336], [7852], [2475], [5663], [10], [4128], [5300], [6093], [4747], [2066], [6198], [5788], [1020], [1394], [5664], [9475], [6311], [4129], [1129], [1639], [1128], [64750], [5309], [1132], [11221], [81559], [50488], [8927], [406939], [574487]]
