Sweet disease:[[80834], [3953], [83756], [3630], [4988], [3710], [3952], [6532], [100], [6531], [2550], [846], [2322], [4210], [1268], [2641], [150], [2911], [2130], [2915], [5020], [2913], [5726], [2912], [255022], [2917], [5697], [9568], [2918], [2914], [1438], [80835], [2314], [222545], [2916], [346562], [51704], [57512], [165829], [55507]]
SS:[[2994], [6473], [2222], [6737], [6741], [6738], [10347], [7157], [3043], [1499], [6532], [7124], [7040], [1956], [3569], [6774], [1636], [2099], [4609], [3845], [367], [207], [7421], [55128], [627], [4790], [8636], [5728], [5743], [4846], [3576], [6622], [7015], [7852], [3458], [3605], [596], [4233], [595], [4313], [6347], [23405], [4879], [3162], [355], [2100], [3606], [3146], [177], [5970], [6696], [5133], [2932], [3958], [3480], [3082], [6714], [3690], [1906], [3791], [3725], [338], [5265], [4288], [356], [1277], [4314], [2247], [4023], [406947], [3627], [328], [3356], [7291], [4088], [718], [1786], [1457], [10673], [2629], [2305], [7431], [25913], [4615], [3685], [3172], [7430], [302], [22943], [4049], [567], [3303], [4316], [23586], [9021], [6662], [3115], [5058], [2638], [4684], [197], [875], [10320], [2645], [361], [3297], [27161], [3684], [5617], [84876], [50507], [684], [2597], [51561], [590], [5972], [43], [7494], [2623], [5423], [10544], [409], [6891], [6683], [5245], [7248], [1594], [112744], [10563], [2237], [5820], [6752], [89780], [5079], [8291], [4283], [1647], [4928], [22926], [5592], [4069], [2520], [4841], [6750], [7072], [4837], [26580], [2993], [8654], [5887], [574452], [3187], [506], [909], [5336], [115650], [6760], [6755], [54361], [4881], [4059], [5358], [10096], [6596], [6035], [6425], [973], [6400], [10383], [218], [25825], [6614], [6751], [1879], [3792], [7103], [1478], [6753], [6299], [27180], [6756], [23353], [6757], [81027], [6419], [3720], [79035], [347733], [81857], [406946], [3324], [6754], [79801], [58517], [100126319], [10152], [54899], [6631], [50856], [220972]]
SWEET SYNDROME:[[2322], [1438]]
Syndrome Sweet:[[3953], [3952], [6532], [6531], [3630], [2322], [4210], [846], [4988], [1268], [2641], [150], [100], [2550], [2915], [5020], [5697], [3710], [1438], [9568], [2314], [346562]]
Acute febrile neutrophilic dermatosis:[[4210]]
Neutrophilic Dermatosis Acute Febrile:[[4210]]
PYRIN-ASSOCIATED AUTOINFLAMMATORY DISEASE:[[114548], [22861], [4210], [91662], [7132], [3553], [9051]]
Gomm-Button Disease:[[55737], [22871], [23557], [57555]]
GOMM-BUTTON DISEASE:[[55737], [22871], [23557], [57555]]
Gomm Button Disease:[[55737], [22871], [23557], [57555]]
PAAND:[[4210]]
AFND:[[57688]]
Febrile neutrophilic dermatosis:[[4210]]
Sweet syndrome:[[2322], [1438]]
Febrile neutrophilic dermatosis [Sweet]:[[4210]]
NEUTROPHILIC DERMATOSIS ACUTE FEBRILE:[[4210]]
Syndrome Sweet's:[[23586], [4318], [3576], [4353], [4210]]
Sweets Syndrome:[[]]
