Neurally Mediated Faints:[[]]
Syncopes Neurocardiogenic:[[]]
Vasodepressor Syncope:[[]]
Neurally Mediated Faint:[[]]
Vasovagal Syncopes:[[]]
Vasovagal Syncope:[[1906], [2778], [7132], [2784], [133], [135], [153], [551], [5997], [148], [54331], [84636]]
Vaso vagal episode:[[]]
Syncope Neurogenic:[[1906], [135], [551]]
Syncopes Neurogenic:[[4760], [4761], [7157], [7124], [4762], [3569], [7040], [1029], [4851], [6774], [3553], [94008], [261], [4780], [6647], [1674], [3815], [355], [58158], [3630], [1906], [4000], [59272], [2247], [5241], [3064], [6657], [1950], [3481], [6469], [5329], [4854], [7442], [796], [1385], [648], [5080], [6662], [1019], [7415], [135], [4684], [155], [551], [4803], [361], [4853], [4804], [1000], [10763], [1524], [59341], [406907], [6925], [6863], [406928], [6869], [8989], [8549], [1136], [4855], [4654], [1129], [55681], [407046], [429], [6423], [4133], [57222], [1141], [406909], [2255], [6855], [7088], [10215], [2069], [3642], [9997], [466], [406908], [8535], [163175], [11255], [60495], [4656], [2914], [2733], [442916], [1447], [100506311], [338917], [90527], [153241], [63974], [63973], [266977], [196475], [338599], [221914], [100616242], [442425]]
Gower's syndrome:[[3757], [1280], [114548], [3753], [2074], [7157], [348], [1281], [51085], [546], [80184], [7466], [3845], [673], [8481], [5728], [8195], [7486], [641], [2706], [2317], [4292], [91147], [8626], [1540], [4000], [54658], [1161], [7490], [2033], [6331], [4023], [1071], [5781], [4436], [2263], [3643], [7291], [3784], [2261], [2260], [582], [10806], [8085], [10083], [367], [4683], [207], [84062], [3123], [7468], [4647], [4952], [2200], [1029], [7399], [4810], [201163], [2969], [10804], [6949], [7227], [2492], [775], [7840], [2316], [5428], [3730], [5080], [585], [1278], [54487], [5604], [55612], [2121], [811], [5290], [132884], [4281], [116442], [84100], [2812], [5077], [64127], [79068], [6663], [783], [338], [57167], [1130], [9968], [2332], [1277], [3990], [10743], [7456], [19], [2122], [3265], [6737], [84059], [6741], [3481], [6513], [4089], [23111], [2646], [356], [1285], [1387], [26585], [8976], [7504], [1827], [331], [23405], [9401], [65217], [4893], [672], [4692], [9569], [5894], [4277], [6774], [3117], [1401], [1788], [7401], [7128], [3570], [545], [10163], [583], [10682], [124590], [129880], [54808], [27241], [2138], [79738], [4137], [2475], [60], [3897], [5159], [1364], [8091], [5885], [79803], [2811], [2956], [9993], [5460], [4286], [675], [3717], [8220], [80144], [80025], [999], [3973], [79621], [4193], [64135], [1145], [55212], [2645], [27031], [4851], [1493], [10535], [2131], [1910], [7122], [9031], [4853], [1134], [2146], [100188856], [355], [50943], [105259599], [2153], [9652], [10908], [3664], [7020], [8214], [5308], [10062], [8517], [5076], [27019], [5189], [5395], [1287], [1906], [25825], [3759]]
Syncope Vasovagal Neurally-Mediated:[[5997]]
Vasovagal attack:[[7132], [133]]
Vasodepressor Syncopes:[[]]
Syncope vasovagal:[[105031671], [1906], [2778], [2784], [7132], [135], [133], [153], [551], [5997], [148], [54331], [84636]]
Vasodepressor syncope:[[]]
Vasovagal syncope:[[1906], [2778], [7132], [2784], [133], [135], [153], [551], [5997], [148], [54331], [84636]]
Neurally-mediated syncope:[[5997], [10008]]
Syncope Neurocardiogenic:[[]]
