Congenital webbing of digits:[[]]
Syndactyly:[[2697], [3239], [57306], [619407], [100505394], [5290], [324], [8626], [2263], [81607], [6469], [775], [4038], [64327], [26585], [2737], [727857], [1717], [4920], [2195], [92002], [6468], [154141], [150468]]
Symphalangism:[[9241], [8200], [4920]]
Syndactylias:[[]]
Symphalangy NOS:[[4843], [4842], [4846], [1956], [7422], [3091], [351], [2099], [6774], [5243], [5743], [1499], [6622], [3479], [29126], [3458], [339345], [154], [23411], [6648], [3162], [355], [6714], [857], [6667], [1027], [1559], [8743], [3791], [3757], [3320], [1756], [56729], [796], [5295], [4792], [4035], [801], [1509], [111365141], [383], [3753], [23569], [823], [953], [5592], [6097], [9722], [384], [23564], [79924], [6541], [2982], [11184], [406963], [7270], [2983], [2232], [2977], [340719]]
Syndactylies:[[]]
Syndactyly unspecified:[[324], [775]]
Syndactylia:[[]]
Syndactylism:[[]]
Syndactylus:[[]]
