Ventricular Tachyarrhythmias:[[6331], [3757], [845], [3784], [1636], [3753]]
Ventricular tachycardia (Vtach):[[]]
Ventricular Tachycardias:[[79188]]
Ventricular tachyarrhythmia:[[6331], [6262], [3569], [3784], [2778], [51422]]
Ventricular Tachycardia:[[845], [6262], [801], [10345], [100653371], [6331], [183], [1906], [3958], [2771], [4000], [153], [5972], [3759], [1832], [5350], [5318], [9722], [3909], [3782], [805], [253017], [88], [783], [79188], [6330], [64388], [59283]]
Ventricular Tachyarrhythmia:[[6331], [6262], [3569], [3784], [2778], [51422]]
Ventricular tachyarrhythmias:[[6331], [3757], [845], [3784], [1636], [3753]]
Tachycardia ventricular:[[6262], [6331], [845], [100653371], [10345], [1832], [5318], [801], [3569], [1636], [4846], [2771], [4879], [79188], [183], [1906], [3958], [4000], [154], [6696], [7137], [59272], [185], [153], [4878], [6336], [3759], [253017], [4842], [9722], [5972], [5350], [5308], [4880], [10021], [6324], [3782], [805], [3909], [88], [783], [6330], [64388], [59283]]
VT - Ventricular tachycardia:[[6262], [6331], [3958], [6330]]
Ventricular tachycardia:[[845], [6262], [801], [10345], [100653371], [6331], [183], [1906], [3958], [2771], [4000], [153], [5972], [3759], [1832], [5350], [5318], [9722], [3909], [3782], [805], [253017], [88], [783], [79188], [6330], [64388], [59283]]
