Telangiectasia Hereditary Hemorrhagic of Rendu Osler and Weber:[[2022], [94]]
Weber-Osler Syndrome:[[780903], [2022], [94]]
Weber Osler Syndrome:[[780903], [2022], [94]]
Osler Weber Rendu Syndrome:[[780903], [2022], [94]]
Osler-Rendu Disease:[[]]
Osler-Rendu-Weber syndrome:[[780903], [2022]]
Osler-Weber-Rendu Syndrome:[[780903], [2022], [94]]
OSLER-RENDU-WEBER DISEASE:[[2022]]
Rendu Osler Weber Disease:[[2022], [94]]
Osler hemorrhagic telangiectasia syndrome:[[2022], [94]]
Osler Disease:[[2022], [94]]
HHT - Hereditary hemorrhagic telangiectasia:[[94], [2022], [7422], [4089], [659], [2050]]
Telangiectasia Hereditary Hemorrhagic:[[791087], [4089], [2022], [94], [2658], [7124], [2157], [7422], [3569], [659], [406992], [29102], [2050]]
Osler's Disease:[[1493], [5979], [64127], [11315], [351], [8792], [348], [5071], [1910], [3064], [3586], [6774], [3123], [1029], [6622], [4137], [540], [5310], [3717], [6347], [24], [1201], [6387], [3119], [120892], [335], [7450], [5621], [7422], [3569], [338], [5311], [3949], [3107], [4287], [19], [4023], [5664], [57623], [1071], [3558], [4314], [255738], [4088], [356], [3117], [26191], [1191], [653361], [1586], [958], [26503], [1401], [2629], [4018], [3593], [116519], [6927], [4688], [729230], [3106], [864], [3570], [80339], [7415], [6597], [2244], [59067], [345], [8651], [3115], [10577], [149233], [5314], [6261], [3592], [7957], [1030], [28], [10320], [1234], [3659], [246778], [3990], [4041], [1378], [100048912], [3077], [3383], [6775], [5376], [9173], [2161], [55600], [26058], [7439], [1138], [4361], [4582], [7369], [1956], [1282], [3122], [6653], [4747], [51752], [7124], [4359], [538], [55054], [1136], [6311], [5663], [3931], [3992], [2646], [6584], [337], [9966], [4321], [56606], [217], [1235], [274], [5734], [2524], [7040], [341], [7292], [3953], [4524], [1232], [6272], [5966], [5771], [2308], [54901], [4068], [7332], [8878], [3562], [100507436], [9388], [3084], [2099], [10452], [3559], [6583], [5328], [8301], [1636], [3635], [4693], [1230], [2212], [945], [4318], [29881], [9370], [5243], [367], [4790], [7128], [7421], [64241], [54332], [6403], [1373], [7077], [4846], [94103], [51085], [2243], [10019], [345611], [7015], [4311], [2581], [10221], [56731], [7840], [2876], [940], [6606], [60468], [3595], [2266], [50941], [100359403], [3458], [221692], [10347], [3658], [3133], [2904], [64478], [1394], [64170], [64399], [5594]]
Weber Osler Disease:[[2022], [94]]
Rendu-Osler-Weber Disease:[[94]]
Osler haemorrhagic telangiectasia syndrome:[[2022], [94]]
TELANGIECTASIA HEREDITARY HEMORRHAGIC OF RENDU OSLER AND WEBER:[[2022], [94]]
Osler Rendu Disease:[[]]
Rendu-Osler-Weber disease:[[94]]
Osler-Rendu-Weber Disease:[[2022]]
HHT:[[94], [7422], [7040], [3479], [7852], [2022], [8743], [2157], [4089], [4170], [285], [1803], [659], [2050], [5366], [6916], [660], [494323], [407020]]
Hereditary hemorrhagic telangiectasia:[[2022], [7422], [4089], [94], [659], [406992], [29102], [2050], [2658]]
Hereditary haemorrhagic telangiectasia:[[2022], [4089], [94], [2157]]
ORW DISEASE:[[]]
Osler-Weber-Rendu disease:[[2022], [94]]
HHT - Hereditary haemorrhagic telangiectasia:[[94], [2022], [4089], [2157]]
Osler-Rendu-Weber disease:[[2022]]
Weber-Osler Disease:[[2022], [94]]
