Costen Syndrome:[[]]
TMJPDS - Temporomandibular joint pain dysfunction syndrome:[[2260], [3123], [7124], [7422], [1312], [7040], [2099], [4318], [7099], [5743], [154], [2321], [3557], [4314], [4312], [8600], [192343]]
Myofascial Pain Dysfunction Syndrome Temporomandibular Joint:[[]]
Syndrome Costen's:[[3757], [1280], [114548], [3753], [2074], [7157], [348], [1281], [51085], [546], [80184], [7466], [3845], [673], [8481], [5728], [8195], [7486], [641], [2706], [2317], [4292], [91147], [8626], [1540], [4000], [54658], [1161], [7490], [2033], [6331], [4023], [1071], [5781], [4436], [2263], [3643], [7291], [3784], [2261], [2260], [582], [10806], [8085], [10083], [367], [4683], [207], [84062], [3123], [7468], [4647], [4952], [2200], [1029], [7399], [4810], [201163], [2969], [10804], [6949], [7227], [2492], [775], [7840], [2316], [5428], [3730], [5080], [585], [1278], [54487], [5604], [55612], [2121], [811], [5290], [132884], [4281], [116442], [84100], [2812], [5077], [64127], [79068], [6663], [783], [338], [57167], [1130], [9968], [2332], [1277], [3990], [10743], [7456], [19], [2122], [3265], [6737], [84059], [6741], [3481], [6513], [4089], [23111], [2646], [356], [1285], [1387], [26585], [8976], [7504], [1827], [331], [23405], [9401], [65217], [4893], [672], [4692], [9569], [5894], [4277], [6774], [3117], [1401], [1788], [7401], [7128], [3570], [545], [10163], [583], [10682], [124590], [129880], [54808], [27241], [2138], [79738], [4137], [2475], [60], [3897], [5159], [1364], [8091], [5885], [79803], [2811], [2956], [9993], [5460], [4286], [675], [3717], [8220], [80144], [80025], [999], [3973], [79621], [4193], [64135], [1145], [55212], [2645], [27031], [4851], [1493], [10535], [2131], [1910], [7122], [9031], [4853], [1134], [2146], [100188856], [355], [50943], [105259599], [2153], [9652], [10908], [3664], [7020], [8214], [5308], [10062], [8517], [5076], [27019], [5189], [5395], [1287], [1906], [25825], [3759]]
Temporomandibular Joint Dysfunction Syndrome:[[]]
Costens Syndrome:[[]]
Snapping jaw:[[]]
Mandibular dysfunction:[[7422], [3479], [4879], [23411], [7421], [4982], [4000], [4851], [4233], [4314], [2263], [650], [7043], [5167], [406], [5015], [80326], [8437]]
TMJ syndrome:[[]]
Myofascial pain - dysfunction syndrome of TMJ:[[]]
TMJ Syndrome:[[]]
Temporomandibular Joint Syndrome:[[]]
Temporomandibular joint pain dysfunction syndrome:[[2260], [3123], [7124], [7422], [1312], [7040], [2099], [4318], [7099], [5743], [154], [2321], [3557], [4314], [4312], [8600], [192343]]
Temporomandibular joint-pain-dysfunction syndrome:[[2099]]
Costen's syndrome:[[]]
Costen's complex:[[672], [3123], [3107], [2068], [2475], [3105], [2146], [3106], [675], [3133], [3119], [3135], [5573], [4904], [6390], [7508], [6392], [3486], [3117], [4773], [8289], [2778], [7528], [8607], [1025], [5888], [203228], [972], [23028], [100507436], [498], [2071], [10856], [1147], [5696], [7248], [4792], [79577], [7251], [3122], [25942], [6389], [4683], [51079], [1022], [5698], [3674], [4171], [7249], [6280], [10399], [3115], [7283], [7157], [5687], [79001], [9968], [1736], [916], [5693], [1739], [6890], [919], [5885], [1499], [902], [4176], [4724], [2966], [329], [2122], [5469], [5684], [6279], [966], [4719], [3688], [9219], [5682], [4172], [4261], [10728], [617], [5685], [3109], [84062], [5689], [11052], [996], [6599], [4772], [57521], [5683], [3127], [2968], [7422], [5903], [10197], [3125], [9070], [65057], [5686], [3126], [51103], [4722], [7385], [917], [1161], [86], [6950], [5692], [4729], [6421], [506], [1173], [6605], [3837], [4697], [5160], [4704], [2965], [5695], [5929], [4175], [5887], [330], [4720], [7386], [2967], [6601], [5690], [6895], [7381], [4723], [163], [3108], [3134], [2217], [4174], [4173], [55737], [821], [5694], [1537], [7203], [7015], [5699], [10189], [3113], [4841], [3030], [23512], [1024], [79184], [7175], [10694], [10445], [1401], [253260], [54539], [6391], [374291], [9978], [7124], [7965], [10576], [4705], [6760], [84515], [23418], [513], [9255], [6749], [429], [10403], [9972], [53335], [5720], [8260], [64682], [23020], [915], [3690], [160], [9984], [4715], [4999], [9739], [8518], [4694], [11051], [4728], [6015], [79718], [1738], [54487], [4998], [1956], [23019], [254394]]
Temporomandibular joint syndrome:[[]]
