Tetralogy of Fallot:[[5781], [7422], [2626], [348], [182], [8829], [3091], [1401], [4879], [1482], [2627], [4851], [2697], [6899], [3791], [1277], [3757], [3315], [796], [2200], [23414], [5562], [6256], [6868], [1535], [2262], [2324], [1839], [5308], [4916], [6910], [6091], [7026], [2702], [4026], [57057], [9421], [7290], [8854], [9464], [57216], [5362], [11149], [2657], [137814], [29886], [1714]]
TETRALOGY OF FALLOT:[[5781], [7422], [2626], [348], [182], [8829], [3091], [1401], [4879], [1482], [2627], [4851], [2697], [6899], [3791], [1277], [3757], [3315], [796], [2200], [23414], [5562], [6256], [6868], [1535], [2262], [2324], [1839], [5308], [4916], [6910], [6091], [7026], [2702], [4026], [57057], [9421], [7290], [8854], [9464], [57216], [5362], [11149], [2657], [137814], [29886], [1714]]
TOF:[[2626], [55079], [7422], [7040], [351], [1029], [4318], [1401], [3458], [4879], [6647], [3791], [7276], [2332], [2697], [4314], [1786], [796], [7139], [302], [6093], [345], [1789], [8829], [632], [182], [6117], [2324], [2643], [5196], [1356], [116], [2741], [1082], [8932], [8021], [140628], [23414], [11149], [107403080], [27163], [137814]]
Fallot's tetralogy:[[]]
Subpulmonic stenosis ventricular septal defect overriding aorta AND right ventricular hypertrophy:[[]]
Tetralogy of fallot:[[5781], [7422], [2626], [348], [182], [8829], [3091], [1401], [4879], [1482], [2627], [4851], [2697], [6899], [3791], [1277], [3757], [3315], [796], [2200], [23414], [5562], [6256], [6868], [1535], [2262], [2324], [1839], [5308], [4916], [6910], [6091], [7026], [2702], [4026], [57057], [9421], [7290], [8854], [9464], [57216], [5362], [11149], [2657], [137814], [29886], [1714]]
Tetralogy Fallots:[[1482]]
Tetralogy Fallot:[[2626], [182], [5781], [1482], [8829], [2627], [6899], [7422], [4879], [348], [23414], [1401], [3091], [2262], [4851], [2697], [3791], [1277], [3757], [3315], [796], [2200], [6256], [5562], [6868], [1535], [2324], [1839], [5308], [4916], [6910], [6091], [7026], [2702], [57057], [9421], [4026], [7290], [8854], [9464], [57216], [11149], [5362], [2657], [137814], [29886], [1714]]
Tetralogy Fallot's:[[5781], [7422], [2626], [348], [182], [8829], [3091], [1401], [1482], [4879], [2627], [4851], [2697], [6899], [3791], [1277], [3757], [3315], [796], [2200], [23414], [5562], [6256], [6868], [1535], [2262], [2324], [1839], [5308], [4916], [6910], [6091], [7026], [2702], [4026], [57057], [9421], [7290], [8854], [9464], [57216], [5362], [11149], [2657], [137814], [29886], [1714]]
TOF - Tetralogy of Fallot:[[2626], [7422], [182], [8829], [1401], [4879], [3791], [2697], [796], [23414], [2324], [11149], [137814]]
