Glanzmann thromboasthenia:[[3673]]
GP IIb-IIIa COMPLEX DEFICIENCY OF:[[3674], [2811], [3690], [4790], [7057]]
Thrombasthenia Glanzmann:[[3690], [3674], [3673]]
Thrombasthenias:[[]]
Glanzmann's syndrome:[[3690], [3674], [3673]]
Thrombasthenia of Glanzmann and Naegeli:[[]]
Hereditary thromboasthenia:[[3673]]
BLEEDING DISORDER PLATELET-TYPE 2:[[2313], [116814567], [3690], [116814566], [10235], [3674], [64805], [51206], [6915], [87], [2048], [8328], [3673], [5568], [342618], [2811]]
BDPLT2:[[3690], [3674]]
Thrombasthenia:[[3690], [3674], [3673]]
Glanzmann's thrombasthenia:[[3690], [3674], [3673]]
PLATELET GLYCOPROTEIN IIb-IIIa DEFICIENCY:[[3674], [3690], [2811], [3689], [7057], [4790]]
THROMBASTHENIA OF GLANZMANN AND NAEGELI:[[]]
Hereditary hemorrhagic thrombasthenia:[[]]
GT:[[3690], [3674], [114548], [3953], [3569], [3570], [1401], [7003], [3659], [595], [3557], [4846], [2172], [7124], [1956], [4524], [7422], [1636], [3172], [6927], [3162], [9370], [2244], [3586], [5243], [207], [672], [5468], [84639], [3845], [627], [29126], [3553], [1029], [7099], [1080], [7097], [3105], [3554], [5290], [7450], [2944], [50943], [1813], [1012], [2122], [355], [5054], [6648], [2646], [6095], [4851], [1493], [85358], [7850], [341], [3958], [2908], [410], [87], [3383], [4000], [5771], [581], [5339], [1906], [5310], [5788], [51738], [8924], [2157], [11093], [282617], [213], [5747], [8624], [3784], [54658], [1756], [929], [1277], [4043], [3552], [3757], [3320], [4204], [429], [1373], [3558], [860], [8658], [3265], [10891], [331], [2155], [7173], [5888], [7291], [3600], [10135], [1398], [1387], [1571], [780], [3608], [4018], [3811], [5300], [1111], [9564], [11186], [10919], [5591], [1268], [4323], [10395], [3785], [135], [9518], [1733], [2678], [3145], [4855], [9314], [629], [2690], [2539], [3240], [5175], [5021], [4583], [1050], [8647], [3673], [3303], [7424], [1788], [2214], [1789], [1139], [10801], [10721], [864], [4035], [10320], [7077], [79648], [4904], [55937], [6597], [221037], [1536], [2272], [2638], [875], [409], [5176], [4311], [94025], [100048912], [2821], [7037], [6299], [5096], [6556], [4852], [4322], [3418], [283131], [246778], [5617], [3897], [4221], [1278], [8829], [55107], [8517], [252995], [1375], [5829], [4586], [100133941], [1000], [55384], [8761], [2903], [2919], [10211], [6778], [27161], [7874], [29123], [9628], [6550], [3939], [8862], [1394], [2833], [4092], [1440]]
Hereditary haemorrhagic thrombasthenia:[[]]
GLYCOPROTEIN COMPLEX IIb-IIIa DEFICIENCY OF:[[3674], [3690], [3689], [7057], [2811], [4790]]
Glanzmann thrombasthenia:[[3690], [3674], [3673]]
GLANZMANN THROMBASTHENIA:[[3690], [3674], [3673]]
Glanzmann's disease:[[3690], [3674], [3673]]
Glanzmann-Naegeli disorder:[[]]
PLATELET FIBRINOGEN RECEPTOR DEFICIENCY OF:[[3674], [3690], [51206], [7099], [2244], [1956], [2243], [2266], [3557], [3689], [5468], [3569], [2147], [7941], [7422], [2811], [3383], [5770], [2260], [7040], [351], [5054], [3684], [6403], [4982], [348], [114548], [7450], [9370], [718], [2153], [207], [7124], [255738], [6774], [2157], [5594], [5624], [335], [5340], [2155], [1401], [2162], [3576], [5627], [4524], [3553], [7057], [4790], [1947], [3630], [4318], [4846], [3075], [3146], [2152], [3827], [5345], [6868], [2475], [5176], [285], [6288], [2], [6678], [5327], [6404], [3371], [961], [967]]
