Syndrome Refetoff:[[3757], [1280], [114548], [3753], [2074], [7157], [348], [1281], [51085], [546], [80184], [7466], [3845], [673], [8481], [5728], [8195], [7486], [641], [2706], [2317], [4292], [91147], [8626], [1540], [4000], [54658], [1161], [7490], [2033], [6331], [4023], [1071], [5781], [4436], [2263], [3643], [7291], [3784], [2261], [2260], [582], [10806], [8085], [10083], [367], [4683], [207], [84062], [3123], [7468], [4647], [4952], [2200], [1029], [7399], [4810], [201163], [2969], [10804], [6949], [7227], [2492], [775], [7840], [2316], [5428], [3730], [5080], [585], [1278], [54487], [5604], [55612], [2121], [811], [5290], [132884], [4281], [116442], [84100], [2812], [5077], [64127], [79068], [6663], [783], [338], [57167], [1130], [9968], [2332], [1277], [3990], [10743], [7456], [19], [2122], [3265], [6737], [84059], [6741], [3481], [6513], [4089], [23111], [2646], [356], [1285], [1387], [26585], [8976], [7504], [1827], [331], [23405], [9401], [65217], [4893], [672], [4692], [9569], [5894], [4277], [6774], [3117], [1401], [1788], [7401], [7128], [3570], [545], [10163], [583], [10682], [124590], [129880], [54808], [27241], [2138], [79738], [4137], [2475], [60], [3897], [5159], [1364], [8091], [5885], [79803], [2811], [2956], [9993], [5460], [4286], [675], [3717], [8220], [80144], [80025], [999], [3973], [79621], [4193], [64135], [1145], [55212], [2645], [27031], [4851], [1493], [10535], [2131], [1910], [7122], [9031], [4853], [1134], [2146], [100188856], [355], [50943], [105259599], [2153], [9652], [10908], [3664], [7020], [8214], [5308], [10062], [8517], [5076], [27019], [5189], [5395], [1287], [1906], [25825], [3759]]
Refetoff DeWind DeGroot Syndrome:[[]]
Resistance to thyroid stimulating hormone:[[7253], [7068], [1081], [3480], [348], [28], [3084], [3952], [51741], [2778], [650], [5979], [2688], [406938], [3488], [3672], [1588], [2155], [5617], [7080], [2253], [821], [54361], [7498], [2170], [10298], [9586], [2488], [23513]]
Thyroid Hormone Resistance Syndrome:[[7068], [7067]]
Refetoff syndrome:[[]]
Syndrome Refetoff-DeWind-DeGroot:[[3757], [1280], [114548], [3753], [2074], [7157], [348], [1281], [51085], [546], [80184], [7466], [3845], [673], [8481], [5728], [8195], [7486], [641], [2706], [2317], [4292], [91147], [8626], [1540], [4000], [54658], [1161], [7490], [2033], [6331], [4023], [1071], [5781], [4436], [2263], [3643], [7291], [3784], [2261], [2260], [582], [10806], [8085], [10083], [367], [4683], [207], [84062], [3123], [7468], [4647], [4952], [2200], [1029], [7399], [4810], [201163], [2969], [10804], [6949], [7227], [2492], [775], [7840], [2316], [5428], [3730], [5080], [585], [1278], [54487], [5604], [55612], [2121], [811], [5290], [132884], [4281], [116442], [84100], [2812], [5077], [64127], [79068], [6663], [783], [338], [57167], [1130], [9968], [2332], [1277], [3990], [10743], [7456], [19], [2122], [3265], [6737], [84059], [6741], [3481], [6513], [4089], [23111], [2646], [356], [1285], [1387], [26585], [8976], [7504], [1827], [331], [23405], [9401], [65217], [4893], [672], [4692], [9569], [5894], [4277], [6774], [3117], [1401], [1788], [7401], [7128], [3570], [545], [10163], [583], [10682], [124590], [129880], [54808], [27241], [2138], [79738], [4137], [2475], [60], [3897], [5159], [1364], [8091], [5885], [79803], [2811], [2956], [9993], [5460], [4286], [675], [3717], [8220], [80144], [80025], [999], [3973], [79621], [4193], [64135], [1145], [55212], [2645], [27031], [4851], [1493], [10535], [2131], [1910], [7122], [9031], [4853], [1134], [2146], [100188856], [355], [50943], [105259599], [2153], [9652], [10908], [3664], [7020], [8214], [5308], [10062], [8517], [5076], [27019], [5189], [5395], [1287], [1906], [25825], [3759]]
Resistance to thyrotropin:[[7253], [7068], [1081], [7201], [3569], [3952], [2778], [19], [54658], [2155], [6464], [5617], [7080], [156], [54858]]
TSH resistance:[[7253], [7068], [1081], [3084], [7157], [7422], [28], [348], [9370], [3576], [3952], [3845], [673], [207], [2475], [3458], [5054], [595], [6387], [4067], [2932], [857], [51741], [3630], [79068], [4879], [4982], [56729], [10891], [2260], [7507], [3265], [2247], [2308], [2778], [406938], [5562], [1385], [3488], [8856], [4089], [958], [3557], [3552], [3672], [3039], [8600], [268], [4094], [3172], [50507], [7412], [6401], [102], [1734], [5617], [4221], [7080], [409], [7067], [1649], [6348], [3156], [5997], [2170], [6351], [896], [9586], [9970], [50506], [5346], [5655], [1848], [6755], [3972], [9572], [79924], [53905], [10272], [7201]]
Thyroid hormone resistance:[[7068], [7253], [7067]]
Thyroid hormone resistance syndrome:[[7068], [7067]]
