Habit Choreas:[[]]
Spasms Habituation:[[]]
Habit disorder:[[2902], [3356], [7157], [3845], [3553], [3586], [7421], [4023], [2944], [6347], [6531], [217], [2952], [2950], [472], [114548], [4843], [1814], [6648], [1786], [1728], [7166], [125], [4160], [7518], [1108], [406909]]
Tic Disorder:[[3329], [121278], [2026], [25953]]
Habit Chorea:[[]]
Tics:[[1499], [6774], [627], [1312], [960], [4851], [1815], [2263], [5460], [4323], [2034], [4072], [135], [8829], [79923], [3654], [6659], [3206], [7066], [134], [6373], [3911], [284217], [3067], [1474], [5597], [57721], [11122], [64786], [376267], [57720], [649159], [100885798], [401554], [112543478]]
Tic Disorders:[[3329]]
Spasms Habit:[[4160]]
Tic disorder:[[3329], [121278], [2026], [25953]]
Spasm Habituation:[[]]
Tic NOS:[[6774], [1499]]
Tic:[[406], [23550], [7157], [672], [6774], [1499], [675], [960], [4851], [1813], [6531], [9429], [8842], [1815], [7316], [1490], [6469], [7139], [7048], [3329], [7137], [216], [2735], [2159], [8829], [4804], [121278], [3880], [3397], [79923], [2026], [991], [7471], [3206], [6659], [6495], [11091], [8650], [407012], [7317], [7134], [3549], [10021], [406997], [27022], [25953], [5597], [23317], [50846], [57721], [10886], [114781], [10690], [11222], [266553], [649159], [112543478]]
Tic disorder unspecified:[[]]
Spasm Habit:[[217], [7298]]
Habit spasm:[[]]
Habit tic:[[7157], [6531]]
