Noises in ear:[[7067], [26088], [23062], [23163], [1956], [259236], [89781], [7124], [7040], [7422], [2706], [4318], [3091], [7099], [55707], [3586], [596], [627], [207], [5594], [1029], [54084], [1080], [4851], [7097], [3458], [3605], [1906], [595], [5595], [332], [3146], [5970], [154], [2625], [6657], [5781], [2263], [6714], [650], [3688], [7291], [3784], [6469], [4282], [5747], [4288], [3082], [1950], [5172], [4843], [7428], [3552], [8600], [5241], [1050], [4353], [5159], [10018], [652], [1280], [2261], [3315], [6678], [6280], [6495], [6899], [2312], [4893], [7042], [182], [50616], [4586], [4646], [10804], [2638], [153], [5228], [2624], [3280], [55636], [551], [947], [6279], [7020], [361], [7849], [727897], [940], [358], [7471], [1673], [252995], [7043], [5604], [5310], [9817], [1509], [8549], [780], [5076], [89780], [10083], [5744], [9423], [28514], [406952], [8929], [4487], [6446], [7399], [10253], [5196], [1514], [8575], [2048], [554], [7100], [6556], [3198], [1909], [6385], [360], [4585], [9261], [4919], [359], [1889], [1301], [65217], [4920], [6283], [4647], [25836], [8434], [9241], [6037], [284252], [2252], [4760], [4208], [977], [3638], [2290], [2138], [474], [4094], [5605], [9935], [9547], [220], [3020], [2561], [4669], [9965], [9132], [1690], [115908], [3209], [84059], [64072], [7403], [9201], [7850], [5396], [5459], [4567], [5648], [5205], [1729], [7130], [4908], [51297], [7050], [2773], [9361], [5225], [1687], [83605], [5789], [525], [83959], [5456], [9414], [2103], [3766], [9572], [5141], [2069], [915], [2248], [124590], [8022], [5222], [26281], [64699], [1749], [8323], [10913], [4358]]
Ringing in ear:[[7067], [26088], [23062], [23163], [1956], [259236], [89781], [7124], [7040], [7422], [2706], [4318], [3091], [7099], [55707], [3586], [596], [627], [207], [5594], [1029], [54084], [1080], [4851], [7097], [3458], [3605], [1906], [595], [5595], [332], [3146], [5970], [154], [2625], [6657], [5781], [2263], [6714], [650], [3688], [7291], [3784], [6469], [4282], [5747], [4288], [3082], [1950], [5172], [4843], [7428], [3552], [8600], [5241], [1050], [4353], [5159], [10018], [652], [1280], [2261], [3315], [6678], [6280], [6495], [6899], [2312], [4893], [7042], [182], [50616], [4586], [4646], [10804], [2638], [153], [5228], [2624], [3280], [55636], [551], [947], [6279], [7020], [361], [7849], [727897], [940], [358], [7471], [1673], [252995], [7043], [5604], [5310], [9817], [1509], [8549], [780], [5076], [89780], [10083], [5744], [9423], [28514], [406952], [8929], [4487], [6446], [7399], [10253], [5196], [1514], [8575], [2048], [554], [7100], [6556], [3198], [1909], [6385], [360], [4585], [9261], [4919], [359], [1889], [1301], [65217], [4920], [6283], [4647], [25836], [8434], [9241], [6037], [284252], [2252], [4760], [4208], [977], [3638], [2290], [2138], [474], [4094], [5605], [9935], [9547], [220], [3020], [2561], [4669], [9965], [9132], [1690], [115908], [3209], [84059], [64072], [7403], [9201], [7850], [5396], [5459], [4567], [5648], [5205], [1729], [7130], [4908], [51297], [7050], [2773], [9361], [5225], [1687], [83605], [5789], [525], [83959], [5456], [9414], [2103], [3766], [9572], [5141], [2069], [915], [2248], [124590], [8022], [5222], [26281], [64699], [1749], [8323], [10913], [4358]]
Ringing-Buzzing-Tinnitus:[[]]
Tinnitus:[[7124], [3569], [627], [1312], [6532], [3552], [8862], [2668], [3753], [118], [71], [10008]]
Observation of tinnitus:[[3569], [627], [7124], [3753]]
Noise in ears:[[2706]]
Ringing Buzzing Tinnitus:[[]]
Noises in head:[[2305], [27086], [2303], [4303], [2304], [7157], [4137], [1956], [7124], [7422], [3569], [4524], [7040], [25816], [348], [2064], [1280], [4318], [6774], [1029], [3091], [5743], [207], [5728], [3586], [84793], [4790], [29126], [2302], [2944], [5243], [116113], [1499], [378805], [3845], [673], [999], [595], [2475], [3479], [672], [1026], [5290], [2952], [7015], [79804], [50943], [2950], [55810], [960], [4851], [4846], [2299], [3171], [400550], [7515], [406991], [642574], [8091], [596], [89765], [83861], [345895], [221421], [645249], [5054], [1636], [1543], [4313], [8626], [4609], [9370], [4233], [627], [5133], [59341], [80179], [7421], [332], [3553], [6622], [7431], [100128252], [8795], [7852], [1401], [367], [6387], [3123], [4193], [2068], [3576], [1394], [5468], [3952], [6696], [2067], [7099], [4292], [6657], [920], [6532], [5594], [5925], [283932], [5444], [4968], [3717], [4255], [217], [27156], [100506696], [387338], [100126270], [2146], [78998], [1493], [836], [675], [728194], [2153], [1234], [6347], [4780], [2309], [335], [3480], [3815], [81492], [6714], [5970], [23411], [3688], [355], [3486], [472], [100128893], [4582], [3146], [2670], [4288], [7161], [7517], [4312], [1027], [83853], [6772], [4843], [2147], [1539], [650], [100507463], [1432], [3119], [3565], [100507533], [406938], [100309464], [100996301], [4436], [3082], [2260], [5979], [3162], [3791], [1571], [4314], [1565], [51738], [4000], [857], [581], [2100], [3690], [3606], [4089], [11186], [222967], [3135], [6285], [7098], [5888], [10], [1538], [6648], [2932], [5460], [1545], [4625], [5879], [4982], [10413], [2308], [648], [142], [1869], [2247], [2706], [642946], [338]]
Ringing in ears:[[2058], [1906], [100188776], [2706], [5087], [5172], [6663], [10804], [7227], [80208], [50484], [84295], [169792], [92344], [54084], [163183]]
Tinnitus unspecified:[[7124]]
Tinnitus unspecified ear:[[7124]]
