Tooth Discoloration:[[3767]]
Discoloured tooth:[[4359], [54332], [5376], [2617], [4747], [1896], [9927], [4311], [8091], [4000], [652], [3315], [3759], [7157], [10642], [2705], [7422], [7124], [1956], [4487], [3569], [1254], [128178], [3508], [1785], [3553], [59341], [4141], [4318], [7415], [10397], [105943587], [105943586], [7421], [2064], [3091], [3586], [7879], [351], [4040], [5745], [5243], [627], [5083], [596], [650], [5728], [999], [1277], [80326], [3576], [581], [22880], [619496], [387574], [3479], [8626], [3952], [1959], [1253], [431712], [101101768], [100188748], [476], [4982], [1832], [1487], [7414], [253827], [9516], [6647], [8600], [6305], [4233], [2153], [3480], [6331], [3815], [10913], [374286], [3065], [860], [26353], [682], [5621], [6469], [4312], [324], [1778], [3791], [2263], [8565], [5631], [4288], [80208], [5889], [2033], [3552], [5156], [79628], [841], [3735], [7189], [2697], [133], [64423], [10018], [3309], [3481], [3486], [6513], [4744], [265], [4968], [407040], [7132], [6657], [4088], [3066], [7076], [7480], [1490], [1786], [23095], [7453], [7431], [10631], [4771], [4804], [5890], [655], [11284], [22943], [57716], [3371], [9896], [121512], [5159], [2065], [1435], [7442], [2690], [783], [6834], [7077], [16], [3767], [8879], [90678], [6382], [8898], [249], [8888], [947], [4669], [10540], [760], [2353], [5375], [4803], [50964], [51176], [813], [81857], [3035], [8313], [4358], [7020], [4322], [5744], [81846], [9131], [5268], [5165], [3624], [2737], [84962], [2296], [2736], [8792], [7043], [64388], [59345], [2668], [5573], [5308], [3211], [7471], [9531], [23321], [132], [1513], [4192], [3664], [6608], [3482], [3212], [9611], [3300], [1495]]
Staining of teeth NOS:[[7422], [3479], [3458], [3791]]
Discoloration of tooth:[[3767]]
Discolored tooth:[[]]
Tooth discoloration:[[3767]]
Staining of teeth:[[7157], [7422], [7124], [596], [3553], [4318], [7040], [8626], [4609], [4288], [7099], [3479], [3458], [3480], [3791], [6696], [9429], [2697], [836], [51738], [929], [5111], [3309], [3486], [1490], [1000], [652], [7042], [4322], [7043], [1672], [3872], [9119]]
Tooth Discolorations:[[]]
Discolored teeth:[[]]
Tooth discolored:[[]]
Discolouration of tooth:[[4359], [54332], [5376], [2617], [4747], [1896], [9927], [4311], [8091], [4000], [652], [3315], [3759], [7157], [10642], [2705], [7422], [7124], [1956], [4487], [3569], [1254], [128178], [3508], [1785], [3553], [59341], [4141], [4318], [7415], [10397], [105943587], [105943586], [7421], [2064], [3091], [3586], [7879], [351], [4040], [5745], [5243], [627], [5083], [596], [650], [5728], [999], [1277], [80326], [3576], [581], [22880], [619496], [387574], [3479], [8626], [3952], [1959], [1253], [431712], [101101768], [100188748], [476], [4982], [1832], [1487], [7414], [253827], [9516], [6647], [8600], [6305], [4233], [2153], [3480], [6331], [3815], [10913], [374286], [3065], [860], [26353], [682], [5621], [6469], [4312], [324], [1778], [3791], [2263], [8565], [5631], [4288], [80208], [5889], [2033], [3552], [5156], [79628], [841], [3735], [7189], [2697], [133], [64423], [10018], [3309], [3481], [3486], [6513], [4744], [265], [4968], [407040], [7132], [6657], [4088], [3066], [7076], [7480], [1490], [1786], [23095], [7453], [7431], [10631], [4771], [4804], [5890], [655], [11284], [22943], [57716], [3371], [9896], [121512], [5159], [2065], [1435], [7442], [2690], [783], [6834], [7077], [16], [3767], [8879], [90678], [6382], [8898], [249], [8888], [947], [4669], [10540], [760], [2353], [5375], [4803], [50964], [51176], [813], [81857], [3035], [8313], [4358], [7020], [4322], [5744], [81846], [9131], [5268], [5165], [3624], [2737], [84962], [2296], [2736], [8792], [7043], [64388], [59345], [2668], [5573], [5308], [3211], [7471], [9531], [23321], [132], [1513], [4192], [3664], [6608], [3482], [3212], [9611], [3300], [1495]]
Staining of tooth:[[4311], [7157], [7422], [1956], [652], [7124], [2064], [596], [999], [4318], [8626], [3091], [3553], [59341], [5728], [4141], [3815], [351], [4288], [5243], [581], [650], [3479], [3480], [3952], [6647], [7414], [3791], [4233], [682], [5156], [6469], [6657], [2697], [6513], [841], [7431], [7076], [3309], [3486], [4804], [2065], [1490], [947], [3371], [10631], [4771], [655], [22943], [7077], [5159], [2690], [6834], [51176], [760], [4322], [7043], [5573], [7471], [657], [3856], [3490], [54880], [3911], [1755], [56998], [5317], [9119]]
Teeth stained:[[7157], [7422], [596], [3458], [4288], [3480], [2247], [4254], [3872], [9260], [5116]]
Tooth discoloured:[[4359], [54332], [5376], [2617], [4747], [1896], [9927], [4311], [8091], [4000], [652], [3315], [3759], [7157], [10642], [2705], [7422], [7124], [1956], [4487], [3569], [1254], [128178], [3508], [1785], [3553], [59341], [4141], [4318], [7415], [10397], [105943587], [105943586], [7421], [2064], [3091], [3586], [7879], [351], [4040], [5745], [5243], [627], [5083], [596], [650], [5728], [999], [1277], [80326], [3576], [581], [22880], [619496], [387574], [3479], [8626], [3952], [1959], [1253], [431712], [101101768], [100188748], [476], [4982], [1832], [1487], [7414], [253827], [9516], [6647], [8600], [6305], [4233], [2153], [3480], [6331], [3815], [10913], [374286], [3065], [860], [26353], [682], [5621], [6469], [4312], [324], [1778], [3791], [2263], [8565], [5631], [4288], [80208], [5889], [2033], [3552], [5156], [79628], [841], [3735], [7189], [2697], [133], [64423], [10018], [3309], [3481], [3486], [6513], [4744], [265], [4968], [407040], [7132], [6657], [4088], [3066], [7076], [7480], [1490], [1786], [23095], [7453], [7431], [10631], [4771], [4804], [5890], [655], [11284], [22943], [57716], [3371], [9896], [121512], [5159], [2065], [1435], [7442], [2690], [783], [6834], [7077], [16], [3767], [8879], [90678], [6382], [8898], [249], [8888], [947], [4669], [10540], [760], [2353], [5375], [4803], [50964], [51176], [813], [81857], [3035], [8313], [4358], [7020], [4322], [5744], [81846], [9131], [5268], [5165], [3624], [2737], [84962], [2296], [2736], [8792], [7043], [64388], [59345], [2668], [5573], [5308], [3211], [7471], [9531], [23321], [132], [1513], [4192], [3664], [6608], [3482], [3212], [9611], [3300], [1495]]
