Abnormal teeth:[[7157], [7422], [348], [7040], [7124], [3553], [627], [3569], [4318], [3479], [7099], [4609], [3458], [2697], [596], [51738], [4851], [3480], [8626], [3791], [6696], [860], [836], [2263], [4288], [4982], [3557], [3486], [8600], [2247], [3552], [1490], [5111], [2212], [4854], [5080], [1000], [4322], [8792], [7043], [79054], [1832], [1896], [2274]]
Abnormally shaped teeth:[[3458], [348], [7422], [5083]]
Malformed teeth:[[]]
Tooth Abnormality:[[]]
Tooth abnormalities:[[5159], [7021]]
Teeth Abnormalities:[[23314]]
Tooth anomalies:[[650], [652], [4810], [2263], [4487], [5728], [8626], [5083], [80326], [6647], [4233], [6469], [6657], [4312], [3098], [7480], [655], [5308], [2736], [7020], [2737], [2296], [7471], [3664], [6608], [2248], [29123], [9313], [54757]]
Irregular teeth:[[2697]]
Teeth malformation:[[3569], [8626], [7157], [7422], [3553], [4318], [627], [4851], [4288], [2697], [5080], [652], [265], [9622], [649]]
Teeth Abnormality:[[]]
Misshapen teeth:[[3480]]
Tooth Abnormalities:[[5159], [7021]]
Tooth malformation:[[3569], [8626], [652], [7422], [7157], [1956], [7480], [4318], [3553], [3091], [4040], [627], [999], [1277], [4288], [2033], [6513], [6657], [2697], [265], [7431], [5159], [22943], [9896], [7020], [2737], [2296], [2775], [9622], [4038], [192343]]
