TS:[[7298], [775], [6916], [9507], [9510], [2656], [7157], [4524], [9508], [10102], [81794], [81792], [1956], [170690], [7124], [89958], [92949], [2064], [1636], [1312], [672], [51256], [1029], [142679], [11093], [3576], [6532], [4609], [2475], [7515], [2950], [2067], [1813], [5925], [6714], [142], [238], [6331], [581], [7057], [1806], [1869], [1786], [6935], [846], [3685], [1728], [2688], [3593], [1139], [268], [1544], [7153], [4286], [7172], [7249], [1814], [197], [7018], [4548], [11096], [1969], [6928], [1634], [4552], [6573], [5423], [4654], [961], [7248], [6869], [6817], [3732], [29128], [1915], [1890], [2030], [3762], [1719], [6473], [3488], [4760], [429], [11173], [1459], [54507], [56999], [255239], [7083], [9378], [10215], [9961], [3269], [1644], [1233], [7036], [6943], [117581], [3615], [6524], [80198], [3274], [3601], [4656], [140766], [170692], [11174], [7372], [9464], [1854], [9421], [9509], [9719], [2569], [321], [2589], [170691], [220202], [11095], [114798], [642658], [1295], [170689], [26073], [4761], [11226], [79875], [8693], [79623], [89932], [63973], [5634], [171019], [114781], [9242], [55556], [4618], [4808], [151176], [55856], [339366], [6887], [63974], [80070], [4807], [6939], [128408], [222894], [26290], [50614]]
Gilles De La Tourette's Syndrome:[[114798]]
Tourette Disorder:[[2335], [23286], [25836], [25953], [1951]]
Gilles de la Tourette's Disease:[[]]
Chronic Motor and Vocal Tic Disorder:[[]]
Tourette Syndrome:[[2973], [7124], [6532], [627], [1312], [1813], [6531], [7515], [3557], [3552], [3356], [114798], [3067], [220158], [5315], [135], [1000], [121278], [3358], [1812], [2668], [26047], [9378], [3359], [8910], [134], [6507], [253260], [1103], [55775], [22900], [3357], [9177], [1804], [29119], [57502], [54538], [60482], [321], [23317], [64221], [55870], [13], [114781], [26468], [27255], [431707], [85301], [83943], [1951], [58512], [11222], [26050], [266553]]
Tourette's Disorder:[[6532], [3558], [57680], [80274]]
Tourettes Disease:[[]]
GILLES DE LA TOURETTE SYNDROME:[[2973], [627], [1813], [220158], [135], [1000], [3358], [3359], [26047], [134], [8910], [9177], [1804], [54538], [114798], [64221], [13]]
TOURETTE DISORDER:[[2335], [23286], [25836], [25953], [1951]]
Tourette's disorder:[[6532], [3558], [57680], [80274]]
Tourette's syndrome:[[10631], [3586], [57167], [6347], [4773], [5251], [5449], [8301], [5004], [1815], [3558], [5818], [4128], [54664], [7223], [25978], [1203], [23261], [23077], [55703], [9352], [57733], [221981], [115207], [4045], [85301], [26224], [730249], [10021], [3067], [10079], [23335], [5798], [1539], [113220], [114798], [253650], [158228], [690], [255394], [100422889], [400955], [26825], [2236], [100616161], [101928135]]
Combined vocal and multiple motor tic disorder:[[]]
Combined vocal and multiple motor tic disorder [de la Tourette]:[[]]
Gilles de la Tourette syndrome:[[2973], [627], [1813], [220158], [135], [1000], [3358], [3359], [26047], [134], [8910], [9177], [1804], [54538], [114798], [64221], [13]]
Gilles de la Tourette Syndrome:[[2973], [627], [1813], [220158], [135], [1000], [3358], [3359], [26047], [134], [8910], [9177], [1804], [54538], [114798], [64221], [13]]
Gilles de la Tourettes syndrome:[[]]
TOURETTE SYNDROME:[[2973], [7124], [6532], [627], [1312], [1813], [6531], [7515], [3557], [3552], [3356], [114798], [3067], [220158], [5315], [135], [1000], [121278], [3358], [1812], [2668], [26047], [9378], [3359], [8910], [134], [6507], [253260], [1103], [55775], [22900], [3357], [9177], [1804], [29119], [57502], [54538], [60482], [321], [23317], [64221], [55870], [13], [114781], [26468], [27255], [431707], [85301], [83943], [1951], [58512], [11222], [26050], [266553]]
Tourettes Disorder:[[]]
Tic Disorder Combined Vocal and Multiple Motor:[[]]
Tourette's Syndrome:[[10631], [3586], [57167], [6347], [4773], [5251], [5449], [8301], [5004], [1815], [3558], [5818], [4128], [54664], [7223], [25978], [1203], [23261], [23077], [55703], [9352], [57733], [221981], [115207], [4045], [85301], [26224], [730249], [10021], [3067], [10079], [23335], [5798], [1539], [113220], [114798], [253650], [158228], [690], [255394], [100422889], [400955], [26825], [2236], [100616161], [101928135]]
Tourettes Syndrome:[[]]
Gilles de la Tourette's syndrome:[[114798]]
Tourette Disease:[[114798]]
GTS:[[2973], [2948], [406935], [150], [148], [8910], [2107], [54538], [64221], [114781]]
Gilles de la Tourette Disorder:[[]]
Tourette's Disease:[[]]
