Cross-dressing:[[7040], [7422], [3630], [1950], [7042]]
Cross-dresser:[[7515], [2067], [2068], [7517], [2547], [7520], [2072], [7518], [2073], [4179], [89], [64421], [2074], [9636], [7516], [2071], [87], [4680], [7157], [88], [1956], [1161], [7124], [23499], [348], [3569], [7040], [7422], [9937], [64858], [672], [2064], [2099], [1084], [3091], [351], [2212], [54821], [6774], [5243], [207], [4790], [1499], [367], [5669], [3553], [6622], [2214], [54499], [1088], [7099], [1401], [301], [3952], [4318], [1387], [7852], [3586], [5594], [3106], [133], [9370], [4524], [673], [10631], [4233], [2475], [5468], [5728], [5743], [3458], [4851], [375748], [4137], [7052], [3479], [4780], [3576], [79016], [3845], [627], [1636], [7421], [1080], [920], [7097], [3688], [675], [5595], [6532], [7015], [6647], [5970], [6714], [4609], [2100], [4846], [999], [3123], [1234], [3717], [29126], [2908], [5673], [3383], [355], [4193], [196], [1312], [5290], [5879], [960], [472], [3105], [6387], [3146], [5444], [2932], [1432], [4313], [4879], [596], [3082], [2162], [406991], [3606], [5054], [4582], [6347], [3565], [3480], [8626], [2950], [185], [23411], [4773], [57167], [64127], [595], [26268], [2153], [894], [406938], [6098], [387], [6531], [335], [3958], [183], [10413], [177], [3162], [2335], [50943], [5888], [3690], [5133], [3630], [1813], [5241], [120892], [328], [3119], [6667], [4982], [3815], [4312], [142], [23435], [7189], [1950], [8743], [5979], [1277], [51738], [154], [857], [7415], [3135], [5747], [7316], [5599], [54106], [4255], [9429], [7450], [6772], [3934], [1089], [2157], [3075], [7057], [1576], [836], [4089], [5621], [4282], [79068], [3064], [4088]]
Fetishistic transvestism:[[]]
Transvestic fetishism:[[]]
Dual-role transvestism:[[7157], [7040], [7124], [3569], [7422], [2099], [3586], [351], [3091], [207], [6774], [3123], [7099], [999], [1080], [4609], [3458], [4137], [3479], [4193], [3717], [4780], [1026], [23411], [6387], [332], [406991], [4851], [5970], [857], [2100], [50943], [1432], [335], [142], [8743], [3688], [64127], [5133], [5621], [3958], [10413], [1027], [8626], [3934], [4282], [6772], [4843], [2247], [3320], [2335], [25], [1869], [2263], [4968], [7098], [682], [7161], [5329], [2260], [2309], [2155], [6280], [6794], [6935], [302], [5315], [4792], [1050], [4035], [7424], [10855], [5300], [4613], [652], [3375], [3570], [6403], [6598], [4363], [1280], [216], [6464], [29127], [6678], [5741], [5176], [4842], [94025], [8856], [4803], [2113], [4852], [50964], [27161], [8837], [1536], [1410], [246778], [7528], [8829], [4771], [4804], [558], [7486], [1969], [23028], [8795], [5310], [9817], [6279], [5155], [9332], [10763], [8202], [240], [1524], [102], [3484], [634], [27185], [1673], [350], [284], [2130], [3624], [9575], [25939], [3169], [578], [641], [7010], [5320], [5829], [5915], [1672], [4361], [5649], [3164], [5919], [1978], [5077], [2081], [8742], [10892], [10155], [1409], [5168], [169026], [3662], [23569], [5429], [2903], [7529], [1785], [8290], [79054], [7408], [3651], [4773], [10499], [2736], [7913], [1742], [5771], [55894], [5360], [3562], [23385], [6286], [388], [8840], [57591], [4920], [3984], [3929], [4952], [8767], [51341], [406943], [6386], [10516], [2729], [56652], [7072], [3730], [3735], [366], [6926], [5036], [6282], [10344], [387893], [2242], [9572], [65266], [8870], [51684], [390], [55553]]
Transvestisms:[[]]
Fetishistic cross-dressing:[[7040], [7422], [3630], [1950], [7042]]
Transvestism:[[]]
Dual role transvestism:[[5728], [1843], [1859], [7124], [6774], [1848], [993], [50506], [995], [4609], [4790], [7157], [53905], [1956], [5594], [994], [7422], [1846], [9149], [7040], [1845], [3383], [2064], [54862], [857], [8445], [56940], [1029], [11221], [1847], [673], [207], [1559], [5290], [3569], [351], [1844], [2475], [2099], [596], [2944], [5578], [3553], [4193], [3784], [5468], [3586], [11266], [3845], [9415], [80824], [3091], [4318], [1387], [2952], [6403], [4233], [3559], [5243], [7852], [3458], [3593], [1033], [10018], [405753], [8165], [7015], [5743], [1401], [1432], [1636], [3480], [7421], [1557], [7786], [3717], [1234], [29126], [8897], [27071], [1499], [7099], [3123], [4137], [999], [4288], [7078], [11216], [1080], [3576], [1026], [920], [6198], [4846], [3479], [6622], [4780], [6532], [332], [2147], [960], [3574], [3990], [23411], [10413], [4851], [6347], [4313], [3952], [406991], [142], [51657], [6387], [285193], [150290], [2950], [595], [7369], [5054], [51207], [5444], [10892], [3146], [5604], [5347], [3815], [3082], [5970], [154], [2146], [3791], [355], [6772], [3690], [836], [28], [2932], [3565], [5747], [2908], [238], [387], [5595], [3162], [4312], [1027], [6714], [338599], [6696], [8743], [10461], [3934], [51738], [2100], [50943], [1869], [5133], [3630], [5925], [120892], [335], [7450], [9429], [183], [5879], [3958], [177], [5979], [8626], [25], [2033], [2322], [3688], [5465], [2706], [4843], [2247], [64127], [5621], [3320], [282617], [4282], [4170], [4582], [2335], [6648], [4153], [8600], [406938], [6657], [5663], [344875], [2332], [3725], [1277], [2157], [4000], [9110], [4035], [2309]]
Transvestic Fetishism:[[]]
Transvestitism:[[]]
Transvestic Fetishisms:[[]]
