TRIGEMINAL NEURALGIA:[[6532], [4914], [6335], [6336], [6328]]
Trifacial neuralgia:[[]]
TIC DOULOUREUX:[[]]
Fothergill Disease:[[]]
Trigeminal Neuralgia:[[6532], [4914], [6335], [6336], [6328]]
Trifacial Neuralgia:[[]]
Tic Doloureux:[[406], [23550], [7157], [672], [6774], [1499], [675], [960], [4851], [1813], [6531], [9429], [8842], [1815], [7316], [1490], [6469], [7139], [7048], [3329], [7137], [216], [2735], [2159], [8829], [4804], [121278], [3880], [3397], [79923], [2026], [991], [7471], [3206], [6659], [6495], [11091], [8650], [407012], [7317], [7134], [3549], [10021], [406997], [27022], [25953], [5597], [23317], [50846], [57721], [10886], [114781], [10690], [11222], [266553], [649159], [112543478]]
Tic douloureux:[[]]
Tic Douloureux:[[]]
TN - Trigeminal neuralgia:[[6335], [6336], [6328]]
Neuralgia Epileptiform:[[]]
Epileptiform Neuralgias:[[]]
Trigeminal neuralgia:[[6532], [4914], [6335], [6336], [6328]]
Trifacial Neuralgias:[[]]
Trigeminal Neuralgias:[[]]
Fothergill's neuralgia:[[348], [3106], [6532], [3105], [5027], [4914], [2643], [6335], [6336], [6328]]
