Pott's Disease:[[6347]]
Tuberculosis of vertebral column - Pott's:[[]]
Tuberculoses Spinal:[[6606], [59341], [109504725], [4763], [80310], [7124], [56034], [367], [7157], [338567], [3569], [7422], [1956], [4318], [4524], [348], [7040], [207], [6647], [3586], [627], [7421], [4137], [3123], [351], [23299], [2099], [2475], [1401], [6622], [6774], [673], [4790], [6347], [1080], [672], [23435], [3458], [9370], [5243], [3845], [3146], [3479], [4313], [3952], [5743], [1499], [7099], [2736], [3576], [8293], [4851], [6532], [6469], [596], [538], [7852], [675], [3717], [1778], [101241900], [246751], [8094], [406991], [7097], [154], [6696], [5594], [29937], [4233], [3605], [4153], [177], [23411], [50943], [1813], [650], [2932], [3480], [929], [3815], [2908], [9217], [5979], [2068], [51335], [2100], [10280], [387], [9429], [7317], [142], [2521], [5133], [836], [5621], [427], [6648], [5027], [4312], [3508], [324], [1277], [2247], [3557], [7276], [581], [4282], [1588], [114548], [238], [4288], [203228], [4982], [2697], [3082], [1950], [7428], [2668], [3320], [406947], [7132], [5241], [328], [3064], [796], [429], [5460], [10135], [2260], [1471], [10891], [2617], [1869], [598], [3481], [4988], [8678], [2263], [8842], [6607], [3643], [407040], [6285], [983], [6657], [1116], [5080], [55157], [3084], [356], [59272], [3117], [2309], [1490], [1814], [361], [4018], [1586], [10673], [8878], [7048], [2056], [652], [2896], [860], [1268], [1994], [3559], [354], [50964], [7412], [5310], [7442], [2670], [6659], [22943], [5727], [10631], [2737], [8487], [283120], [7189], [4613], [7471], [4771], [5428], [4842], [6720], [6376], [4904], [3066], [6598], [6868], [135], [6093], [4747], [1410], [2624], [400916]]
Tuberculosis of spine (Pott's):[[]]
Tuberculosis of vertebral column unspecified:[[]]
Pott's disease:[[6347]]
Potts Disease:[[]]
Tuberculous spondylitis:[[7124], [3593], [7422], [3569], [7040], [7099], [3553], [1636], [7421], [29126], [3458], [6347], [2952], [3606], [3383], [3565], [3558], [100], [4282], [90865], [5265], [10], [54106], [50616], [407021], [246778], [6367]]
Tuberculosis of spine:[[348], [7421], [3569], [7124], [7040], [1401], [4790], [4318], [7422], [9370], [3558], [5468], [1499], [6622], [120892], [3557], [1543], [5599], [2185], [10013], [7096], [10631], [7337], [6422], [50807], [407030], [6543]]
Pott Disease:[[]]
Tuberculosis Spinal:[[6347], [3458], [7124], [7097], [3569], [7040], [3586], [7421], [3123], [4318], [6774], [1401], [7157], [7099], [3576], [7422], [4790], [1956], [348], [3605], [207], [4153], [5243], [929], [3146], [5133], [6622], [4312], [5027], [4282], [1499], [9370], [50943], [4313], [3952], [6696], [114548], [596], [177], [7852], [5594], [406991], [154], [23411], [796], [3557], [3431], [581], [836], [406947], [2309], [7132], [3117], [356], [10673], [7048], [7412], [10631], [7189], [246778], [947], [407018], [1536], [3579], [407021], [4317], [5376], [6885], [406952], [8741], [29108], [3577], [406932], [1118], [6590], [26227], [7182], [9507], [79885], [285958], [192343]]
Tuberculosis of vertebral column:[[]]
