Tuberculous Meningitis:[[7124], [7422], [7040], [4318], [7097], [4851], [10], [54106], [100], [407021], [240], [4048], [6346]]
Tuberculosis Meningitides:[[]]
Tuberculous meningitis unspecified:[[7422], [7040], [7124]]
Tubercular Meningitis:[[3586], [114609]]
TBM - Tuberculous meningitis:[[6346]]
TB Meningitides:[[]]
TB - Tuberculous meningitis:[[7124], [7097], [7040], [4318], [10], [54106], [100], [240], [407021], [6346]]
TB Meningitis:[[7124], [3569], [3586], [7097], [3458], [4318], [7099], [3123], [7040], [4153], [3553], [54106], [3576], [3605], [3606], [4282], [10], [177], [1116], [100], [240], [407021], [2026], [114609], [7850], [22900], [6346]]
Tuberculosis of meninges:[[196], [6097]]
Tuberculosis Meningeal:[[7157], [114609], [9332]]
Tubercular Meningitides:[[]]
Tuberculoses Meningeal:[[7157], [673], [4255], [3308], [6615], [6778], [23621], [4057], [3329], [3566], [4771], [9332], [10763], [1654], [10395], [10499], [6362], [114609], [9590], [10203], [4887], [4886], [57105], [4665], [23462], [10267], [1964], [10266], [10268]]
Tuberculous Meningitides:[[]]
Tuberculosis Meningitis:[[]]
Tuberculous meningitis:[[7124], [7422], [7040], [4318], [7097], [4851], [10], [54106], [100], [407021], [240], [4048], [6346]]
