Neurogenic Bladder Disorder:[[]]
Neurogenic Dysfunction of the Urinary Bladder:[[]]
Neurogenic dysfunction of the urinary bladder:[[]]
Neuropathic bladder:[[]]
Urinary Bladder Neurogenic Dysfunction:[[]]
Neurogenic Bladder Disorders:[[]]
Neuropathic Bladder:[[]]
Neurogenic Bladder:[[6647], [1129], [60495]]
Neurogenic bladder NOS:[[]]
Urinary Bladder Neurogenic:[[2255], [7157], [3569], [7040], [7124], [1029], [6774], [4851], [1906], [3553], [4780], [3815], [4803], [355], [59272], [6647], [6469], [2247], [155], [648], [7442], [5329], [1674], [1950], [4000], [6657], [1385], [1019], [4853], [3481], [3064], [4854], [4804], [10763], [4684], [8989], [7415], [135], [1524], [59341], [6869], [6925], [1129], [6423], [4855], [1136], [55681], [60495], [57222], [7088], [466], [9997], [8535], [163175], [11255], [2733], [100506311], [90527], [153241], [266977]]
Neurogenic bladder:[[6647], [1129], [60495]]
Urinary Bladder Disorder Neurogenic:[[7157], [3569], [7124], [7040], [3815], [4803], [6925], [3553], [6774], [4851], [1906], [6647], [4780], [355], [59272], [1385], [2247], [3064], [6469], [155], [1950], [4000], [3481], [6657], [4853], [4854], [135], [4804], [6869], [4684], [8989], [7415], [1524], [59341], [1129], [4855], [9997]]
