Urinary stone:[[6696], [6279], [7421], [3557], [3699]]
Urolith in urinary system:[[960], [4609], [6696], [4582], [5328], [2532], [8626], [3673], [2261], [1636], [3845], [8140], [23657], [6279], [7157], [5395], [7422], [7124], [1029], [3569], [2064], [7040], [4318], [6505], [627], [1956], [54407], [4846], [7099], [1401], [3576], [3091], [5728], [7421], [207], [3586], [9464], [1738], [2099], [348], [11136], [9370], [183], [6774], [6347], [2653], [1906], [5925], [6541], [10989], [5743], [9056], [4045], [2475], [7015], [3479], [5378], [596], [3553], [406991], [3606], [367], [673], [81539], [5243], [1378], [4313], [6532], [7097], [351], [275], [54927], [4204], [3952], [2944], [4790], [6647], [1277], [4233], [999], [1312], [29126], [5468], [9421], [6622], [340024], [1604], [5054], [59272], [4524], [7852], [8074], [3162], [3458], [23428], [355], [6563], [182], [672], [4780], [28], [1499], [1234], [6542], [2950], [3075], [358], [7046], [6387], [3146], [2625], [5071], [84759], [3630], [2952], [675], [185], [1471], [440574], [4193], [650], [4763], [43], [3480], [4288], [4312], [5970], [5594], [2335], [5979], [9057], [177], [3717], [3481], [3123], [6469], [332], [3815], [335], [9365], [3816], [4879], [10371], [3934], [3106], [5133], [2147], [2668], [3486], [2260], [56301], [4803], [3356], [718], [2908], [920], [2247], [23411], [23435], [23287], [595], [7077], [1490], [120892], [1543], [324], [3627], [3084], [7098], [79135], [4436], [125988], [356], [4153], [3383], [857], [2100], [2152], [50943], [4292], [1910], [567], [84303], [1026], [1432], [8600], [8850], [8501], [5595], [84889], [6545], [213], [3559], [5329], [7474], [238], [2146], [4851], [4000], [836]]
Urolithiasis:[[7421], [3569], [3553], [6696], [5444], [2147], [3606], [3557], [6648], [846], [5328], [9365], [79001], [84876], [1356], [3339], [2677], [10861], [799], [353], [56302], [22891], [112817]]
Urinary Calculi:[[7421], [999], [799]]
Urinary Tract Stones:[[7421]]
Urolithiasis (N20-N23):[[]]
Urinary calculus:[[]]
Urinary Calculus:[[]]
Urinary Stone:[[6696], [6279], [7421], [3557], [3699]]
Urinary Lithiasis:[[9076]]
Urinary Tract Stone:[[9365]]
Urinary Stones:[[7421]]
