Urological Neoplasm:[[]]
Tumour of urinary tract:[[7157], [7422], [7040], [3569], [2064], [367], [3091], [3586], [3576], [6774], [207], [7421], [7015], [7099], [4193], [596], [332], [675], [4524], [1401], [3934], [4288], [1636], [3553], [4312], [8626], [857], [5054], [5879], [627], [3479], [2146], [6657], [7097], [6696], [3688], [6615], [6647], [768], [5979], [581], [836], [1543], [2261], [196], [1906], [4436], [6790], [11200], [354], [3486], [216], [4314], [3627], [1116], [5156], [7133], [6352], [2022], [6598], [9518], [796], [2625], [7077], [7474], [5268], [3579], [9365], [2214], [133], [5058], [50616], [3880], [9173], [7849], [26762], [186], [27086], [928], [5076], [406936], [1785], [9353], [1364], [1366], [22846], [3670], [1670], [9557], [406895], [29780]]
Urinary Tract Neoplasms:[[]]
Urological Neoplasms:[[2202]]
Tumor of urinary tract:[[675], [7157], [3576], [7133], [6598], [8626], [6790], [57817], [367], [4193], [7099], [3569], [7422], [7040], [2261], [2064], [3586], [11200], [6774], [4524], [207], [7421], [1636], [3091], [3479], [7097], [1401], [627], [3934], [3553], [4846], [7015], [596], [836], [5054], [1906], [332], [1116], [6696], [2146], [4288], [5979], [6352], [857], [3688], [5879], [4312], [581], [354], [796], [4436], [4314], [3486], [1543], [196], [3627], [650], [6657], [183], [2625], [6647], [7474], [6928], [9518], [2022], [6348], [6615], [5156], [9365], [820], [216], [4153], [5268], [54658], [5058], [7077], [2214], [768], [9076], [50616], [114548], [3579], [100133941], [282617], [27086], [3880], [133], [8204], [406936], [7849], [4353], [4803], [7100], [8140], [1673], [3675], [7369], [5076], [9173], [100506658], [1785], [9353], [7033], [3929], [1364], [928], [54210], [4774], [6716], [23600], [7031], [1366], [186], [590], [3577], [23314], [6441], [1829], [406899], [7096], [26762], [6590], [654], [2002], [55054], [64321], [8654], [406949], [1667], [60495], [90], [22846], [6895], [3670], [1365], [8404], [2925], [10735], [7032], [2138], [5106], [54443], [1670], [3151], [56648], [9557], [406895], [2013], [1668], [29780], [6092], [163702], [9860], [7348], [57522], [613253], [55672]]
Urinary Tract Neoplasm:[[]]
Urologic Neoplasm:[[]]
Neoplasm of urinary tract:[[7157], [207], [2064], [7422], [4524], [3569], [6774], [3576], [367], [3091], [3586], [3553], [7015], [3934], [1401], [596], [675], [3479], [4288], [6696], [4193], [2146], [332], [5979], [1543], [4312], [8626], [4436], [6790], [4353], [3486], [5156], [11200], [1116], [2022], [6615], [216], [2625], [5058], [6598], [3880], [100133941], [9076], [27086], [100506658], [1399], [23314], [406949]]
Neoplasm of urinary system:[[4609], [6696], [4582], [8626], [7157], [3845], [207], [3673], [4318], [999], [23657], [7422], [2064], [1956], [1029], [1499], [3569], [7124], [5071], [2099], [3576], [6774], [1401], [3091], [5728], [5290], [3586], [5743], [673], [7015], [5243], [596], [2475], [4790], [3479], [5925], [3553], [406991], [4313], [367], [672], [3717], [3952], [5468], [4524], [2944], [1277], [4233], [29126], [7852], [4288], [2950], [675], [595], [4193], [6387], [2625], [4763], [2952], [5979], [1471], [2260], [3480], [4312], [5970], [5594], [332], [6469], [3815], [2247], [3934], [10371], [5133], [3486], [1543], [920], [2146], [4851], [238], [50943], [1026], [4436], [2100], [2152], [8850], [3958], [5595], [7490], [811], [3417], [3320], [1268], [406938], [7076], [285], [472], [4353], [90865], [5444], [4323], [1027], [6513], [861], [4316], [25], [4255], [54106], [5156], [682], [142], [2065], [2263], [4843], [4852], [6648], [10413], [2322], [3240], [23405], [5950], [6667], [1728], [5460], [3107], [727], [6598], [2022], [4869], [3953], [3371], [8842], [6935], [5747], [387], [1116], [84159], [6790], [3308], [3315], [1017], [655], [302], [9839], [10018], [1788], [5159], [1586], [648], [2778], [3956], [10397], [7341], [3329], [5806], [4089], [2624], [100507436], [1269], [4683], [9021], [2272], [4684], [2353], [3880], [2078], [7153], [100124700], [1030], [10563], [6925], [100133941], [1399], [5777], [9212], [5176], [2162], [10643], [10320], [2113], [208], [4853], [3115], [2735], [4771], [406906], [613], [947], [898], [8314], [3925], [5829], [10664], [4586], [23476], [57007], [9076], [27086], [8826], [4041], [943]]
Neoplasm of urinary tract proper:[[7157], [2064], [7422], [3569], [6774], [3586], [367], [7015], [3553], [675], [332], [2146], [6790], [8626], [11200], [9076], [100506658]]
Urologic Neoplasms:[[7422]]
