Dystrophia Retinae Pigmentosa-Dysostosis Syndrome:[[]]
RP21 FORMERLY:[[]]
Usher Syndromes:[[4647], [7401], [1121], [2009]]
Syndrome Graefe-Usher:[[10083], [4647], [7399], [84059], [7401], [124590], [65217], [2706], [582], [83878], [7396], [100271837], [101180907], [79955], [119467], [64072], [5172], [25861], [5190], [3035], [10518], [83715], [22901], [9863], [24], [4163], [6103], [1121], [64802], [6101], [5158], [54714], [84131], [11190], [26090], [5132], [1122], [2009], [388939]]
Syndrome Deafness-Retinitis Pigmentosa:[[6103], [10083], [64072], [84131], [2009]]
Hallgren's syndrome:[[3757], [1280], [114548], [3753], [2074], [7157], [348], [1281], [51085], [546], [80184], [7466], [3845], [673], [8481], [5728], [8195], [7486], [641], [2706], [2317], [4292], [91147], [8626], [1540], [4000], [54658], [1161], [7490], [2033], [6331], [4023], [1071], [5781], [4436], [2263], [3643], [7291], [3784], [2261], [2260], [582], [10806], [8085], [10083], [367], [4683], [207], [84062], [3123], [7468], [4647], [4952], [2200], [1029], [7399], [4810], [201163], [2969], [10804], [6949], [7227], [2492], [775], [7840], [2316], [5428], [3730], [5080], [585], [1278], [54487], [5604], [55612], [2121], [811], [5290], [132884], [4281], [116442], [84100], [2812], [5077], [64127], [79068], [6663], [783], [338], [57167], [1130], [9968], [2332], [1277], [3990], [10743], [7456], [19], [2122], [3265], [6737], [84059], [6741], [3481], [6513], [4089], [23111], [2646], [356], [1285], [1387], [26585], [8976], [7504], [1827], [331], [23405], [9401], [65217], [4893], [672], [4692], [9569], [5894], [4277], [6774], [3117], [1401], [1788], [7401], [7128], [3570], [545], [10163], [583], [10682], [124590], [129880], [54808], [27241], [2138], [79738], [4137], [2475], [60], [3897], [5159], [1364], [8091], [5885], [79803], [2811], [2956], [9993], [5460], [4286], [675], [3717], [8220], [80144], [80025], [999], [3973], [79621], [4193], [64135], [1145], [55212], [2645], [27031], [4851], [1493], [10535], [2131], [1910], [7122], [9031], [4853], [1134], [2146], [100188856], [355], [50943], [105259599], [2153], [9652], [10908], [3664], [7020], [8214], [5308], [10062], [8517], [5076], [27019], [5189], [5395], [1287], [1906], [25825], [3759]]
Retinitis pigmentosa-deafness-ataxia syndrome:[[]]
RETINITIS PIGMENTOSA 21 FORMERLY:[[]]
Graefe Usher Syndrome:[[10083], [4647], [7399], [84059], [7401], [124590], [65217], [2706], [582], [83878], [7396], [100271837], [101180907], [79955], [119467], [64072], [5172], [25861], [5190], [3035], [10518], [83715], [22901], [9863], [24], [4163], [6103], [1121], [64802], [6101], [5158], [54714], [84131], [11190], [26090], [5132], [1122], [2009], [388939]]
Usher syndrome:[[10083], [4647], [7399], [84059], [7401], [124590], [65217], [2706], [582], [83878], [7396], [100271837], [101180907], [79955], [119467], [64072], [5172], [25861], [5190], [3035], [10518], [83715], [22901], [9863], [24], [4163], [6103], [1121], [64802], [6101], [5158], [54714], [84131], [11190], [26090], [5132], [1122], [2009], [388939]]
Usher's Syndrome:[[2706], [7399]]
Usher's syndrome:[[2706], [7399]]
Syndromes Retinitis Pigmentosa-Deafness:[[]]
Syndromes Deafness-Retinitis Pigmentosa:[[2009]]
Dystrophia Retinae Pigmentosa Dysostosis Syndrome:[[]]
Usher Syndrome:[[10083], [4647], [7399], [84059], [7401], [124590], [65217], [2706], [582], [83878], [7396], [100271837], [101180907], [79955], [119467], [64072], [5172], [25861], [5190], [3035], [10518], [83715], [22901], [9863], [24], [4163], [6103], [1121], [64802], [6101], [5158], [54714], [84131], [11190], [26090], [5132], [1122], [2009], [388939]]
Syndrome Hallgren:[[3757], [1280], [114548], [3753], [2074], [7157], [348], [1281], [51085], [546], [80184], [7466], [3845], [673], [8481], [5728], [8195], [7486], [641], [2706], [2317], [4292], [91147], [8626], [1540], [4000], [54658], [1161], [7490], [2033], [6331], [4023], [1071], [5781], [4436], [2263], [3643], [7291], [3784], [2261], [2260], [582], [10806], [8085], [10083], [367], [4683], [207], [84062], [3123], [7468], [4647], [4952], [2200], [1029], [7399], [4810], [201163], [2969], [10804], [6949], [7227], [2492], [775], [7840], [2316], [5428], [3730], [5080], [585], [1278], [54487], [5604], [55612], [2121], [811], [5290], [132884], [4281], [116442], [84100], [2812], [5077], [64127], [79068], [6663], [783], [338], [57167], [1130], [9968], [2332], [1277], [3990], [10743], [7456], [19], [2122], [3265], [6737], [84059], [6741], [3481], [6513], [4089], [23111], [2646], [356], [1285], [1387], [26585], [8976], [7504], [1827], [331], [23405], [9401], [65217], [4893], [672], [4692], [9569], [5894], [4277], [6774], [3117], [1401], [1788], [7401], [7128], [3570], [545], [10163], [583], [10682], [124590], [129880], [54808], [27241], [2138], [79738], [4137], [2475], [60], [3897], [5159], [1364], [8091], [5885], [79803], [2811], [2956], [9993], [5460], [4286], [675], [3717], [8220], [80144], [80025], [999], [3973], [79621], [4193], [64135], [1145], [55212], [2645], [27031], [4851], [1493], [10535], [2131], [1910], [7122], [9031], [4853], [1134], [2146], [100188856], [355], [50943], [105259599], [2153], [9652], [10908], [3664], [7020], [8214], [5308], [10062], [8517], [5076], [27019], [5189], [5395], [1287], [1906], [25825], [3759]]
Ushers Syndrome:[[4647]]
Retinitis Pigmentosa Deafness Syndrome:[[6103], [10083], [64072], [84131], [2009]]
RETINITIS PIGMENTOSA-DEAFNESS SYNDROME:[[]]
RP8 FORMERLY:[[]]
Syndrome Retinitis Pigmentosa-Deafness:[[]]
Retinitis pigmentosa-deafness syndrome:[[]]
RETINITIS PIGMENTOSA 8 FORMERLY:[[80025]]
