Incompetent Cervix:[[7157], [1956], [1026], [1027]]
Abnormal dilatation of cervix before onset of labor:[[7422], [4318], [3569], [3553], [4313], [3576], [2321], [154]]
Superficial ulcer of cervix:[[7157], [7422], [3553], [1956], [3586], [2064], [596], [7015], [4313], [3606], [581]]
Incompetent Cervices:[[7157], [1956], [4137], [1026], [5970], [355], [5621], [1027], [60489], [7332], [3192], [7942], [1808], [10928], [54472], [3960], [23336], [30849], [594855]]
Cervical insufficiency:[[3123], [7157], [7040], [7422], [7124], [4524], [3569], [3586], [3091], [4318], [5728], [7099], [627], [4313], [1401], [1493], [3605], [2952], [406991], [1080], [2638], [5054], [3135], [8626], [1234], [7421], [1027], [23411], [1312], [4846], [3479], [4879], [3952], [142], [675], [3958], [6935], [100124700], [4654], [4153], [177], [3383], [1277], [7077], [2100], [4982], [79068], [5888], [6280], [1906], [5071], [7076], [5265], [8600], [114548], [2321], [2309], [4314], [217], [10135], [4548], [4904], [7412], [7528], [3484], [6285], [2312], [2625], [55210], [652], [5176], [5037], [2547], [7514], [1278], [668], [57007], [9531], [5076], [57167], [9166], [4321], [2072], [701], [1082], [7516], [259], [50506], [657], [9156], [8204], [3148], [7472], [9821], [8821], [53905], [406914], [89884], [494328]]
Uterine Cervix Erosion:[[]]
Cervical incompetence:[[7124], [3569], [4879]]
Erosion Cervix:[[4318], [7124], [3569], [7015], [3576], [3553], [4353], [5890]]
CI - Cervical incompetence:[[7124], [3569], [4879]]
Incompetence Cervix:[[7124], [3569]]
Uterine Cervical Erosion:[[7124], [4318], [3569], [3553], [3576], [7015], [3627], [650], [114548], [4314], [3678], [246778], [3397], [8742], [7058], [5890]]
Incompetence of cervix:[[7124], [3569]]
Uterine Cervical Incompetence:[[7124], [3569]]
Incompetent cervix:[[7157], [1956], [1026], [1027]]
Erosion of cervix:[[4318], [7124], [3569], [7015], [3576], [3553], [4353], [5890]]
Cervical erosion:[[3123], [3074], [7124], [3569], [4318], [4790], [3553], [7015], [3576], [472], [3479], [406937], [8600], [22943], [4353], [4982], [8743], [114548], [4314], [3627], [650], [2353], [8837], [246778], [3678], [2625], [3397], [8742], [3965], [7058], [22900], [5890], [407056]]
Abnormal dilatation of cervix before onset of labour:[[7422], [4318], [3553], [3576], [2321]]
Incompetence of cervix uteri:[[]]
