Harada disease:[[1493], [64127], [3123], [3586], [3117], [3119], [149233], [6347], [3107], [3122], [26191], [8651], [6775], [1235], [7292], [3127], [7128], [1959], [22891], [60468], [3458], [8807], [11116], [7099], [7097], [5588], [5133], [406947], [54106], [115352], [7098], [718], [400757], [3689], [9021], [23274], [3574], [3575], [51561], [3716], [112744], [727], [27178], [7299], [406973], [10392], [10758], [728], [84890], [3813], [406958], [387082], [100132285], [120227], [3806], [151306], [7306], [3810], [3808], [719], [7188], [1638], [9655], [80709]]
Vogt's disease:[[1493], [5979], [64127], [11315], [351], [8792], [348], [5071], [1910], [3064], [3586], [6774], [3123], [1029], [6622], [4137], [540], [5310], [3717], [6347], [24], [1201], [6387], [3119], [120892], [335], [7450], [5621], [7422], [3569], [338], [5311], [3949], [3107], [4287], [19], [4023], [5664], [57623], [1071], [3558], [4314], [255738], [4088], [356], [3117], [26191], [1191], [653361], [1586], [958], [26503], [1401], [2629], [4018], [3593], [116519], [6927], [4688], [729230], [3106], [864], [3570], [80339], [7415], [6597], [2244], [59067], [345], [8651], [3115], [10577], [149233], [5314], [6261], [3592], [7957], [1030], [28], [10320], [1234], [3659], [246778], [3990], [4041], [1378], [100048912], [3077], [3383], [6775], [5376], [9173], [2161], [55600], [26058], [7439], [1138], [4361], [4582], [7369], [1956], [1282], [3122], [6653], [4747], [51752], [7124], [4359], [538], [55054], [1136], [6311], [5663], [3931], [3992], [2646], [6584], [337], [9966], [4321], [56606], [217], [1235], [274], [5734], [2524], [7040], [341], [7292], [3953], [4524], [1232], [6272], [5966], [5771], [2308], [54901], [4068], [7332], [8878], [3562], [100507436], [9388], [3084], [2099], [10452], [3559], [6583], [5328], [8301], [1636], [3635], [4693], [1230], [2212], [945], [4318], [29881], [9370], [5243], [367], [4790], [7128], [7421], [64241], [54332], [6403], [1373], [7077], [4846], [94103], [51085], [2243], [10019], [345611], [7015], [4311], [2581], [10221], [56731], [7840], [2876], [940], [6606], [60468], [3595], [2266], [50941], [100359403], [3458], [221692], [10347], [3658], [3133], [2904], [64478], [1394], [64170], [64399], [5594]]
Vogt-Koyanagi syndrome:[[3123], [3117], [149233], [64127], [7128], [3122], [1959], [3127], [1493], [718], [3107], [3119], [3586], [7099], [22891], [3458], [6775], [6347], [7097], [5133], [54106], [26191], [84890], [7098], [9021], [51561], [3689], [8651], [3574], [3716], [112744], [27178], [3575], [400757], [10392], [727], [7292], [7299], [406973], [406958], [1235], [5588], [728], [115352], [3813], [60468], [120227], [80210], [387082], [23274], [7188], [719], [10758], [11116], [80709]]
Uveomeningoencephalitides:[[]]
Vogt-Koyanagi-Harada Disease:[[3123], [7099], [3458], [3119], [7097], [3107], [7098], [3117], [9021], [8651], [149233], [3574], [3575], [27178], [7299], [728], [7292], [3813], [100132285], [3806], [120227], [7306], [3808], [3810], [719], [1638], [8807], [9655], [84890]]
VKH - Vogt-Koyanagi-Harada syndrome:[[]]
Vogt-Koyanagi-Harada syndrome:[[3123], [3117], [149233], [3122], [3127], [1959], [3119], [6347], [1493], [22891], [718], [26191], [3689], [84890], [51561], [112744], [6775], [727], [406973], [406958], [5588], [60468], [400757], [23274], [80709]]
Uveomeningoencephalitic Syndrome:[[]]
Vogt Koyanagi Harada Syndrome:[[3123], [3117], [149233], [3122], [3127], [1959], [3119], [6347], [1493], [22891], [718], [26191], [3689], [84890], [51561], [112744], [6775], [727], [406973], [406958], [5588], [60468], [400757], [23274], [80709]]
VKH Syndrome:[[5133], [355], [50943], [64127], [4282], [406938], [3593], [2625], [3716], [10392], [30009], [1235], [407010], [9474], [115352], [3426], [6097], [3594], [10318], [387082], [3595], [407027], [7188], [10758], [11116]]
Uveomeningoencephalitis:[[]]
Vogt-koyanagi syndrome:[[3123], [3117], [149233], [64127], [7128], [3122], [1959], [3127], [1493], [718], [3107], [3119], [3586], [7099], [22891], [3458], [6775], [6347], [7097], [5133], [54106], [26191], [84890], [7098], [9021], [51561], [3689], [8651], [3574], [3716], [112744], [27178], [3575], [400757], [10392], [727], [7292], [7299], [406973], [406958], [1235], [5588], [728], [115352], [3813], [60468], [120227], [80210], [387082], [23274], [7188], [719], [10758], [11116], [80709]]
Harada's disease:[[1493], [5979], [64127], [11315], [351], [8792], [348], [5071], [1910], [3064], [3586], [6774], [3123], [1029], [6622], [4137], [540], [5310], [3717], [6347], [24], [1201], [6387], [3119], [120892], [335], [7450], [5621], [7422], [3569], [338], [5311], [3949], [3107], [4287], [19], [4023], [5664], [57623], [1071], [3558], [4314], [255738], [4088], [356], [3117], [26191], [1191], [653361], [1586], [958], [26503], [1401], [2629], [4018], [3593], [116519], [6927], [4688], [729230], [3106], [864], [3570], [80339], [7415], [6597], [2244], [59067], [345], [8651], [3115], [10577], [149233], [5314], [6261], [3592], [7957], [1030], [28], [10320], [1234], [3659], [246778], [3990], [4041], [1378], [100048912], [3077], [3383], [6775], [5376], [9173], [2161], [55600], [26058], [7439], [1138], [4361], [4582], [7369], [1956], [1282], [3122], [6653], [4747], [51752], [7124], [4359], [538], [55054], [1136], [6311], [5663], [3931], [3992], [2646], [6584], [337], [9966], [4321], [56606], [217], [1235], [274], [5734], [2524], [7040], [341], [7292], [3953], [4524], [1232], [6272], [5966], [5771], [2308], [54901], [4068], [7332], [8878], [3562], [100507436], [9388], [3084], [2099], [10452], [3559], [6583], [5328], [8301], [1636], [3635], [4693], [1230], [2212], [945], [4318], [29881], [9370], [5243], [367], [4790], [7128], [7421], [64241], [54332], [6403], [1373], [7077], [4846], [94103], [51085], [2243], [10019], [345611], [7015], [4311], [2581], [10221], [56731], [7840], [2876], [940], [6606], [60468], [3595], [2266], [50941], [100359403], [3458], [221692], [10347], [3658], [3133], [2904], [64478], [1394], [64170], [64399], [5594]]
VKH Syndrome (Vogt Koyanagi Harada):[[5133], [64127], [3716], [10392], [1235], [115352], [387082], [7188], [10758], [11116]]
Vogt Koyanagi Harada Disease:[[3123], [7099], [3458], [3119], [7097], [3107], [7098], [3117], [9021], [8651], [149233], [3574], [3575], [27178], [7299], [728], [7292], [3813], [100132285], [3806], [120227], [7306], [3808], [3810], [719], [1638], [8807], [9655], [84890]]
Vogt-Koyanagi-Harada Syndrome:[[3123], [3117], [149233], [3122], [3127], [1959], [3119], [6347], [1493], [22891], [718], [26191], [3689], [84890], [51561], [112744], [6775], [727], [406973], [406958], [5588], [60468], [400757], [23274], [80709]]
Vogt-Koyanagi-Harada disease:[[3123], [7099], [3458], [3119], [7097], [3107], [7098], [3117], [9021], [8651], [149233], [3574], [3575], [27178], [7299], [728], [7292], [3813], [100132285], [3806], [120227], [7306], [3808], [3810], [719], [1638], [8807], [9655], [84890]]
