Varicose Ulcer:[[]]
Ulcer Stasis:[[7124], [3569], [4318], [1956], [3576], [1557], [596], [581]]
Varicose ulcer:[[]]
Venous Stasis Ulcers:[[]]
Stasis leg ulcer:[[7124], [3569], [3576]]
Stasis ulcer:[[]]
Venous ulcer:[[7157], [4609], [596], [3077], [355], [581], [356], [2162], [6385], [2165]]
Venous Ulcers:[[192343]]
Venous stasis ulcer:[[]]
Venous Hypertension Ulcer:[[28], [7124], [7422], [4846], [3569], [4318], [7040], [7157], [1401], [3091], [2099], [4313], [3586], [7099], [1956], [5243], [1906], [4790], [3576], [5743], [7097], [2100], [3146], [4780], [3077], [6387], [2321], [6401], [79001], [3606], [4153], [7076], [4314], [406947], [54106], [3303], [383], [6385]]
Ulcers Stasis:[[4318], [7124], [3576], [4524]]
Venous Stasis Ulcer:[[]]
Venous Ulcer:[[7157], [4609], [596], [3077], [355], [581], [356], [2162], [6385], [2165]]
Gravitational ulcer:[[3091]]
Venous Hypertension Ulcers:[[7124], [7422], [4524], [4318], [348], [1401], [7040], [3952], [1906], [2147], [3576], [7097], [3791], [3077], [2321], [7076], [6387], [54106], [2697], [7941], [5159], [624], [5184]]
Varicose Ulcers:[[]]
