Ventricular ectopic complex:[[2475], [6331], [2778], [7422], [7157], [1499], [3688], [1026], [4772], [3728], [7015], [7124], [7040], [4851], [3569], [2099], [3757], [348], [4089], [3091], [2064], [4318], [2932], [4524], [7099], [3480], [857], [3479], [595], [332], [2626], [5728], [3958], [207], [3146], [841], [4790], [4092], [9370], [4088], [367], [355], [4313], [7046], [23411], [3586], [7097], [3553], [3576], [5243], [406991], [6657], [6696], [891], [5594], [1312], [10413], [3082], [7048], [5460], [6347], [4282], [2100], [10631], [6387], [3605], [1906], [8837], [2321], [1050], [2260], [7291], [1994], [6256], [2247], [8074], [7490], [3606], [7076], [5133], [3280], [406938], [3624], [5478], [657], [3557], [6093], [406947], [3565], [4194], [1490], [406904], [6469], [5915], [3956], [409], [10008], [652], [7474], [26291], [274], [1031], [23327], [655], [3491], [5228], [5741], [9518], [2274], [2167], [1281], [197], [10763], [246778], [94025], [406942], [2627], [4192], [186], [5167], [6997], [406922], [406982], [4838], [10021], [7026], [6091], [7350], [54567], [494327], [407004], [407050], [7850], [442890], [1158], [6424], [442908], [4969], [192343]]
Premature ventricular contraction (PVC):[[]]
Ventricular Ectopic Beats:[[]]
Ventricular Premature Complex:[[]]
Ventricular Beat Premature:[[2099], [133]]
Ventricular ectopic beats:[[]]
Ventricular premature complex:[[]]
Ventricular Contractions Premature:[[3569], [3757], [4790], [5594], [3146], [186], [192343]]
Premature ventricular beats:[[6331], [3784], [3753], [6535]]
Ventricular premature systoles:[[6331], [6262], [7157], [1026], [5318], [7124], [3569], [1636], [1401], [3757], [4524], [2099], [4318], [3784], [1482], [348], [4607], [7040], [7422], [4846], [4000], [367], [6532], [9370], [23411], [4851], [7421], [183], [948], [4879], [351], [4790], [3576], [79188], [7015], [22943], [3586], [3479], [3553], [1906], [3958], [3091], [7099], [185], [627], [1312], [4313], [5468], [3952], [2263], [4137], [207], [3753], [406991], [6696], [701], [1499], [6347], [3605], [5594], [7137], [857], [8626], [3458], [3146], [7450], [4982], [4204], [2200], [1234], [406938], [3480], [2908], [2697], [1471], [7097], [3383], [355], [3606], [6387], [2153], [3949], [4314], [3688], [2100], [7048], [5663], [3557], [836], [7076], [2022], [2247], [7291], [1756], [7490], [2335], [8600], [10370], [7049], [217], [796], [4088], [5460], [2321], [9518], [3481], [356], [9173], [133], [7412], [100507436], [1994], [3491], [652], [6382], [5950], [5228], [5617], [5972], [4904], [1535], [4036], [4552], [57167], [4306], [3516], [4205], [3484], [186], [5167], [3624], [5350], [773], [407024], [55600], [4192], [2303], [80781], [407004], [5308], [4547], [6901], [287], [3589], [10269], [1573], [2318], [1583], [3909], [56999], [6535], [55315], [8470], [2121], [192343]]
Ventricular Premature Complexes:[[6262]]
Ventricular premature beats:[[]]
Ventricular Contraction Premature:[[6331], [6262], [5318], [7157], [3784], [1482], [4607], [1636], [7124], [7137], [7040], [3757], [1906], [3569], [1401], [4318], [1756], [4000], [183], [857], [23411], [5350], [185], [406991], [4313], [3753], [3553], [627], [207], [796], [2697], [3383], [6387], [287], [3688], [133], [4088], [1994], [6901], [773], [1573], [6535]]
Premature ventricular contraction:[[1401]]
Ventricular premature depolarisation:[[]]
Ventricular extrasystoles:[[1215]]
Ventricular Extrasystoles:[[1215]]
Ventricular premature depolarization:[[6331], [6262], [7157], [3757], [3784], [351], [1906], [857], [4137], [3753], [836], [1234], [2100], [773], [287], [5308]]
Ventricular Ectopic Beat:[[]]
Ventricular Beats Premature:[[6331], [3757], [3784], [3753], [6535]]
Ventricular Extrasystole:[[]]
Premature ventricular contractions:[[]]
Premature ventricular complex:[[]]
Ventricular premature contractions:[[3569], [3757], [4790], [5594], [3146], [186], [192343]]
