Ureteral reflux:[[7040], [3576], [5743], [3458], [3606], [2168]]
Vesicoureteral Reflux:[[7040], [7422], [3569], [1636], [54113], [4318], [102095631], [100820763], [100820760], [100820757], [5979], [185], [6352], [64321], [7148], [7076], [2784], [796], [6092], [3566], [26762], [5076], [3459], [2168], [29949], [50604], [7380], [7348]]
Ureteric reflux:[[7422], [1401], [5979], [2247], [6092], [5076], [2303], [56998], [130497]]
Vesicoureteral reflux:[[7040], [7422], [3569], [1636], [54113], [4318], [102095631], [100820763], [100820760], [100820757], [5979], [185], [6352], [64321], [7148], [7076], [2784], [796], [6092], [3566], [26762], [5076], [3459], [2168], [29949], [50604], [7380], [7348]]
VUR - Vesicoureteric reflux:[[7040], [6092]]
Vesico Ureteral Reflux:[[3576], [3458], [3606]]
Vesicoureteral-reflux unspecified:[[7040], [7422], [3566]]
Vesicoureteral-reflux:[[7040], [7422], [3569], [1636], [54113], [4318], [102095631], [100820763], [100820760], [100820757], [5979], [185], [6352], [64321], [7148], [7076], [2784], [796], [6092], [3566], [26762], [5076], [3459], [2168], [29949], [50604], [7380], [7348]]
Vesicoureteric reflux:[[7040], [1636], [5979], [6696], [6092], [5076], [3816], [130497]]
Vesicoureteral-reflux NOS:[[7422], [796]]
Vesico-Ureteral Reflux:[[3576], [3458], [3606]]
