Disorders of acoustic nerve:[[]]
Disorder of acoustovestibular nerve:[[4803], [4804], [4908], [627], [288], [7157], [5080], [4137], [348], [2596], [3845], [6622], [1956], [7124], [7422], [351], [3569], [3815], [5728], [7040], [2099], [7425], [207], [53335], [867], [3553], [4318], [11280], [5243], [1401], [1813], [4914], [6647], [3586], [51738], [4842], [3952], [673], [9370], [4790], [6335], [2668], [3091], [7099], [2944], [3458], [1080], [4893], [367], [3084], [5076], [6347], [26047], [6774], [120892], [5743], [8314], [596], [2952], [1385], [7015], [5594], [3576], [10397], [1435], [4763], [5444], [6495], [7852], [154], [5027], [1816], [114548], [5290], [406991], [1268], [3759], [104], [6387], [2048], [7490], [4851], [51594], [2891], [5054], [10371], [4915], [5979], [3162], [2263], [4000], [960], [3606], [3350], [6285], [3309], [183], [2247], [3383], [2706], [7276], [1812], [361], [1139], [4153], [3481], [4852], [3630], [406947], [4282], [4976], [6657], [3558], [2697], [2260], [23405], [8743], [5020], [3627], [4909], [3953], [5649], [196], [551], [650], [3060], [6530], [57492], [3673], [5781], [6469], [5205], [2065], [3315], [135], [8878], [4544], [5156], [4854], [598], [6863], [4684], [55636], [4160], [7020], [6869], [3767], [4316], [23114], [7412], [6662], [6401], [5906], [4157], [7345], [2186], [7133], [7351], [25978], [7046], [2149], [590], [6712], [5176], [7415], [4035], [23621], [155], [4916], [5604], [7054], [781], [7056], [2026], [63895], [5354], [1269], [1890], [2006], [6279], [382], [8864], [4990], [4653], [1524], [5727], [102], [3684], [326], [116], [773], [7226], [7466], [59341], [2741], [4317], [4747], [1141], [57142], [51083]]
Eighth Cranial Nerve Diseases:[[]]
Vestibulocochlear Nerve Diseases:[[]]
Cranial Nerve VIII Diseases:[[]]
Disorder of acoustic nerve:[[]]
Disorder of the vestibulocochlear nerve:[[5205], [5076], [1141], [84189], [4762]]
Cranial Nerve VIII Disorders:[[]]
Disorder of eighth nerve:[[627], [3576], [7490], [3606]]
Vestibulocochlear Nerve Disease:[[]]
