Tumor Diarrheogenic:[[675], [7124], [7490], [7157], [1029], [7132], [3576], [355], [8600], [7186], [7133], [8743], [6598], [4982], [324], [8626], [10673], [5925], [4049], [356], [8379], [7428], [959], [4582], [6868], [7161], [3082], [7128], [8792], [6790], [5728], [682], [5806], [11186], [5315], [8741], [8795], [57817], [8074], [4072], [1630], [8742], [94025], [7158], [8717], [7292], [4830], [3965], [1896], [1540], [9966], [1030], [8771], [9232], [6690], [3815], [8797], [6288], [2017], [8764], [8740], [9235], [55107], [7184], [23705], [970], [7251], [7337], [7178], [9618], [3490], [26524], [4070], [51752], [8744], [10131], [4055], [9113], [23495], [8718], [5753], [2348], [1915], [939], [7130], [9536], [3959], [3621], [51147], [231], [7299], [367], [10133], [7163], [11178], [5518], [8794], [999], [6768], [7159], [3964], [9547], [944], [79626], [4193], [10075], [1326], [5708], [1687], [8995], [9516], [8793], [4050], [22900], [3373], [56288], [2131], [10181], [4254], [1942], [2195], [2132], [9370], [139285], [54984], [5625], [83593], [84168], [10134], [5325], [57124], [60401], [94241], [25816], [7991], [29997], [11281], [64919], [80184], [6134], [4071], [57509], [3569], [578], [23613], [58490], [64699], [3646], [53635], [7262], [3717], [114902], [7103], [114899], [1956], [11334], [23405], [114897], [771], [6757], [9500], [7099], [7175], [10641], [56937], [3481], [29956], [9589], [115761], [7126], [7127], [3586], [2261], [5002], [2248], [7422], [11200], [754], [3146], [285194], [29126], [672], [7165], [6767], [4330], [9793], [6774], [11202], [7040], [3458], [2012], [53353], [207], [4524], [1937], [84445], [4790], [79689], [338872], [26013]]
VIPoma Pancreatic:[[7852], [4436], [4221]]
VIP Secreting Tumor (VIPoma):[[]]
VIP-oma - Vasoactive intestinal peptide-secreting tumour:[[]]
VIPomas Pancreatic:[[3651], [4089], [6690], [2645], [5406], [4585], [9451], [5967], [1056], [5320], [672], [1029], [4070], [6035], [7015], [4609], [675], [2572], [28], [5068], [5539], [64714], [7157], [3569], [23436], [8870], [2813], [1956], [5646], [688], [2494], [6344], [7124], [279], [54623], [124220], [7422], [389692], [5408], [7040], [351], [1937], [1990], [54097], [5066], [4524], [5968], [5468], [2064], [3091], [1357], [1208], [4318], [6774], [1401], [3845], [673], [207], [4790], [11200], [7421], [6531], [3553], [5071], [2322], [5728], [5743], [1499], [2627], [7099], [5243], [1080], [3576], [81037], [999], [2475], [5540], [1045], [29126], [596], [1358], [7852], [3586], [1360], [4193], [2932], [3717], [4313], [79728], [407021], [5594], [10076], [11093], [595], [280], [348], [4780], [332], [5290], [406991], [23411], [960], [4233], [472], [6387], [3479], [1026], [2099], [5970], [6696], [2146], [4851], [355], [775], [3480], [3952], [6934], [6714], [5407], [9370], [3458], [857], [3688], [7037], [1636], [3630], [3146], [4582], [1432], [3815], [6667], [3958], [7515], [5595], [10413], [1027], [3162], [8743], [3934], [51738], [3123], [2952], [4288], [177], [3082], [5979], [3486], [5820], [627], [406947], [6347], [5747], [1312], [3172], [63036], [9429], [5879], [920], [142], [3265], [2130], [3725], [2152], [50943], [7494], [3106], [4170], [5925], [8842], [407040], [6648], [6657], [7291], [5460], [4436], [324], [7097], [6790], [2950], [7076], [2944], [1490], [2778], [1786], [7298], [3315], [6513], [7031], [112744], [4282], [5054], [1234], [328], [3605], [387], [11278], [2305], [6469], [6647], [3065]]
Diarrheogenic Islet Cell Tumor:[[2688]]
VIP-Secreting Tumor (VIPoma):[[]]
Tumors Diarrheogenic:[[55107], [1755], [4609], [7157], [1956], [7124], [7422], [3569], [7040], [7873], [23405], [650], [53353], [2064], [2099], [3091], [3586], [672], [4318], [6774], [5243], [3845], [367], [673], [207], [4790], [1029], [5728], [5743], [4524], [1499], [5468], [7015], [7099], [999], [2475], [29126], [596], [7852], [675], [51603], [4193], [4313], [5594], [595], [348], [3576], [4780], [1026], [332], [5290], [406991], [9370], [960], [4851], [1493], [4233], [472], [1813], [6387], [7421], [3717], [3553], [3815], [7515], [5970], [6696], [2146], [355], [2100], [50943], [5925], [3479], [441549], [3480], [3952], [142], [2950], [5979], [857], [1401], [4292], [5133], [3146], [3605], [4582], [6622], [3958], [10413], [1027], [324], [6714], [8626], [8743], [3791], [3688], [581], [627], [351], [6347], [1588], [3417], [4255], [238], [4288], [7490], [3383], [6772], [7428], [894], [3123], [5241], [5747], [1432], [2908], [5595], [2321], [3265], [4436], [4092], [6790], [51738], [1869], [2247], [2067], [3481], [3486], [6513], [4846], [2263], [8842], [1543], [4089], [2932], [1312], [6657], [9429], [682], [7291], [5460], [7161], [5329], [2261], [7097], [2260], [7076], [11200], [3458], [1786], [4763], [7298], [26585], [2308], [4137], [5054], [3135], [2068], [5444], [407040], [54106], [406938], [5879], [2952], [177], [356], [6469], [3934], [7431], [2778], [2944], [11186], [6615], [841], [7057], [4893], [6794], [2034], [7048], [5781], [7430], [4312], [6935], [5156], [648], [3162], [920], [3725], [4843], [23411], [4869], [3309], [7153], [4170], [3320], [836], [7424], [846], [406947], [4613], [328]]
Vasoactive Intestinal Peptide (VIP) Tumor:[[7432], [7433], [7434], [7099], [7422], [4613], [7052], [116], [57007], [4852]]
Vipomas:[[]]
Vasoactive Intestinal Peptide Producing Tumor:[[4254], [7422], [5743], [2475], [7052], [3172], [4852]]
Vasoactive Intestinal Peptide-Producing Tumor:[[7124], [7040], [133], [7422], [3091], [5743], [4254], [1906], [2475], [3172], [7052], [183], [4852]]
Vasoactive intestinal peptide-secreting tumor:[[7432]]
Vipoma:[[7852], [4436], [4221]]
Vasoactive intestinal peptide-secreting tumour:[[]]
VIP-Secreting Tumors (VIPoma):[[]]
VIP-oma - Vasoactive intestinal peptide-secreting tumor:[[]]
