PVR:[[5817], [7157], [7124], [3569], [7040], [6774], [9370], [1493], [2475], [596], [4193], [4851], [4233], [4879], [79037], [1906], [5781], [581], [4204], [4049], [545], [100507436], [378938], [1994], [107985305], [5176], [24], [358], [659], [655], [7448], [975], [59], [1910], [406958], [706], [1839], [1642], [10666], [961], [3965], [8451], [5764], [6319], [720], [3454], [201633], [4267], [11065], [6440], [65125], [3635], [3916], [3191], [5818], [51141], [7706], [10672], [5819], [1947], [53345], [3198], [10562], [56829], [8744], [6047], [57510], [10988], [643847], [2013], [5768], [493856], [7009], [6993], [5983], [987], [10682], [3070], [55361], [79671], [5495], [10225], [23788], [50487], [25945], [4815], [8443], [5869], [2820], [10053], [7780], [4814], [6259], [149461], [5355], [89872], [79465], [83892], [55915], [84749], [23214], [50937], [388588], [6990], [84912], [253714], [9917], [64801], [55716], [10791], [7542], [403313], [388677], [84283], [440138], [157567], [158866], [113452], [613212], [84961], [29880], [79137], [55507], [157378], [79669], [50626], [64184], [81851], [259294], [116841], [10430], [57467], [84102], [81850], [64755], [220002], [386675], [90196], [283576], [161145], [386676], [101060226], [386682], [79157], [4965], [386681], [375791], [85293], [83900], [83896], [283870], [337968]]
Vitreoretinopathy Proliferative:[[1499], [7157], [7124], [7422], [7040], [3569], [4193], [596], [1026], [3576], [4851], [4233], [1432], [581], [7276], [5176], [2056], [5156], [4049], [3678], [4092], [4015], [655], [1910], [1462], [59], [406907], [1839], [3827], [406958], [721], [9353], [5015], [3489], [391]]
Vitreoretinopathy Neovascular Inflammatories:[[7422], [7040], [726], [3576], [5176], [9353]]
PVR - Proliferative vitreoretinopathy:[[7157], [7124], [3569], [7040], [4193], [596], [4851], [4233], [581], [4049], [5176], [655], [59], [1910], [406958], [1839]]
Vitreoretinopathy Neovascular Inflammatory:[[7040], [7422], [726], [3576], [5176], [9353]]
Proliferative vitreoretinopathy:[[7157], [7124], [7422], [7040], [3569], [4193], [3576], [596], [1026], [4851], [4233], [1432], [581], [7276], [2056], [5156], [4049], [5176], [3678], [4092], [655], [4015], [1910], [406907], [1839], [59], [406958], [3827], [721], [5015], [3489], [391]]
Fibrosis of retina:[[3000], [10002], [7422], [3091], [7124], [3479], [3458], [348], [4313], [6347], [406991], [23411], [6387], [3952], [2944], [1401], [3146], [10461], [857], [8842], [4851], [627], [6647], [5806], [9518], [5444], [581], [960], [9365], [3606], [213], [406938], [335], [5159], [5156], [54106], [3315], [6662], [7098], [5599], [7042], [5176], [7287], [1559], [948], [3486], [1958], [3320], [2056], [2697], [10891], [2034], [2321], [3309], [6597], [8829], [7018], [659], [2688], [28996], [4041], [652], [7078], [5322], [4915], [1280], [7045], [7351], [1536], [558], [9839], [3491], [7439], [1437], [4162], [9076], [710], [5245], [6649], [563], [3589], [1445], [6422], [55000], [6497], [5873], [8322], [493], [8061], [6781], [10057], [5304], [23210], [55704], [1181], [5270], [7402], [858], [3913], [93], [23554], [28999], [64218], [89781], [192343]]
PROLIFERATIVE VITREORETINOPATHY:[[7157], [7124], [7422], [7040], [3569], [4193], [3576], [596], [1026], [4851], [4233], [1432], [581], [7276], [2056], [5156], [4049], [5176], [3678], [4092], [655], [4015], [1910], [406907], [1839], [59], [406958], [3827], [721], [5015], [3489], [391]]
Vitreoretinopathies Proliferative:[[5465], [7832], [7157], [1956], [7124], [694], [7422], [3569], [7040], [2099], [6774], [3586], [3845], [23047], [207], [4318], [5728], [1029], [5468], [4790], [7015], [2064], [3091], [5743], [367], [999], [595], [348], [596], [1499], [3952], [4524], [627], [2475], [4193], [6347], [672], [332], [4609], [5594], [9370], [1636], [3717], [3479], [4313], [29126], [5290], [1027], [2100], [673], [5925], [7421], [4288], [7852], [3458], [5243], [6387], [3146], [1026], [3553], [2146], [7099], [4846], [5054], [3605], [3576], [3815], [920], [857], [4851], [4233], [675], [3106], [4780], [6667], [8626], [3383], [6696], [960], [1432], [177], [2908], [1869], [5133], [472], [1234], [1906], [2932], [5595], [6714], [406991], [3162], [6647], [3791], [3725], [7097], [2950], [50943], [1493], [6648], [10413], [3082], [1490], [5970], [51738], [3688], [2706], [355], [5241], [3135], [3558], [7450], [648], [324], [142], [5347], [406947], [4282], [79068], [1588], [5111], [5747], [4582], [5599], [2321], [9429], [5879], [3958], [4312], [6790], [1950], [6772], [8743], [3934], [4843], [185], [2247], [3075], [581], [8842], [1576], [861], [6657], [114548], [4088], [3265], [1050], [7076], [2322], [10891], [3065], [2157], [19], [1786], [3309], [6352], [6934], [3552], [7276], [6513], [3757], [4204], [1457], [4893], [54106], [6469], [5781], [2261], [5176], [4436], [2260], [2697], [1471], [2309], [3559], [2152], [4314], [2308], [3481], [3486], [4170], [1017], [2263], [2065], [4089], [3643], [3627], [650], [407040], [8600], [983], [2056], [682], [3084], [7291], [718], [2305], [10135], [1268], [356]]
VRNI:[[726]]
VITREORETINOPATHY NEOVASCULAR INFLAMMATORY:[[7040], [7422], [726], [3576], [5176], [9353]]
Retinitis proliferans:[[6103], [6121], [6101], [6102], [94137], [5145], [84140], [23568], [6100], [57096], [8842], [6010], [24], [196], [10461], [7399], [26121], [7439], [10594], [23418], [5949], [1259], [5961], [100862681], [777642], [641433], [6116], [6114], [6104], [7401], [1234], [100188774], [79051], [54110], [23020], [6387], [346007], [10002], [84100], [4751], [3614], [6094], [5148], [1906], [3098], [3075], [23746], [1406], [9129], [5158], [5599], [80025], [7287], [28982], [4901], [8481], [9227], [729230], [10210], [5950], [6295], [55624], [64218], [441212], [100421404], [8837], [1258], [375298], [24148], [9128], [25794], [55975], [79947], [2934], [4117], [403], [51095], [26090], [23404], [5995], [583], [9371], [3420], [138050], [51094], [9742], [9785], [821], [157657], [2739], [3419], [50939], [1121], [3587], [5582], [2979], [388939], [8243], [57670], [79797], [23370], [101180976], [123], [60509], [123016], [49855], [3000], [2782], [6017], [92840], [2677], [26160], [4598], [10283], [23155], [778], [3842], [64072], [9126], [762], [285440], [1104], [112752], [55857], [5959], [768206], [57709], [54806], [64802], [145226], [7274], [6785], [157680], [83552], [10083], [79888], [54714], [27202], [130557], [6011], [23322], [261734], [8195], [4190], [11190], [9657], [5132], [55812], [22999], [27130], [585], [56896], [168002], [167691], [64852], [92211], [57728], [2029], [57545], [55603], [286204], [9187], [84131], [2009], [115861], [343171], [131873], [23247], [284161], [6903], [58538], [10692], [2986], [148398], [388403], [340075], [116966], [344658], [6775074]]
