von Hippel Lindau Disease:[[3091], [7428], [595], [5265], [1191], [2034], [350], [4605], [10868], [79960]]
Hippel Lindau Disease:[[3091], [7428], [595], [5265], [1191], [2034], [2056], [350], [2057], [4605], [10868], [79960]]
Familial Cerebelloretinal Angiomatosis:[[]]
Cerebroretinal angiomatosis:[[]]
Familial Cerebelloretinal Angiomatoses:[[]]
Familial cerebello-retinal angiomatosis:[[]]
Lindaus Disease:[[]]
VHLS:[[]]
VHL Syndromes:[[7428], [7157], [3091], [7422], [5728], [367], [672], [1029], [4524], [3845], [5979], [207], [351], [29126], [4609], [673], [999], [7852], [3717], [472], [595], [1026], [406991], [23411], [4000], [960], [3480], [2322], [142], [4282], [2261], [6390], [1277], [3320], [406947], [7132], [2056], [4436], [1869], [11200], [57817], [6392], [7291], [2316], [2309], [1457], [2896], [11315], [50507], [6598], [5770], [3678], [546], [406992], [3491], [5515], [1028], [3190], [1282], [4085], [7448], [407007], [57167], [10075], [8239], [6391], [6625]]
von Hippel-Lindau Syndrome:[[595], [7428], [5979], [324], [4763], [6530], [6571], [6570], [107303341], [107303342], [107303338], [107303340], [107303339], [107303337]]
von Hippel-Lindau syndrome:[[595], [7428], [5979], [324], [4763], [6530], [6571], [6570], [107303341], [107303342], [107303338], [107303340], [107303339], [107303337]]
Lindau's Disease:[[]]
Von Hippel-Lindau syndrome:[[595], [7428], [5979], [324], [4763], [6530], [6571], [6570], [107303341], [107303342], [107303338], [107303340], [107303339], [107303337]]
Familial Cerebello-Retinal Angiomatosis:[[]]
Angiomatosis Retinae:[[]]
Hippel-Lindau Disease:[[3091], [7428], [595], [5265], [1191], [2034], [2056], [350], [2057], [4605], [10868], [79960]]
Familial Cerebello Retinal Angiomatosis:[[]]
VHL:[[7428], [7157], [23032], [3091], [7422], [1956], [7411], [367], [348], [1029], [5728], [4524], [672], [351], [29126], [4609], [3845], [673], [999], [207], [1499], [391104], [7852], [5979], [3717], [2034], [6790], [595], [107303340], [1026], [406991], [6696], [23411], [10168], [960], [472], [2033], [154], [6667], [3480], [142], [6714], [3688], [79068], [2335], [1027], [23435], [324], [3791], [4000], [4282], [841], [387], [2322], [3065], [1277], [1191], [3320], [406947], [5599], [217], [2056], [4436], [7316], [1869], [3309], [6513], [7132], [5888], [682], [7291], [2261], [2309], [1490], [11200], [768], [846], [1017], [1457], [8878], [5295], [406937], [2896], [6469], [1994], [5580], [3308], [4323], [7153], [57817], [11186], [7052], [6615], [10018], [9314], [867], [1019], [2316], [2539], [5591], [5156], [3303], [5300], [1111], [9021], [7045], [11315], [8651], [7046], [2735], [50507], [7415], [3066], [6598], [820], [6390], [7341], [2272], [1535], [2057], [6502], [4771], [551], [3551], [3312], [7295], [3673], [4830], [5430], [5770], [60], [7329], [3678], [9076], [2194], [5604], [6198], [1113], [7520], [9978], [4691], [7078], [1021], [10273], [8877], [406992], [3397], [3491], [8841], [10399], [8289], [5590], [5515], [7321], [3624], [3181], [10397], [208], [8850], [546], [7248], [9839], [3178], [54583], [100506658], [7043], [5649], [3164], [3190], [6392], [6624], [9235], [1028], [3276], [7322], [5052], [10524], [1282], [3732], [10155], [1654], [406987], [4085], [7448], [407007], [22933], [3675], [405], [27035], [10628], [5020], [6311], [57167], [5584], [10987], [5350], [5598], [1287], [7178], [6921]]
von Hippel Lindau Syndrome:[[595], [7428], [5979], [324], [4763], [6530], [6571], [6570], [107303341], [107303342], [107303338], [107303340], [107303339], [107303337]]
Lindau's Diseases:[[]]
Lindau's disease:[[]]
Familial Cerebello-Retinal Angiomatoses:[[]]
Lindau Disease:[[3091], [7428], [595], [5265], [1191], [2034], [2056], [350], [2057], [4605], [10868], [79960]]
VON HIPPEL-LINDAU SYNDROME:[[595], [7428], [5979], [324], [4763], [6530], [6571], [6570], [107303341], [107303342], [107303338], [107303340], [107303339], [107303337]]
von Hippel-Lindau Disease:[[3091], [7428], [595], [5265], [1191], [2034], [350], [4605], [10868], [79960]]
VHL Syndrome:[[7428], [7157], [348], [546], [5728], [3845], [673], [2033], [367], [4000], [1029], [4436], [7291], [2261], [207], [2316], [5604], [79068], [57167], [1277], [6513], [672], [1285], [999], [60], [3717], [7422], [1287], [472], [324], [1956], [595], [3091], [7132], [5295], [6469], [4524], [867], [11200], [5156], [7046], [351], [841], [6598], [1499], [7852], [5580], [4323], [9839], [5979], [1457], [7043], [4609], [1028], [6390], [9076], [406991], [29126], [154], [6696], [3190], [23411], [4282], [100506658], [406947], [1026], [2322], [2034], [6392], [4920], [5649], [3480], [3675], [2896], [23435], [142], [6790], [3791], [107303340], [2056], [1027], [3688], [1191], [2335], [217], [551], [3308], [57817], [6714], [846], [6208], [387], [406937], [5352], [2309], [9021], [2735], [1869], [3309], [1476], [8651], [682], [6016], [7316], [1490], [8878], [1113], [1297], [1535], [10018], [50507], [6391], [6651], [3303], [6615], [7295], [2272], [5300], [1111], [5770], [10273], [25978], [4771], [7415], [3673], [3066], [820], [4750], [407007], [6502], [2057], [5515], [3624], [4830], [5430], [7329], [3678], [196528], [2194], [3397], [6198], [3491], [8289], [7703], [208], [9235], [406992], [27035], [10399], [5052], [7448], [3181], [51339], [7248], [10628], [54583], [6311], [1282], [3164], [5020], [10524], [1376], [3398], [3827], [7178], [55249], [10253], [407010], [1118], [3192], [81631], [10075], [406921], [282618], [8239], [51588], [5928], [5028], [4163], [3191], [4605], [6950], [3399], [1291], [406961], [9869], [51366], [2195], [1284], [23500], [80036], [2043], [84432], [221037], [5803], [8242], [1288], [10383], [5689], [1036]]
Lindau' disease:[[1493], [5979], [64127], [11315], [351], [8792], [348], [5071], [1910], [3064], [3586], [6774], [3123], [1029], [6622], [4137], [540], [5310], [3717], [6347], [24], [1201], [6387], [3119], [120892], [335], [7450], [5621], [7422], [3569], [338], [5311], [3949], [3107], [4287], [19], [4023], [5664], [57623], [1071], [3558], [4314], [255738], [4088], [356], [3117], [26191], [1191], [653361], [1586], [958], [26503], [1401], [2629], [4018], [3593], [116519], [6927], [4688], [729230], [3106], [864], [3570], [80339], [7415], [6597], [2244], [59067], [345], [8651], [3115], [10577], [149233], [5314], [6261], [3592], [7957], [1030], [28], [10320], [1234], [3659], [246778], [3990], [4041], [1378], [100048912], [3077], [3383], [6775], [5376], [9173], [2161], [55600], [26058], [7439], [1138], [4361], [4582], [7369], [1956], [1282], [3122], [6653], [4747], [51752], [7124], [4359], [538], [55054], [1136], [6311], [5663], [3931], [3992], [2646], [6584], [337], [9966], [4321], [56606], [217], [1235], [274], [5734], [2524], [7040], [341], [7292], [3953], [4524], [1232], [6272], [5966], [5771], [2308], [54901], [4068], [7332], [8878], [3562], [100507436], [9388], [3084], [2099], [10452], [3559], [6583], [5328], [8301], [1636], [3635], [4693], [1230], [2212], [945], [4318], [29881], [9370], [5243], [367], [4790], [7128], [7421], [64241], [54332], [6403], [1373], [7077], [4846], [94103], [51085], [2243], [10019], [345611], [7015], [4311], [2581], [10221], [56731], [7840], [2876], [940], [6606], [60468], [3595], [2266], [50941], [100359403], [3458], [221692], [10347], [3658], [3133], [2904], [64478], [1394], [64170], [64399], [5594]]
VHL - von Hippel-Lindau syndrome:[[7428], [595], [5979], [107303340], [324], [107303339], [107303341], [107303342], [107303338], [107303337]]
