Kraurosis of vulva:[[7157], [1956], [2064], [1029], [673], [7015], [5743], [999], [29126], [4313], [595], [3815], [5925], [836], [8091], [4893], [2272], [4830], [2194], [4602], [1634], [406881], [3728], [5324], [5789], [407031], [4781], [3860], [6706]]
Leukoplakia of vulva:[[7157], [1956], [1029], [2064], [999], [4313], [595], [8091]]
Lichen sclerosus of vulva:[[7157], [1029], [1634]]
Vulva Lichen Sclerosus:[[7157], [1029], [1634]]
Lichen sclerosus et atrophicus of the vulva:[[]]
Vulvar Lichen Sclerosus:[[7157], [1029], [332], [406947], [1612], [1634], [3664]]
Vulvae Kraurosis:[[]]
Leucoplakia of vulva:[[7157], [1956], [2064], [1029], [673], [7015], [5743], [999], [29126], [4313], [595], [3815], [5925], [836], [8091], [4893], [2272], [4830], [2194], [4602], [1634], [406881], [3728], [5324], [5789], [407031], [4781], [3860], [6706]]
Lichen Sclerosus of Vulva:[[7157], [1029], [1634]]
Kraurosis vulvae:[[]]
