Lymphoma Lymphocytic Plasmacytoid:[[4609], [1236], [8115], [7124], [3569], [3123], [4790], [6774], [942], [3586], [3394], [7852], [29126], [207], [1029], [2475], [6387], [7099], [7421], [920], [3605], [2099], [54106], [3458], [1027], [3146], [6850], [3565], [7015], [958], [8743], [4615], [695], [10673], [952], [3559], [959], [3606], [7097], [6772], [2100], [59067], [54790], [3627], [929], [51284], [4684], [406938], [10320], [2212], [2833], [931], [5079], [6382], [407008], [22914], [4067], [930], [4791], [941], [7184], [9308], [6366], [597], [5336], [1380], [3902], [3635], [970]]
Macroglobulinemia:[[4615], [7852], [3569], [29126], [100188811], [100188787], [6387], [7450], [6714], [581], [406947], [8600], [10135], [10673], [6850], [10018], [59067], [695], [578], [3676], [6348], [10563], [406989], [3055], [407050], [2048], [3492], [407046], [407037], [939], [80380], [970], [8115], [9097], [57492], [5521], [3036], [30968], [51377], [1043], [100302117]]
Primary Macroglobulinemia:[[4615], [3569], [7852], [6850], [10018], [29126], [6714], [6387], [7450], [581], [406947], [8600], [10135], [10673], [59067], [695], [578], [3676], [6348], [10563], [406989], [3055], [407050], [2048], [3492], [407046], [407037], [939], [80380], [970], [8115], [9097], [57492], [5521], [30968], [3036], [51377], [1043], [100302117]]
Waldenstrom's macroglobulinaemia:[[4615], [7852], [30968]]
Lymphoplasmacytoid Lymphoma:[[596], [8915], [595], [604], [3119], [238], [648], [4609], [2625], [643], [867], [57379], [10892], [10563], [7074], [1236], [53335], [5820], [602], [3596], [8115], [57674], [3123], [51341], [64919], [3106], [868], [607], [6886], [7157], [5966], [7124], [257144], [1956], [7422], [942], [3569], [4524], [3195], [3122], [9159], [3586], [84868], [7040], [6774], [283149], [83666], [5243], [207], [4790], [1029], [605], [5728], [5743], [1499], [23613], [26230], [3107], [64061], [28985], [2475], [79872], [4253], [29126], [54625], [3091], [4193], [3717], [255877], [9275], [4318], [3845], [7421], [3576], [1026], [332], [27332], [406991], [7852], [2950], [581], [4851], [673], [472], [6387], [2531], [603], [5290], [2099], [7099], [4026], [2146], [355], [50943], [2113], [5925], [51530], [9274], [2952], [64857], [2064], [2944], [151636], [51347], [4233], [4170], [1401], [367], [5133], [836], [51170], [27004], [4602], [3565], [1027], [154215], [8626], [23411], [5551], [3725], [1493], [675], [3553], [4288], [7515], [5970], [960], [6929], [9370], [4869], [3105], [406947], [3605], [3815], [3558], [3952], [7015], [3458], [340152], [9623], [4255], [4313], [387], [64062], [3958], [6622], [5468], [142], [5594], [2247], [3479], [9429], [3480], [8743], [3791], [3559], [8648], [80323], [2068], [3135], [407040], [6347], [5599], [10673], [100306940], [51752], [4049], [165631], [920], [6772], [6850], [3383], [567], [598], [4277], [4615], [2214], [5054], [3146], [5444], [7128], [10018], [4780], [64693], [4436], [3600], [7097], [3557], [2100], [3606], [5347], [59067], [958], [2932], [682], [8651], [5879], [5595], [7490], [2908]]
Primary macroglobulinaemia:[[4615], [7157], [7852], [290], [30968]]
Waldenstrom's Macroglobulinemia:[[7852], [4615], [406947], [2048], [3492], [407046], [5521], [3036], [1043]]
Waldenstroms Macroglobulinemia:[[]]
Waldenstrom Macroglobulinaemia:[[4615], [7157], [7852], [290], [30968]]
Waldenstrom macroglobulinaemia:[[4615], [7157], [7852], [290], [30968]]
Waldenström macroglobulinaemia:[[4615], [7157], [7852], [290], [30968]]
Waldenstrom's Macroglobulinaemia:[[4615], [7852], [30968]]
Waldenstrom Macroglobulinemia:[[7852], [3569], [29126], [4615], [6387], [7450], [6714], [581], [8600], [10135], [10673], [6850], [10018], [59067], [695], [578], [3676], [6348], [10563], [406989], [3055], [407050], [407037], [939], [80380], [970], [8115], [9097], [57492], [30968], [51377], [3036], [100302117]]
Waldenstrom's macroglobulinemia:[[7852], [4615], [406947], [2048], [3492], [407046], [5521], [3036], [1043]]
Waldenström macroglobulinemia:[[7852], [3569], [29126], [4615], [6387], [7450], [6714], [581], [8600], [10135], [10673], [6850], [10018], [59067], [695], [578], [3676], [6348], [10563], [406989], [3055], [407050], [407037], [939], [80380], [970], [8115], [9097], [57492], [30968], [51377], [3036], [100302117]]
Waldenstrom macroglobulinemia:[[7852], [3569], [29126], [4615], [6387], [7450], [6714], [581], [8600], [10135], [10673], [6850], [10018], [59067], [695], [578], [3676], [6348], [10563], [406989], [3055], [407050], [407037], [939], [80380], [970], [8115], [9097], [57492], [30968], [51377], [3036], [100302117]]
Waldenstroms Macroglobulinaemia:[[7157], [7852], [4615], [290], [30968]]
Macroglobulinaemia:[[7157], [7852], [4615], [290], [30968]]
Lymphoplasmacytoid Lymphomas:[[7157], [7422], [6774], [7124], [4609], [10023], [29126], [596], [7040], [3586], [1029], [207], [4790], [3569], [2146], [673], [5743], [4318], [3091], [5728], [238], [595], [3845], [2475], [3553], [5594], [4851], [1499], [7099], [5133], [3576], [7015], [7852], [999], [3717], [355], [23401], [4193], [4313], [23411], [1493], [6387], [4615], [5444], [1234], [3605], [4780], [1026], [5290], [1027], [406991], [5970], [960], [3606], [472], [5925], [387], [5595], [3815], [3383], [604], [6696], [50943], [4292], [406947], [3135], [7128], [2932], [3565], [3791], [3725], [4869], [581], [4255], [9429], [7490], [6790], [6850], [8626], [8743], [841], [4288], [1869], [4170], [5347], [2068], [54106], [3558], [2321], [4436], [2697], [1950], [11200], [1803], [1786], [10892], [407040], [5156], [7161], [10135], [356], [2260], [27086], [7076], [2309], [3559], [7424], [598], [2308], [1457], [958], [10673], [7048], [3956], [331], [23405], [3593], [8678], [998], [7412], [7046], [4893], [9314], [2034], [6927], [6935], [1994], [5300], [4613], [2534], [8651], [1030], [8829], [545], [2625], [5058], [57379], [5777], [4363], [1789], [3418], [768], [5335], [1051], [4684], [940], [3492], [1977], [6502], [22914], [330], [51176], [4311], [4803], [943], [3661], [4830], [4914], [3592], [7528], [5292], [3662], [4067], [6198], [5788], [8915], [54790], [1244], [7345], [1612], [4691], [407021], [7494], [3663], [6778], [4602], [6776], [4853], [406985], [7186], [2833], [406986], [8841], [10643], [4791], [3164], [639], [1021], [23410], [5079], [1806], [5423], [896], [406952], [2324], [6404], [1269], [1028], [7454], [4194]]
Primary macroglobulinemia:[[4615], [3569], [7852], [6850], [10018], [29126], [6714], [6387], [7450], [581], [406947], [8600], [10135], [10673], [59067], [695], [578], [3676], [6348], [10563], [406989], [3055], [407050], [2048], [3492], [407046], [407037], [939], [80380], [970], [8115], [9097], [57492], [5521], [30968], [3036], [51377], [1043], [100302117]]
