Adult premature ageing syndrome:[[7157], [2074], [348], [114548], [367], [1029], [4000], [3479], [207], [5428], [5159], [338], [176], [472], [351], [1636], [7015], [7040], [7422], [5594], [627], [4318], [3553], [23411], [2247], [268], [6622], [4879], [2952], [4780], [6648], [4314], [7076], [57817], [6280], [196], [6279], [5079]]
Progeria of the adult:[[176], [7157], [4000], [1026], [3066], [5915], [10269], [23224]]
Progeria Adult:[[176], [7157], [4000], [1026], [3066], [5915], [10269], [23224]]
WRN:[[7486], [7157], [56897], [1029], [142], [2099], [3091], [4790], [672], [23411], [3845], [3576], [4609], [472], [4193], [5970], [5888], [641], [25], [3065], [5111], [983], [5591], [2547], [545], [5371], [1387], [11200], [1111], [6117], [5580], [4683], [3014], [7415], [2237], [3066], [7341], [7014], [7520], [4914], [7080], [5579], [8850], [10399], [9232], [5423], [546], [2073], [904], [4361], [51548], [5893], [580], [1660], [7465], [6613], [9156], [25913], [7846], [8359], [3609], [80198], [5424], [9656], [5965], [9401], [7182], [6118], [51426], [79661], [56852], [27343], [5883], [10482], [3980], [9400], [8924], [27339], [50485], [988], [9775], [51455], [26277], [10036], [9928], [11198], [4343], [1763], [6119], [170506], [55218], [3299], [5810], [9533], [57599], [25788], [5425], [57534], [59277], [56259], [29894], [403], [353497], [5575], [8631], [6832], [9887], [10319], [113878], [54537], [23313], [79782], [29942], [113174986]]
Werner Syndrome:[[7486], [4609], [23411], [1432], [142], [4000], [3014], [4683], [5423], [7014], [1660], [51426], [27339], [79840], [9400], [6574], [56897], [29942]]
Werners Syndrome:[[]]
Werner syndrome:[[7486], [4609], [23411], [1432], [142], [4000], [3014], [4683], [5423], [7014], [1660], [51426], [27339], [79840], [9400], [6574], [56897], [29942]]
Adult progeria:[[]]
Adult Premature Aging Syndrome:[[348], [8626], [4000], [5159], [8517], [7015], [4790], [4780], [6648], [701], [10269], [2002]]
Pangeria:[[]]
Adult premature aging syndrome:[[348], [8626], [4000], [5159], [8517], [7015], [4790], [4780], [6648], [701], [10269], [2002]]
WERNER SYNDROME:[[7486], [4609], [23411], [1432], [142], [4000], [3014], [4683], [5423], [7014], [1660], [51426], [27339], [79840], [9400], [6574], [56897], [29942]]
Werner's Syndrome:[[4000], [7486], [56897]]
