Disease due to West Nile virus:[[3123], [1234], [3117], [7124], [3105], [3146], [6772], [64135], [3605], [5290], [6696], [4282], [7098], [3454], [3113], [23586], [6323], [30835], [84868], [558], [3439], [5320], [3661], [4599], [2621], [4938], [6041], [290], [57506], [5592], [10410], [9641], [6773], [10332], [5981], [8519], [91543], [6965], [6964], [3433], [10581], [23608], [91404], [6775079]]
West Nile Virus Infection:[[1234], [7124], [3123], [3605], [3105], [3146], [4282], [7098], [6772], [5290], [6696], [3117], [3661], [23586], [30835], [84868], [3439], [64135], [558], [4599], [57506], [6323], [4938], [10410], [3454], [3113], [5320], [10332], [2621], [9641], [8519], [6041], [6773], [290], [3184], [91543], [10581], [6964], [6965], [3433], [257397], [693124], [54606], [23608], [91404], [6775079]]
WNV Infection:[[3553], [4193], [1234], [3105], [6696], [3661], [5610], [4599], [1649], [6418], [54606], [23608], [117854]]
West Nile fever NOS:[[]]
Disease caused by West Nile virus:[[1234], [3117], [7124], [3146], [3105], [6772], [3605], [5290], [64135], [6696], [7098], [4282], [6323], [3454], [30835], [84868], [3439], [3661], [2621], [6041], [57506], [5592], [6775079]]
WNV Infections:[[3553], [1234], [6696], [3105], [4599], [3661]]
West Nile Fever unspecified:[[]]
West Nile Fever:[[]]
West Nile virus infection:[[1234], [7124], [3123], [3605], [3105], [3146], [4282], [7098], [6772], [5290], [6696], [3117], [3661], [23586], [30835], [84868], [3439], [64135], [558], [4599], [57506], [6323], [4938], [10410], [3454], [3113], [5320], [10332], [2621], [9641], [8519], [6041], [6773], [290], [3184], [91543], [10581], [6964], [6965], [3433], [257397], [693124], [54606], [23608], [91404], [6775079]]
West Nile fever:[[]]
