Stenosis Hypercalcemia-Supravalvar Aortic:[[]]
Williams Beuren syndrome:[[2969], [1364], [51085], [9031], [9569], [114049], [7461], [7462], [26608], [7458], [55695], [81554], [64409], [3845], [171022], [155382], [83451], [106029311], [135886], [106029313], [106029312], [155368], [84277], [2006], [285955], [107986810], [7459], [155400], [2970], [401316], [260294], [643909], [728524], [641776], [441251], [643862], [105180391], [105180390], [100101268], [7222], [3984], [2186], [11177], [29994], [3092], [10718], [11176], [84163], [8468], [9275], [135892], [389524], [378108], [375593], [100653380], [108228209], [108228208]]
Williams syndrome:[[9031], [2006], [11177], [7421], [51085], [5265], [3315], [5111], [6929], [2969], [653361], [3984], [8467], [4641], [5982], [5723], [9569], [7458], [7462], [114049], [8326], [9275], [7461], [84163], [83451], [155368], [84277]]
CHROMOSOME 7q11.23 DELETION SYNDROME 1.5- TO 1.8-MB:[[]]
Deletion 7q11.23:[[100653380], [3123], [7128], [2969], [9569], [1302], [3315], [108228209], [108228208], [5447], [3984], [51085], [9031], [3092], [654817], [7458], [26608], [114049], [9863], [7461], [8326], [84163], [83451], [84277], [106029313], [106029312], [106029311], [155368], [64409]]
WS:[[2006], [158835], [51085], [7157], [26608], [2099], [10671], [472], [4582], [3791], [2100], [7490], [7428], [7486], [5077], [5777], [4286], [7466], [2969], [5730], [6804], [4535], [56652], [11005], [1908], [2258], [9569], [66004]]
Chromosome 7q11.23 Deletion Syndrome:[[100653380], [2969], [3123], [51085], [9569], [7128], [114049], [7458], [7461], [26608], [83451], [9031], [1302], [64409], [84277], [155368], [5447], [3315], [106029311], [106029313], [106029312], [108228209], [108228208], [9863], [3984], [3092], [8326], [84163]]
Williams Beuren Syndrome:[[2969], [1364], [51085], [9031], [9569], [114049], [7461], [7462], [26608], [7458], [55695], [81554], [64409], [3845], [171022], [155382], [83451], [106029311], [135886], [106029313], [106029312], [155368], [84277], [2006], [285955], [107986810], [7459], [155400], [2970], [401316], [260294], [643909], [728524], [641776], [441251], [643862], [105180391], [105180390], [100101268], [7222], [3984], [2186], [11177], [29994], [3092], [10718], [11176], [84163], [8468], [9275], [135892], [389524], [378108], [375593], [100653380], [108228209], [108228208]]
WMS:[[2200], [81794], [105804841], [170691]]
Stenoses Hypercalcemia-Supravalvar Aortic:[[]]
Monosomy 7q11.23:[[3315]]
Syndrome Beuren:[[51085], [2969], [9569], [1364], [9031], [3845], [114049], [7462], [7461], [7458], [26608], [55695], [81554], [64409], [171022], [83451], [155382], [135886], [106029311], [155368], [84277], [106029313], [106029312], [285955], [155400], [107986810], [7459], [11177], [260294], [2970], [643909], [728524], [641776], [441251], [643862], [105180391], [105180390], [100101268], [401316], [2006], [100653380], [29994], [3984], [7222], [2186], [3092], [11176], [10718], [84163], [9275], [8468], [135892], [389524], [378108], [375593], [108228209], [108228208]]
WBS:[[2006], [1028], [2969], [9569], [106029313], [106029312], [106029311], [6513], [7038], [6528], [114049], [64409]]
WILLIAMS SYNDROME:[[9031], [2006], [11177], [7421], [51085], [5265], [3315], [5111], [6929], [2969], [653361], [3984], [8467], [4641], [5982], [5723], [9569], [7458], [7462], [114049], [8326], [9275], [7461], [84163], [83451], [155368], [84277]]
Williams Syndrome:[[9031], [2006], [11177], [7421], [51085], [5265], [3315], [5111], [6929], [2969], [653361], [3984], [8467], [4641], [5982], [5723], [9569], [7458], [7462], [114049], [8326], [9275], [7461], [84163], [83451], [155368], [84277]]
William syndrome:[[]]
Williams-Beuren Syndrome:[[2969], [1364], [51085], [9031], [9569], [114049], [7461], [7462], [26608], [7458], [55695], [81554], [64409], [3845], [171022], [155382], [83451], [106029311], [135886], [106029313], [106029312], [155368], [84277], [2006], [285955], [107986810], [7459], [155400], [2970], [401316], [260294], [643909], [728524], [641776], [441251], [643862], [105180391], [105180390], [100101268], [7222], [3984], [2186], [11177], [29994], [3092], [10718], [11176], [84163], [8468], [9275], [135892], [389524], [378108], [375593], [100653380], [108228209], [108228208]]
Williams Contiguous Gene Syndrome:[[]]
Supravalvar Aortic Stenosis Syndrome:[[2006]]
Hypercalcemia Supravalvar Aortic Stenosis:[[]]
WILLIAMS-BEUREN SYNDROME:[[2969], [1364], [51085], [9031], [9569], [114049], [7461], [7462], [26608], [7458], [55695], [81554], [64409], [3845], [171022], [155382], [83451], [106029311], [135886], [106029313], [106029312], [155368], [84277], [2006], [285955], [107986810], [7459], [155400], [2970], [401316], [260294], [643909], [728524], [641776], [441251], [643862], [105180391], [105180390], [100101268], [7222], [3984], [2186], [11177], [29994], [3092], [10718], [11176], [84163], [8468], [9275], [135892], [389524], [378108], [375593], [100653380], [108228209], [108228208]]
