Wilm Tumor:[[]]
Wilms tumor:[[7490], [139285], [7157], [675], [11281], [6134], [9589], [3481], [1956], [126374], [255738], [4613], [23405], [7422], [283120], [51352], [3569], [2064], [5080], [2719], [3091], [1499], [6774], [672], [7015], [5728], [3845], [105259599], [5743], [999], [3479], [332], [5978], [7491], [100528024], [8151], [8136], [4233], [5290], [406991], [4851], [5979], [6948], [4582], [10413], [1027], [3791], [3082], [6772], [406947], [5241], [1471], [3486], [4968], [7161], [3784], [1490], [4763], [1653], [4893], [100288077], [5159], [4684], [6786], [1740], [646517], [5294], [92140], [2194], [406986], [10763], [4810], [406985], [182], [6928], [2239], [467], [641], [26762], [5245], [1028], [7849], [10155], [2237], [406932], [5076], [79577], [29102], [2296], [5657], [8929], [406982], [389421], [8644], [406936], [8313], [6495], [10014], [407042], [4856], [407041], [494336], [10984], [64324], [406899], [55704], [56998], [54880], [619552], [2138], [54487], [115908], [23607], [8087], [9294], [693175], [406969], [643911], [406960], [407047], [10818], [11274], [442915], [9319], [406974], [440823], [57531], [5936], [7262], [10528], [107982234], [5002], [9646], [4223], [100499467], [3212], [129563], [7767], [25928], [4676], [4435], [406965], [29974], [833], [58189], [108783649], [108178989], [108570035], [9158], [10077], [693157], [7260], [10078], [338645], [339290], [106707172], [55539], [106707173], [108004545], [693147], [111240479]]
WILMS TUMOR AND PSEUDO- OR TRUE HERMAPHRODITISM:[[7157], [1499], [672], [100288077], [11274], [646517], [6736], [29102], [54487], [284654]]
WT1:[[7490], [5074], [7157], [9589], [107982234], [51352], [7422], [7040], [1956], [51523], [1499], [126374], [2099], [2064], [3845], [5243], [367], [4790], [7015], [5728], [4609], [999], [596], [675], [3479], [4193], [332], [3480], [3815], [595], [1026], [2146], [3105], [2322], [836], [5925], [120892], [8626], [3725], [3481], [6667], [106707172], [8743], [1588], [4288], [25], [4869], [3320], [10], [5578], [3065], [6352], [6513], [106707173], [6657], [7161], [1387], [1786], [598], [2034], [2056], [7431], [3308], [331], [1958], [6794], [3172], [3600], [1050], [1994], [110806263], [5566], [6597], [283120], [1788], [4613], [5159], [1051], [6662], [613], [100420535], [100420526], [54790], [10631], [5080], [7329], [2956], [898], [55294], [2130], [10664], [10763], [3164], [646517], [7045], [940], [4221], [3002], [2623], [7849], [2624], [406986], [79923], [100048912], [6736], [2719], [59], [2057], [3676], [55384], [5076], [5079], [7827], [406950], [5077], [51176], [6663], [4085], [3206], [4868], [374], [2026], [1012], [3428], [6915], [6659], [190], [27429], [406948], [171023], [5657], [407015], [79577], [2202], [23532], [57447], [5420], [4928], [51280], [4005], [6957], [3394], [2274], [406968], [6732], [23512], [11338], [3192], [8900], [7182], [200315], [4919], [794], [574452], [1848], [6955], [55145], [8553], [1856], [3601], [5650], [139285], [2059], [976], [9077], [3840], [2801], [1758], [693175], [7423], [3987], [1857], [10409], [6533], [5987], [9463], [84676], [494323], [140628], [762], [7205], [5936], [79870], [131450], [2619], [7767], [23225], [3841], [9688], [54897], [2239], [80790], [23641], [79618], [11346], [26031], [57551], [84445], [56915], [9988]]
Wilm's Tumor:[[4524], [7490], [7161], [2719], [5076], [4171], [57531], [4591], [80790], [100499467]]
Pseudohermaphroditism Nephron Disorder and Wilms' Tumor:[[]]
WILMS TUMOR:[[7490], [139285], [7157], [675], [11281], [6134], [9589], [3481], [1956], [126374], [255738], [4613], [23405], [7422], [283120], [51352], [3569], [2064], [5080], [2719], [3091], [1499], [6774], [672], [7015], [5728], [3845], [105259599], [5743], [999], [3479], [332], [5978], [7491], [100528024], [8151], [8136], [4233], [5290], [406991], [4851], [5979], [6948], [4582], [10413], [1027], [3791], [3082], [6772], [406947], [5241], [1471], [3486], [4968], [7161], [3784], [1490], [4763], [1653], [4893], [100288077], [5159], [4684], [6786], [1740], [646517], [5294], [92140], [2194], [406986], [10763], [4810], [406985], [182], [6928], [2239], [467], [641], [26762], [5245], [1028], [7849], [10155], [2237], [406932], [5076], [79577], [29102], [2296], [5657], [8929], [406982], [389421], [8644], [406936], [8313], [6495], [10014], [407042], [4856], [407041], [494336], [10984], [64324], [406899], [55704], [56998], [54880], [619552], [2138], [54487], [115908], [23607], [8087], [9294], [693175], [406969], [643911], [406960], [407047], [10818], [11274], [442915], [9319], [406974], [440823], [57531], [5936], [7262], [10528], [107982234], [5002], [9646], [4223], [100499467], [3212], [129563], [7767], [25928], [4676], [4435], [406965], [29974], [833], [58189], [108783649], [108178989], [108570035], [9158], [10077], [693157], [7260], [10078], [338645], [339290], [106707172], [55539], [106707173], [108004545], [693147], [111240479]]
Syndrome Denys-Drash:[[7490]]
NEPHROBLASTOMA:[[4856], [4524], [960], [3383], [1490], [406985], [5914], [6573], [7369], [1398], [580], [4001], [5903], [554210], [1382], [406969], [10818], [139285], [406970], [10301], [11166], [574509], [574510], [192343]]
Nephroblastoma (Wilms tumor):[[4856], [139285], [1490], [406985], [406969], [10818]]
Wilms' tumor:[[7157], [3569], [672], [7490], [5728], [1499], [6774], [5743], [999], [4233], [406991], [1027], [3082], [6772], [3481], [7161], [1490], [2194], [406986], [182], [6928], [467], [5245], [406932], [406936], [10014], [4856], [494336], [55704], [54880], [619552], [2138], [54487], [115908], [9294], [693175], [139285], [406969], [643911], [406960], [407047], [10818], [440823], [57531], [9589], [5002], [7767], [406965], [4435], [58189], [108570035], [693157], [339290], [693147]]
Nephropathy Wilms Tumor and Genital Anomalies:[[7490], [6928]]
WILMS TUMOR 1:[[7490], [672], [3479], [5728], [3784], [4582], [999], [23405], [3091], [255738], [4851], [5159], [5080], [1956], [2138], [5979], [3481], [139285], [7157], [4763], [1499], [7015], [9589], [11281], [3569], [6786], [92140], [2239], [182], [6772], [105259599], [10413], [3791], [6774], [126374], [5294], [51352], [675], [4684], [6495], [64324], [2194], [2719], [1653], [10155], [2237], [56998], [7422], [26762], [1740], [100288077], [8644], [406969], [2064], [406982], [9294], [5002], [4613], [7491], [283120], [10984], [8087], [55704], [115908], [6134], [5743], [4233], [10818], [646517], [57531], [7262], [79577], [9646], [4435], [29974], [25928], [4676], [5290], [7161], [833], [58189], [3845], [4893], [406991], [108570035], [332], [5978], [10763], [467], [1471], [3486], [7260], [1027], [6948], [3082], [406947], [5241], [4968], [1490], [100528024], [8151], [8136], [6928], [440823], [406986], [406985], [641], [4810], [406974], [5245], [1028], [7849], [406936], [406932], [8313], [5076], [29102], [2296], [5657], [8929], [389421], [10014], [407042], [23607], [4856], [407041], [494336], [406899], [54880], [619552], [54487], [693175], [643911], [406960], [5936], [407047], [11274], [442915], [9319], [10528], [107982234], [4223], [100499467], [3212], [129563], [7767], [406965], [108783649], [108178989], [9158], [10077], [693157], [10078], [338645], [339290], [106707172], [55539], [693147], [111240479], [106707173], [108004545]]
Wilms Tumor:[[7490], [139285], [7157], [675], [11281], [6134], [9589], [3481], [1956], [126374], [255738], [4613], [23405], [7422], [283120], [51352], [3569], [2064], [5080], [2719], [3091], [1499], [6774], [672], [7015], [5728], [3845], [105259599], [5743], [999], [3479], [332], [5978], [7491], [100528024], [8151], [8136], [4233], [5290], [406991], [4851], [5979], [6948], [4582], [10413], [1027], [3791], [3082], [6772], [406947], [5241], [1471], [3486], [4968], [7161], [3784], [1490], [4763], [1653], [4893], [100288077], [5159], [4684], [6786], [1740], [646517], [5294], [92140], [2194], [406986], [10763], [4810], [406985], [182], [6928], [2239], [467], [641], [26762], [5245], [1028], [7849], [10155], [2237], [406932], [5076], [79577], [29102], [2296], [5657], [8929], [406982], [389421], [8644], [406936], [8313], [6495], [10014], [407042], [4856], [407041], [494336], [10984], [64324], [406899], [55704], [56998], [54880], [619552], [2138], [54487], [115908], [23607], [8087], [9294], [693175], [406969], [643911], [406960], [407047], [10818], [11274], [442915], [9319], [406974], [440823], [57531], [5936], [7262], [10528], [107982234], [5002], [9646], [4223], [100499467], [3212], [129563], [7767], [25928], [4676], [4435], [406965], [29974], [833], [58189], [108783649], [108178989], [108570035], [9158], [10077], [693157], [7260], [10078], [338645], [339290], [106707172], [55539], [106707173], [108004545], [693147], [111240479]]
Denys Drash Syndrome:[[7490]]
Wilms Tumor 1:[[7490], [672], [3479], [5728], [3784], [4582], [999], [23405], [3091], [255738], [4851], [5159], [5080], [1956], [2138], [5979], [3481], [139285], [7157], [4763], [1499], [7015], [9589], [11281], [3569], [6786], [92140], [2239], [182], [6772], [105259599], [10413], [3791], [6774], [126374], [5294], [51352], [675], [4684], [6495], [64324], [2194], [2719], [1653], [10155], [2237], [56998], [7422], [26762], [1740], [100288077], [8644], [406969], [2064], [406982], [9294], [5002], [4613], [7491], [283120], [10984], [8087], [55704], [115908], [6134], [5743], [4233], [10818], [646517], [57531], [7262], [79577], [9646], [4435], [29974], [25928], [4676], [5290], [7161], [833], [58189], [3845], [4893], [406991], [108570035], [332], [5978], [10763], [467], [1471], [3486], [7260], [1027], [6948], [3082], [406947], [5241], [4968], [1490], [100528024], [8151], [8136], [6928], [440823], [406986], [406985], [641], [4810], [406974], [5245], [1028], [7849], [406936], [406932], [8313], [5076], [29102], [2296], [5657], [8929], [389421], [10014], [407042], [23607], [4856], [407041], [494336], [406899], [54880], [619552], [54487], [693175], [643911], [406960], [5936], [407047], [11274], [442915], [9319], [10528], [107982234], [4223], [100499467], [3212], [129563], [7767], [406965], [108783649], [108178989], [9158], [10077], [693157], [10078], [338645], [339290], [106707172], [55539], [693147], [111240479], [106707173], [108004545]]
Wilms' tumour and nephrotic syndrome with pseudohermaphroditism:[[]]
Wilms tumour:[[7490], [9589], [7157], [675], [139285], [1956], [1499], [2064], [7422], [3569], [23405], [3481], [3091], [6774], [3845], [672], [7015], [5728], [673], [207], [5743], [999], [332], [283120], [4613], [5290], [406991], [3815], [2719], [5080], [4233], [3479], [4582], [3791], [4851], [11186], [3480], [3082], [10413], [1027], [8842], [406947], [3417], [5979], [5241], [7161], [1490], [4763], [3486], [6513], [864], [6597], [7474], [5159], [51741], [92140], [10763], [2130], [10664], [10155], [3418], [5294], [406986], [3838], [1147], [406985], [406971], [467], [29102], [7849], [26762], [3837], [5077], [5076], [79577], [701], [8644], [2296], [79727], [406936], [2048], [389421], [3855], [6495], [3192], [407042], [407041], [494336], [10984], [64324], [406969], [442915], [406978], [9646], [27241], [10078], [130497], [90632], [79191], [10265]]
Syndrome Drash:[[7490]]
Nephroma:[[1956], [673], [23405], [3481]]
Nephroblastomas:[[5728], [1499], [324], [7080], [5727], [406987], [1630], [4211], [139285], [3975]]
Nephroblastoma:[[4856], [4524], [960], [3383], [1490], [406985], [5914], [6573], [7369], [1398], [580], [4001], [5903], [554210], [1382], [406969], [10818], [139285], [406970], [10301], [11166], [574509], [574510], [192343]]
Wilm's tumor:[[4524], [7490], [7161], [2719], [5076], [4171], [57531], [4591], [80790], [100499467]]
Wilms Tumor and Pseudohermaphroditism:[[]]
Renal adenosarcoma:[[7157], [23405], [54880]]
Nephrotic syndrome with pseudohermaphroditism:[[2908]]
DENYS-DRASH SYNDROME:[[7490]]
Wilms' tumour:[[9589], [7157], [1956], [3569], [2064], [1499], [672], [5728], [6774], [7490], [5743], [999], [406991], [3815], [4233], [3480], [3082], [1027], [7161], [1490], [3481], [864], [6597], [51741], [406986], [3838], [10664], [467], [3837], [406936], [3855], [3192], [494336], [139285], [406969], [406978], [27241]]
NEPHROPATHY WILMS TUMOR AND GENITAL ANOMALIES:[[7490], [6928]]
DDS:[[1636], [7490], [7132], [4615], [8737], [51135], [8717], [10769], [1678], [3656], [51361], [27294]]
Wilms' tumor and nephrotic syndrome with pseudohermaphroditism:[[]]
DRASH SYNDROME:[[7490]]
Drash syndrome:[[7490]]
Embryonal adenosarcoma:[[7157], [23405]]
Embryonal nephroma:[[23405], [1956], [673], [3481]]
Wilms' Tumor:[[7157], [3569], [672], [7490], [5728], [1499], [6774], [5743], [999], [4233], [406991], [1027], [3082], [6772], [3481], [7161], [1490], [2194], [406986], [182], [6928], [467], [5245], [406932], [406936], [10014], [4856], [494336], [55704], [54880], [619552], [2138], [54487], [115908], [9294], [693175], [139285], [406969], [643911], [406960], [407047], [10818], [440823], [57531], [9589], [5002], [7767], [406965], [4435], [58189], [108570035], [693157], [339290], [693147]]
