Xeroderma pigmentosum:[[2068], [7508], [2073], [7507], [5429], [2072], [1643], [2071], [1642], [2067], [7157], [2944], [2952], [7515], [472], [3146], [142], [328], [7161], [7517], [545], [4322], [6608], [7376], [2648], [5887], [6996], [2965], [1069], [5886], [5980], [7405], [64210], [348654], [404672], [57654], [387836]]
Angioma pigmentosum atrophicum:[[]]
Kaposi dermatosis:[[]]
Kaposi's Disease:[[]]
XP - Xeroderma pigmentosum:[[2068], [2072], [2071], [7508], [7507], [5429], [2073], [1643], [2067], [5887], [472], [2944], [3146], [545], [7517], [2965], [5980], [2648], [6608], [6996], [7405], [64210], [5886], [348654], [57654], [387836], [404672]]
Pigmented epitheliomatosis:[[5573], [7422], [5566], [673], [4318], [6774], [7421], [1029], [5728], [1499], [2475], [596], [23411], [51738], [2100], [50943], [1906], [3075], [3958], [4312], [23418], [114548], [5578], [1277], [3320], [5241], [3265], [3309], [4170], [8878], [1436], [4157], [2309], [1490], [598], [23405], [6794], [4615], [4286], [5294], [4771], [1435], [50940], [5155], [9332], [7042], [8622], [59341], [2776], [4015], [3939], [572], [5052], [7299], [6663], [22933], [3662], [6566], [3326], [2693], [406911], [57192], [57591], [2767], [4935], [2315], [55315], [771], [11255], [3763], [5567], [6579], [6751], [442902], [434], [54796], [3208], [4294], [5568], [57505]]
Atrophoderma pigmentosum:[[]]
Kaposi Disease:[[]]
Kaposis Disease:[[]]
Xeroderma Pigmentosum:[[2068], [7508], [2073], [7507], [5429], [2072], [1643], [2071], [1642], [2067], [7157], [2944], [2952], [7515], [472], [3146], [142], [328], [7161], [7517], [545], [4322], [6608], [7376], [2648], [5887], [6996], [2965], [1069], [5886], [5980], [7405], [64210], [348654], [404672], [57654], [387836]]
Melanosis lenticularis progressiva:[[]]
Xeroderma of Kaposi:[[7157]]
