Cerebro Hepato Renal Syndrome:[[]]
Zellweger's Syndrome:[[]]
Cerebro-Hepato-Renal Syndrome:[[]]
Zellweger Syndrome:[[5189], [5825], [5190], [9409], [5193], [5830], [5824], [6342], [8540], [5828], [5195], [8504], [5194], [5264], [30], [225], [5192], [55670], [3422], [1962], [8309]]
Zellweger's syndrome:[[]]
CEREBROHEPATORENAL SYNDROME:[[]]
Cerebrohepatorenal syndrome:[[]]
Zellweger syndrome:[[5189], [5825], [5190], [9409], [5193], [5830], [5824], [6342], [8540], [5828], [5195], [8504], [5194], [5264], [30], [225], [5192], [55670], [3422], [1962], [8309]]
CHR:[[7157], [51501], [1401], [3123], [1026], [5970], [332], [335], [7291], [5347], [4088], [2305], [116519], [9131], [706], [2646], [995], [255239], [4481], [10848], [5424], [1233], [80198], [3915], [2517], [30818], [8323], [1463], [57787], [10202], [8528], [1590], [55766], [10655], [26609], [80341], [254240], [128859], [107992389], [107992388], [100289635], [402183], [54580], [54573], [728464], [54574]]
Cerebrohepatorenal Syndrome:[[]]
Zellweger Disease:[[5830]]
