Bassen-Kornzweig Syndrome:[[]]
Homozygous familial hypobetalipoproteinaemia:[[338], [4547]]
MICROSOMAL TRIGLYCERIDE TRANSFER PROTEIN DEFICIENCY:[[2081], [909]]
Acanthocytosis:[[23230], [80025], [7052], [84876], [4067], [476]]
MTP DEFICIENCY:[[4547], [3030], [338], [1374], [3172], [6648], [2308], [3032], [6927], [28976], [80339], [8431]]
ABL - Abetalipoproteinaemia:[[4547]]
Bassen Kornzweig Syndrome:[[]]
ABL - Abetalipoproteinemia:[[4547]]
ACANTHOCYTOSIS:[[23230], [80025], [7052], [84876], [4067], [476]]
ABL:[[25], [4547], [107980440], [107963955], [10006], [27], [107963951], [7157], [6452], [107963948], [10152], [8470], [91768], [7040], [207], [3717], [1956], [107963947], [107966121], [672], [351], [3569], [4609], [596], [2475], [2099], [4193], [4790], [3553], [6714], [4318], [1499], [6774], [5243], [3845], [5468], [5728], [4137], [1026], [3576], [3815], [6622], [7852], [472], [613], [7161], [3952], [5594], [332], [4233], [595], [6387], [5290], [1027], [5970], [3383], [6696], [960], [4851], [4292], [1432], [5879], [84287], [10413], [3162], [857], [4170], [81928], [5925], [5747], [4582], [861], [5781], [183], [8626], [8743], [3934], [3791], [3725], [581], [3690], [3630], [5159], [5888], [5599], [6648], [6667], [9429], [5595], [7490], [2033], [6790], [6776], [867], [5071], [2885], [3265], [5580], [2322], [4869], [107966125], [3552], [196], [983], [4067], [648], [4792], [6093], [811], [5111], [407040], [4088], [5295], [7291], [5156], [2260], [26191], [3667], [598], [9021], [959], [2534], [100507436], [5562], [1398], [2305], [2896], [4323], [3559], [283120], [4297], [1958], [998], [2212], [6502], [1399], [4893], [3685], [5591], [5058], [5315], [6850], [5300], [8877], [7486], [695], [947], [326268], [7534], [7037], [5770], [1051], [801], [2876], [847], [9212], [8651], [8829], [6678], [5292], [6777], [2120], [10320], [2113], [240], [8837], [1536], [4602], [4830], [842], [5335], [7528], [1020], [558], [8795], [5175], [10399], [406935], [8314], [3575], [3169], [3439], [1025], [2185], [284], [3397], [25937], [57379], [4194], [3190], [3663], [4352], [5906], [10397], [283131], [5037], [208], [2017], [578], [641]]
Abetalipoproteinemia:[[338], [4547], [909]]
Microsomal Triglyceride Transfer Protein Deficiency Disease:[[]]
Diseases Betalipoprotein Deficiency:[[79001], [3123], [2068], [4524], [2147], [3479], [3952], [367], [7157], [3162], [2688], [3077], [1376], [5054], [5624], [3117], [1585], [1029], [7124], [5071], [4153], [5265], [3569], [64127], [5627], [348], [3586], [7040], [3075], [9370], [355], [7421], [7422], [23435], [718], [4353], [1588], [3559], [920], [2157], [3953], [3091], [26191], [351], [4790], [948], [79068], [3553], [2099], [627], [2539], [6774], [1401], [1956], [3689], [3458], [672], [6622], [5728], [1636], [2944], [3690], [23411], [4318], [7941], [2162], [335], [4846], [4137], [2475], [7099], [462], [7097], [1080], [1234], [4780], [5468], [1950], [6647], [1493], [5336], [6786], [3576], [5444], [4615], [4609], [727], [207], [7172], [100], [675], [51738], [3717], [29126], [6598], [406991], [2624], [6696], [472], [84876], [64135], [2034], [7450], [114548], [673], [7018], [3106], [50943], [6347], [2064], [7015], [7297], [2678], [6584], [999], [5133], [3146], [2952], [89], [174], [720], [695], [6772], [3606], [4000], [19], [2645], [120892], [2065], [4879], [3565], [2876], [57817], [1071], [7535], [1499], [4982], [3290], [4292], [50489], [1312], [721], [1026], [2643], [596], [10747], [51135], [54106], [5743], [4851], [121278], [10320], [4023], [23274], [4204], [217], [406938], [929], [7852], [5160], [2271], [6387], [5925], [23495], [712], [332], [3572], [4192], [10413], [6532], [5970], [1557], [5594], [2896], [383], [1118], [8074], [338], [3105], [406947], [2692], [3119], [5290], [8878], [59], [7173], [1356], [3383], [857], [2512], [1859], [90865], [11093], [3593], [958], [3815], [3958], [2908], [7515], [10135]]
Bassen-Kornzweig Disease:[[]]
Bassen Kornzweig Disease:[[]]
Bassen-Kornzweig disease:[[]]
ABETALIPOPROTEINEMIA:[[338], [4547], [909]]
Homozygous familial hypobetalipoproteinemia:[[338], [348], [3949], [255738], [27329], [4547], [80208]]
Abetalipoproteinaemia:[[4547], [338]]
Microsomal Triglyceride Transfer Protein Deficiency:[[2081], [909]]
BASSEN-KORNZWEIG SYNDROME:[[]]
Acanthocytoses:[[]]
Disease Betalipoprotein Deficiency:[[1493], [64127], [5979], [11315], [351], [3123], [348], [3586], [5071], [1586], [6774], [1029], [3064], [6622], [5660], [4137], [3117], [79001], [335], [7450], [3077], [540], [4524], [3569], [2161], [3717], [4023], [5310], [1071], [19], [6347], [6387], [7422], [3119], [24], [3953], [3990], [120892], [338], [653361], [3559], [3593], [5311], [3949], [2068], [2067], [3558], [4287], [2629], [4088], [1401], [958], [255738], [4314], [356], [2147], [26191], [2153], [25974], [3106], [6597], [116519], [6927], [3162], [2160], [4688], [7124], [1234], [3075], [7415], [3570], [80339], [2157], [2876], [2244], [59067], [10577], [3931], [3592], [6584], [5314], [6261], [6513], [2581], [4353], [1378], [10320], [1956], [7040], [217], [326625], [2073], [948], [9370], [2155], [7297], [3383], [6775], [5376], [7421], [9173], [2688], [4361], [5663], [5624], [2099], [2072], [3479], [1585], [538], [2074], [55054], [2162], [1136], [3952], [7274], [56922], [4790], [9966], [7941], [2308], [3988], [2524], [4068], [1373], [6272], [5966], [5771], [367], [8878], [5054], [7157], [64170], [3458], [100], [5627], [1636], [100507436], [4846], [2071], [3635], [2243], [1376], [4318], [2212], [7128], [90411], [4548], [7015], [2158], [4153], [2645], [6403], [1588], [7535], [4851], [10019], [919], [355], [2643], [5265], [920], [60468], [9927], [7840], [6606], [3658], [2266], [6772], [718], [64135], [5594], [6609], [11093], [5970], [3105], [114548], [7038], [1161], [10544], [1813], [3043], [10413], [3146], [4982], [2539], [23308], [7173], [3689], [1589], [672], [4000], [3630], [59], [7518], [3565], [4598], [324], [2638], [79068]]
