Spontaneous abortion:[[7422], [4524], [7157], [7124], [7040], [3569], [2099], [4846], [4318], [3123], [1636], [3135], [3586], [3553], [1401], [367], [5743], [1499], [7099], [3106], [4313], [2475], [3952], [1493], [50943], [5054], [3605], [3105], [2153], [5444], [6347], [1026], [2147], [3119], [3557], [2100], [5241], [3791], [3690], [64127], [4582], [6648], [406938], [4153], [581], [2321], [929], [2332], [3117], [1786], [7298], [3953], [3481], [196], [407040], [7132], [7291], [356], [5329], [283120], [2162], [3620], [23405], [3956], [4316], [1788], [1789], [2534], [7046], [5624], [6403], [5228], [7351], [847], [149233], [3566], [3673], [3592], [2876], [940], [54790], [1361], [3814], [2852], [407018], [6573], [5443], [51561], [3133], [4552], [4179], [9575], [8038], [406973], [727], [468], [3554], [3976], [4085], [5820], [406950], [10392], [2938], [406933], [941], [574501], [4321], [7033], [1082], [2524], [4522], [80312], [407050], [7292], [29102], [52], [3292], [6948], [406941], [2494], [6097], [6286], [5055], [3802], [84634], [3803], [8858], [407012], [406922], [10578], [250], [3902], [406902], [722], [444], [3824], [1240], [10464], [407013], [93659], [51293], [2297], [574473]]
Spontaneous abortion NOS:[[4846], [7422], [2099], [5743], [1499], [6648], [3791], [6097]]
Miscarriage:[[7124], [7422], [4524], [7157], [3569], [4846], [2153], [3553], [2099], [1636], [3135], [5468], [3091], [2147], [3586], [5054], [672], [6774], [3123], [7421], [3717], [3576], [3106], [999], [3479], [2944], [1493], [675], [5444], [3605], [2950], [3606], [1813], [3119], [183], [1565], [51738], [6696], [355], [2100], [50943], [1432], [4153], [335], [3690], [5133], [4282], [1543], [8743], [3791], [3557], [1588], [2321], [929], [3107], [196], [7098], [3784], [356], [3117], [90865], [2155], [1545], [1268], [3308], [3620], [3559], [5806], [9518], [2022], [5228], [3600], [22943], [3570], [6256], [285], [283120], [4684], [10631], [4683], [59067], [3329], [2638], [7351], [5617], [7056], [947], [2162], [4830], [3133], [1524], [407018], [246778], [2160], [9927], [3484], [7042], [350], [6716], [308], [1594], [9575], [10544], [5627], [51206], [966], [890], [1591], [6364], [3623], [7043], [6402], [2166], [7173], [2938], [1482], [6929], [3206], [574501], [5618], [1235], [4522], [5047], [7066], [9353], [3273], [23213], [6019], [6091], [6367], [10075], [1984], [8858], [64083], [10733], [9446], [199713], [3037], [3399], [101805488], [338557], [4249], [64806], [8087], [3963], [51473], [27324], [494335], [6013], [5620], [5619], [128674], [93659], [347689], [1510], [51156], [50511], [100126355], [257000], [8622], [55655], [23509], [29761], [4248], [8284], [117579], [10887], [23037], [7475], [10637], [100126356], [100422842], [192343]]
Vaginal expulsion of foetus:[[]]
Spontaneous Abortion:[[7422], [4524], [7157], [7124], [7040], [3569], [2099], [4846], [4318], [3123], [1636], [3135], [3586], [3553], [1401], [367], [5743], [1499], [7099], [3106], [4313], [2475], [3952], [1493], [50943], [5054], [3605], [3105], [2153], [5444], [6347], [1026], [2147], [3119], [3557], [2100], [5241], [3791], [3690], [64127], [4582], [6648], [406938], [4153], [581], [2321], [929], [2332], [3117], [1786], [7298], [3953], [3481], [196], [407040], [7132], [7291], [356], [5329], [283120], [2162], [3620], [23405], [3956], [4316], [1788], [1789], [2534], [7046], [5624], [6403], [5228], [7351], [847], [149233], [3566], [3673], [3592], [2876], [940], [54790], [1361], [3814], [2852], [407018], [6573], [5443], [51561], [3133], [4552], [4179], [9575], [8038], [406973], [727], [468], [3554], [3976], [4085], [5820], [406950], [10392], [2938], [406933], [941], [574501], [4321], [7033], [1082], [2524], [4522], [80312], [407050], [7292], [29102], [52], [3292], [6948], [406941], [2494], [6097], [6286], [5055], [3802], [84634], [3803], [8858], [407012], [406922], [10578], [250], [3902], [406902], [722], [444], [3824], [1240], [10464], [407013], [93659], [51293], [2297], [574473]]
Spontaneous Abortions:[[348], [3569], [3586], [367], [1636], [672], [3123], [4846], [3135], [675], [5054], [3119], [3162], [2100], [50943], [3690], [185], [1588], [114548], [5241], [7076], [3620], [3570], [6403], [7077], [3673], [4803], [4914], [4804], [7078], [5069], [100], [308], [3572], [3482], [151], [3283], [199713], [9437], [4012], [259197], [7079], [4232], [9436], [81693]]
Vaginal expulsion of product of conception:[[]]
Miscarriage NOS:[[4846], [7422], [2099], [3091], [6774], [3479], [355], [8743], [3791]]
miscarriage:[[7124], [7422], [4524], [7157], [3569], [4846], [2153], [3553], [2099], [1636], [3135], [5468], [3091], [2147], [3586], [5054], [672], [6774], [3123], [7421], [3717], [3576], [3106], [999], [3479], [2944], [1493], [675], [5444], [3605], [2950], [3606], [1813], [3119], [183], [1565], [51738], [6696], [355], [2100], [50943], [1432], [4153], [335], [3690], [5133], [4282], [1543], [8743], [3791], [3557], [1588], [2321], [929], [3107], [196], [7098], [3784], [356], [3117], [90865], [2155], [1545], [1268], [3308], [3620], [3559], [5806], [9518], [2022], [5228], [3600], [22943], [3570], [6256], [285], [283120], [4684], [10631], [4683], [59067], [3329], [2638], [7351], [5617], [7056], [947], [2162], [4830], [3133], [1524], [407018], [246778], [2160], [9927], [3484], [7042], [350], [6716], [308], [1594], [9575], [10544], [5627], [51206], [966], [890], [1591], [6364], [3623], [7043], [6402], [2166], [7173], [2938], [1482], [6929], [3206], [574501], [5618], [1235], [4522], [5047], [7066], [9353], [3273], [23213], [6019], [6091], [6367], [10075], [1984], [8858], [64083], [10733], [9446], [199713], [3037], [3399], [101805488], [338557], [4249], [64806], [8087], [3963], [51473], [27324], [494335], [6013], [5620], [5619], [128674], [93659], [347689], [1510], [51156], [50511], [100126355], [257000], [8622], [55655], [23509], [29761], [4248], [8284], [117579], [10887], [23037], [7475], [10637], [100126356], [100422842], [192343]]
Vaginal expulsion of fetus:[[]]
