Acquired immune deficiency syndrome:[[]]
Acquired immune deficiency syndrome (AIDS):[[]]
Syndromes Acquired Immunodeficiency:[[3458], [7040], [3586], [7157], [4790], [7124], [3569], [6387], [6774], [5728], [4792], [7852], [54790], [5243], [7099], [7421], [3718], [2475], [3553], [3106], [11093], [29126], [7450], [919], [335], [355], [929], [5265], [5329], [3627], [2212], [2624], [3959]]
Immunologic Deficiency Syndrome Acquired:[[]]
AIDS - Acquired immunodeficiency syndrome:[[2475], [5728], [355], [1906], [23435], [356], [5579], [6198], [6895], [6894]]
Acquired immunodeficiency syndrome:[[5728], [2475], [355], [1906], [23435], [356], [5579], [6198], [6895], [6894]]
acquired immune deficiency syndrome [AIDS]:[[]]
Syndromes Acquired Immuno-Deficiency:[[7157], [3569], [7124], [3586], [4790], [3091], [4318], [29126], [3106], [5290], [595], [4193], [5979], [406991], [3146]]
Immunodeficiency due to human immunodeficiency virus infection:[[3458], [3107], [3586], [6387], [6772], [6347], [904], [920], [7098], [30835], [7157], [3566], [1524], [7124], [282617], [7852], [6348], [3811], [348], [3577], [1234], [2214], [6356], [60489], [100], [7421], [6349], [5243], [7097], [3105], [5591], [3565], [3162], [857], [5133], [3558], [6696], [6352], [3627], [100507436], [7450], [729230], [1803], [5478], [684], [3574], [2309], [335], [3456], [3439], [3600], [5329], [959], [54210], [545], [246778], [3065], [1673], [2022], [54658], [85363], [11093], [11168], [4261], [6376], [5328], [200316], [7187], [5294], [6590], [60], [967], [2289], [4803], [27161], [1025], [282618], [1555], [58], [55894], [659], [10015], [7251], [1654], [7874], [2217], [10657], [59], [3959], [8451], [4600], [71], [5764], [164668], [94], [9730], [2744], [70], [2770], [10346], [91543], [10848], [83667], [1627], [10614], [6596], [72], [10219], [29997], [6430], [4074], [2838], [30834], [58189], [339390], [89876]]
Syndrome Acquired Immunodeficiency:[[7157], [50943], [5728], [3458], [3586], [6774], [7040], [4790], [331], [356], [2475], [54790], [3569], [4851], [6387], [920], [11093], [355], [7124], [4780], [1906], [7852], [857], [5243], [4792], [7421], [7099], [3553], [2624], [115650], [3106], [57379], [3718], [4179], [7454], [3593], [7450], [7097], [4153], [6696], [5896], [29126], [335], [8737], [3565], [929], [2321], [3627], [919], [23435], [3459], [5329], [5265], [60468], [2212], [54210], [3460], [5294], [5579], [6198], [1025], [3959], [10747], [6895], [1627], [6894]]
Syndrome Acquired Immuno-Deficiency:[[7157], [6513], [5290], [331], [3569], [3586], [7124], [4193], [2157], [595], [4790], [4318], [3106], [3091], [7097], [29126], [406991], [6696], [3146], [5979], [54209], [6440]]
Acquired Immuno Deficiency Syndrome:[[]]
Acquired Immune Deficiency Syndrome:[[]]
AIDS:[[7124], [6387], [7157], [3107], [3586], [3569], [1234], [3559], [7422], [3106], [3570], [4057], [2492], [6774], [3123], [3458], [1401], [207], [2475], [4790], [7421], [29126], [3576], [7852], [5728], [1499], [999], [920], [27178], [3479], [4313], [3952], [7173], [4747], [355], [6347], [4153], [332], [7097], [3688], [4277], [3105], [3565], [2908], [7515], [5629], [3162], [3383], [3690], [3606], [3135], [2932], [1432], [142], [3791], [6352], [9734], [1906], [5879], [3075], [282617], [1576], [26580], [406938], [929], [23435], [3320], [2068], [3627], [2335], [10], [5599], [54106], [3558], [60489], [718], [356], [5329], [5608], [26018], [9555], [5111], [3685], [30835], [3620], [800], [3593], [7412], [6615], [7128], [7057], [729230], [9516], [2539], [6927], [5340], [4316], [2214], [5159], [6258], [6660], [64344], [947], [5058], [1555], [4035], [8856], [4904], [59067], [3329], [10599], [1051], [3678], [1977], [3115], [5175], [60495], [1548], [246778], [1535], [7528], [5579], [1025], [2956], [6198], [51284], [3575], [10010], [10866], [6591], [5787], [1524], [8850], [3611], [30834], [4050], [3574], [8542], [10212], [6441], [169792], [943], [2776], [5423], [2185], [7070], [5829], [1612], [26762], [1672], [4361], [1072], [11169], [2246], [6348], [2532], [57007], [4853], [494324], [406942], [1594], [1642], [7251], [405], [961], [1136], [9564], [2313], [6590], [2741], [6506], [3577], [79791], [6351], [9603], [6362], [3055], [10082], [5764], [9582], [101180976], [4208], [4928], [51280], [5934], [200316], [5062], [23314], [1001], [3587], [10747], [9034], [8065], [6992], [9501], [10663], [9585], [2729], [6373], [574452]]
