ACTIVATED PROTEIN C RESISTANCE:[[2153], [2147], [5627], [7035]]
APC RESISTANCE:[[2153], [2147], [3717], [5624], [6462], [2266], [7035], [350], [5627], [1361]]
Activated Protein C Resistance:[[2153], [2147], [5627], [7035]]
Resistance to activated protein C caused by Factor V Leiden:[[2153], [5624], [2147], [3717], [5054], [2157], [3690], [5627], [1361], [462]]
Resistance to activated protein C due to Factor V R506Q:[[2153], [2147]]
Resistance APC:[[324], [5624], [5243], [6934], [350], [2099], [7157], [367], [3123], [3845], [3119], [1499], [7124], [999], [1029], [1956], [673], [7040], [3569], [2147], [7099], [2153], [3091], [5728], [4790], [5743], [3586], [672], [6774], [1401], [207], [2950], [2932], [29126], [596], [1026], [5290], [4609], [406991], [3717], [4292], [595], [4193], [5594], [5054], [332], [2146], [4233], [472], [80829], [3146], [9232], [4255], [5970], [2100], [1080], [4582], [1027], [857], [3690], [5595], [10413], [3082], [5925], [1576], [406947], [4313], [5747], [1030], [1869], [5133], [4170], [5347], [5599], [25], [3265], [6790], [3309], [1786], [983], [356], [1493], [598], [1191], [7474], [5580], [55294], [2034], [4436], [6502], [1019], [7153], [6352], [283120], [2065], [10018], [5562], [9314], [2157], [1017], [4089], [11186], [1543], [1457], [4595], [6462], [613], [7428], [5627], [8856], [406906], [7158], [5294], [387], [5604], [998], [1586], [891], [9212], [7528], [4085], [10], [217], [7048], [3551], [3117], [3620], [846], [5111], [3485], [50616], [23028], [1045], [898], [7514], [7078], [5566], [2155], [7035], [406935], [6598], [890], [5300], [2272], [1487], [6786], [1025], [2956], [406958], [2266], [5915], [1361], [940], [5467], [10971], [3397], [996], [8826], [1000], [637], [3297], [246778], [5423], [406988], [7020], [3159], [4751], [5320], [4092], [5175], [2934], [1147], [11009], [57761], [5515], [3678], [7874], [2810], [3880], [4194], [23513], [3572], [701], [3856], [406979], [9368], [5588], [7010], [409], [6925], [8451], [1642], [3852], [1616], [406899], [2237], [6426], [4772], [4261], [4440]]
Resistance to activated protein C:[[2153], [5624], [5468], [350], [5594], [5595], [5562], [5104], [5604], [4153], [2065], [10399], [5610], [1050], [1051], [5515], [5564], [7157], [2066], [1956], [351], [7124], [4790], [207], [3569], [2064], [4233], [23411], [4609], [7040], [1499], [2147], [2155], [7015], [3586], [355], [6714], [3717], [25], [3553], [4318], [1401], [2475], [3815], [4193], [5290], [6347], [4780], [10413], [5054], [2932], [53358], [3690], [8837], [185], [3265], [8743], [9632], [4313], [3630], [5621], [2305], [6464], [3082], [4137], [6696], [1869], [11093], [6667], [2033], [3383], [3725], [2157], [4893], [5925], [7132], [8795], [1490], [5627], [867], [4312], [1958], [2067], [2113], [2152], [5888], [387], [718], [6850], [2335], [7430], [4436], [9314], [7153], [4288], [5663], [1361], [1813], [208], [2185], [5328], [468], [4988], [6462], [409], [7128], [5245], [1969], [4926], [285], [330], [3064], [64805], [8797], [7035], [3397], [462], [8542], [329], [2547], [5340], [6382], [1901], [7704], [4261], [3678], [10971], [1445], [4085], [4691], [27161], [5587], [7534], [5170], [1282], [1649], [5320], [4092], [23705], [2690], [4751], [7155], [10320], [3190], [176], [5045], [7010], [710], [4486], [26986], [1487], [6477], [1616], [10419], [727897], [8915], [3326], [5074], [10410], [9656], [866], [5501], [8914], [253260], [8519], [8794], [10911], [6498], [7804], [5864], [51208]]
Activated protein C resistance:[[2153], [2147], [5627], [7035]]
Resistance to activated protein C caused by Factor V R506Q:[[2153], [2147]]
Resistance to activated protein C due to Factor V Leiden:[[2153], [5624], [2147], [3717], [5054], [3690], [2157], [5627], [1361], [462]]
