Carcinomas Alveolar Cell:[[7157], [3815], [596], [1956], [3586], [3576], [7422], [3383], [6469], [3569], [7040], [3565], [406991], [7124], [207], [2064], [7852], [857], [960], [4609], [23705], [6387], [8626], [4582], [7474], [5728], [3688], [4193], [5468], [2475], [355], [1019], [581], [7015], [3146], [3479], [50943], [79058], [3553], [10135], [10413], [6774], [5594], [8795], [5111], [4233], [3875], [4170], [2255], [3091], [8754], [6422], [5155], [3606], [23411], [1906], [5159], [4760], [3002], [6868], [5979], [7430], [4192], [3162], [407006], [811], [4790], [1236], [5079], [4318], [2146], [407040], [7046], [3728], [4088], [3600], [5156], [356], [6772], [4780], [1493], [7099], [406938], [5290], [1435], [2308], [2627], [2260], [4323], [5076], [5054], [5743], [5243], [4282], [3596], [3169], [5590], [3082], [7421], [5294], [4436], [3480], [2100], [3605], [7030], [5328], [1364], [673], [1050], [2932], [1437], [10891], [3329], [5584], [238], [2321], [7080], [5595], [5465], [8600], [2152], [4292], [54106], [8743], [6615], [2735], [3303], [302], [8850], [4843], [6678], [7098], [3725], [1457], [79923], [7849], [51741], [154], [11315], [2150], [8678], [3611], [6597], [2833], [328], [3371], [8651], [4087], [4312], [8837], [1948], [406952], [57007], [90865], [133], [4316], [6364], [8840], [5292], [3439], [2264], [406947], [358], [8202], [5599], [406982], [4017], [860], [10568], [4654], [1649], [1268], [4916], [4915], [5806], [407035], [3856], [406989], [7345], [1072], [468], [2050], [360], [8797], [4322], [8519], [9476], [57492], [1513], [9074], [7113], [156], [8788], [8841], [23410], [23314], [839], [11214], [1755], [406907]]
Alveolar cell carcinoma:[[7157], [3576], [3815], [4582], [596], [1956], [3586], [8626], [3383], [6469], [3569], [7422], [5879], [7412], [3565], [7040], [7124], [406991], [5979], [207], [7852], [3592], [79058], [857], [2064], [960], [4609], [23705], [6387], [4233], [7474], [7015], [51196], [3688], [3123], [8795], [5028], [3627], [4193], [5728], [1019], [4846], [3146], [355], [5468], [387], [6093], [3553], [2475], [581], [3479], [50943], [10135], [5111], [10413], [5594], [4157], [6774], [3875], [4170], [4680], [6376], [5478], [3606], [6422], [1906], [8754], [23411], [6347], [356], [3458], [5155], [3091], [6868], [4192], [5159], [407006], [3162], [1236], [101], [7430], [177], [4790], [5290], [50616], [949], [811], [4760], [407040], [3002], [7046], [4088], [29851], [5079], [558], [6772], [6373], [4780], [7099], [1493], [406938], [4318], [2146], [7030], [3728], [348], [3600], [2308], [5156], [7097], [602], [7356], [1432], [1080], [5054], [5781], [729230], [1435], [7080], [2627], [4323], [284], [5243], [3084], [3082], [3630], [4282], [3596], [3820], [7421], [5076], [2260], [6647], [4478], [5328], [3605], [3169], [5294], [2147], [5743], [10891], [54209], [2321], [5154], [7045], [10461], [3552], [2932], [5465], [5590], [5595], [3480], [183], [4856], [894], [1050], [5584], [2149], [2735], [2100], [6363], [8600], [8743], [4436], [54106], [7132], [3579], [388], [302], [407018], [3303], [3725], [5553], [1437], [1364], [673], [2152], [7098], [494336], [79923], [7076], [3329], [2150], [8678], [238], [6615], [11315], [8850], [2876], [51738], [1457], [328], [4312], [2833], [4843], [8651], [4087], [2252], [3611], [2294]]
Carcinomas Bronchiolar:[[7157], [7422], [7040], [207], [1029], [5925], [3688], [4282], [4914], [4803], [3918], [6364]]
Alveolar Adenocarcinoma:[[407035], [406960]]
Carcinoma Bronchiolar:[[7157], [1029], [5925], [7422], [7040], [207], [3688], [1080], [4282], [4914], [4803], [6364], [3675], [3918], [3184], [6367], [6363]]
Bronchiolo-alveolar adenocarcinoma:[[]]
Alveolar Adenocarcinomas:[[]]
Carcinomas Bronchioloalveolar:[[1956], [7422], [7040], [3845], [1029], [5728], [1499], [999], [4582], [3958], [8626], [5747], [6382], [1045], [6794], [7080], [5460], [1588], [8140], [3918], [6277], [8714], [200879]]
Carcinoma Bronchiolo Alveolar:[[1956], [4316]]
ALVEOLAR CELL CARCINOMA:[[7157], [3576], [3815], [4582], [596], [1956], [3586], [8626], [3383], [6469], [3569], [7422], [5879], [7412], [3565], [7040], [7124], [406991], [5979], [207], [7852], [3592], [79058], [857], [2064], [960], [4609], [23705], [6387], [4233], [7474], [7015], [51196], [3688], [3123], [8795], [5028], [3627], [4193], [5728], [1019], [4846], [3146], [355], [5468], [387], [6093], [3553], [2475], [581], [3479], [50943], [10135], [5111], [10413], [5594], [4157], [6774], [3875], [4170], [4680], [6376], [5478], [3606], [6422], [1906], [8754], [23411], [6347], [356], [3458], [5155], [3091], [6868], [4192], [5159], [407006], [3162], [1236], [101], [7430], [177], [4790], [5290], [50616], [949], [811], [4760], [407040], [3002], [7046], [4088], [29851], [5079], [558], [6772], [6373], [4780], [7099], [1493], [406938], [4318], [2146], [7030], [3728], [348], [3600], [2308], [5156], [7097], [602], [7356], [1432], [1080], [5054], [5781], [729230], [1435], [7080], [2627], [4323], [284], [5243], [3084], [3082], [3630], [4282], [3596], [3820], [7421], [5076], [2260], [6647], [4478], [5328], [3605], [3169], [5294], [2147], [5743], [10891], [54209], [2321], [5154], [7045], [10461], [3552], [2932], [5465], [5590], [5595], [3480], [183], [4856], [894], [1050], [5584], [2149], [2735], [2100], [6363], [8600], [8743], [4436], [54106], [7132], [3579], [388], [302], [407018], [3303], [3725], [5553], [1437], [1364], [673], [2152], [7098], [494336], [79923], [7076], [3329], [2150], [8678], [238], [6615], [11315], [8850], [2876], [51738], [1457], [328], [4312], [2833], [4843], [8651], [4087], [2252], [3611], [2294]]
Bronchiolo-Alveolar Adenocarcinomas:[[]]
Alveolar carcinoma:[[1956], [4609]]
Carcinomas Bronchiolo-Alveolar:[[1956], [4316]]
Alveolar adenocarcinoma:[[407035], [406960]]
Carcinoma Alveolar Cell:[[7157], [3576], [3815], [4582], [596], [1956], [3586], [8626], [3383], [6469], [3569], [7422], [5879], [7412], [3565], [7040], [7124], [406991], [5979], [207], [7852], [3592], [79058], [857], [2064], [960], [4609], [23705], [6387], [4233], [7474], [7015], [51196], [3688], [3123], [8795], [5028], [3627], [4193], [5728], [1019], [4846], [3146], [355], [5468], [387], [6093], [3553], [2475], [581], [3479], [50943], [10135], [5111], [10413], [5594], [4157], [6774], [3875], [4170], [4680], [6376], [5478], [3606], [6422], [1906], [8754], [23411], [6347], [356], [3458], [5155], [3091], [6868], [4192], [5159], [407006], [3162], [1236], [101], [7430], [177], [4790], [5290], [50616], [949], [811], [4760], [407040], [3002], [7046], [4088], [29851], [5079], [558], [6772], [6373], [4780], [7099], [1493], [406938], [4318], [2146], [7030], [3728], [348], [3600], [2308], [5156], [7097], [602], [7356], [1432], [1080], [5054], [5781], [729230], [1435], [7080], [2627], [4323], [284], [5243], [3084], [3082], [3630], [4282], [3596], [3820], [7421], [5076], [2260], [6647], [4478], [5328], [3605], [3169], [5294], [2147], [5743], [10891], [54209], [2321], [5154], [7045], [10461], [3552], [2932], [5465], [5590], [5595], [3480], [183], [4856], [894], [1050], [5584], [2149], [2735], [2100], [6363], [8600], [8743], [4436], [54106], [7132], [3579], [388], [302], [407018], [3303], [3725], [5553], [1437], [1364], [673], [2152], [7098], [494336], [79923], [7076], [3329], [2150], [8678], [238], [6615], [11315], [8850], [2876], [51738], [1457], [328], [4312], [2833], [4843], [8651], [4087], [2252], [3611], [2294]]
Bronchiolar adenocarcinoma:[[7157], [7422], [7040], [207], [1029], [1080], [3688], [5925], [4282], [4914], [4803], [6364], [3675], [3918], [6649], [6367], [6363]]
Carcinomas Alveolar:[[3576], [79058], [7157], [7040], [1956], [7124], [7422], [2308], [5468], [207], [3091], [4318], [2064], [5728], [5743], [6774], [673], [2475], [3586], [4609], [4790], [7015], [7099], [596], [3569], [3553], [5243], [960], [5290], [7852], [5594], [4233], [355], [4582], [3815], [406991], [4193], [238], [5979], [2146], [4292], [3479], [7421], [3480], [8626], [2100], [6387], [5054], [3605], [857], [4780], [4436], [581], [1435], [23411], [2260], [10413], [3162], [3383], [4843], [3688], [50943], [4282], [2932], [1493], [3606], [3146], [54106], [4312], [356], [8743], [4323], [406947], [5595], [3082], [154], [6597], [8600], [5599], [3565], [10568], [5156], [7080], [2152], [6615], [7098], [1906], [406938], [2321], [3725], [4170], [5159], [7030], [4088], [7430], [10135], [6772], [4316], [3169], [90865], [57492], [6678], [7849], [10891], [3596], [811], [407040], [5111], [328], [1019], [860], [6469], [1437], [3303], [5328], [1457], [11315], [358], [302], [5465], [1268], [1050], [7345], [1364], [5806], [5076], [3329], [133], [8678], [7046], [3600], [7474], [8651], [2735], [51741], [4087], [9476], [5155], [6868], [4322], [8837], [2150], [4915], [1236], [407006], [8202], [1513], [23705], [5294], [3611], [5292], [2833], [8795], [3875], [3002], [5590], [3371], [3439], [727897], [79923], [8841], [4916], [2264], [23410], [8850], [1649], [406952], [57007], [6422], [4017], [4192], [5079], [1072], [6364], [407035], [468], [360], [406907], [7225], [3291], [7113], [8788], [156], [3728], [10919], [3856], [8797], [4654], [406989], [2627], [5584], [1755], [23314], [406982], [2050], [1948], [8840], [839], [8754], [4760]]
Bronchiolar carcinoma:[[]]
Bronchiolo-alveolar carcinoma:[[1956]]
Adenocarcinoma Bronchiolo Alveolar:[[1956], [4316]]
Carcinoma Bronchioloalveolar:[[4582], [6794], [8626], [1029], [3845], [1499], [1956], [999], [7422], [7040], [7080], [5728], [3958], [1588], [5747], [5460], [6382], [1045], [8140], [3918], [6277], [8714]]
Bronchiolo-Alveolar Adenocarcinoma:[[]]
Carcinoma Alveolar:[[3576], [7157], [4582], [5979], [79058], [8626], [6093], [4233], [51196], [3123], [4157], [7015], [7124], [7040], [2308], [5290], [1956], [7422], [5028], [356], [7099], [3553], [3569], [3586], [4790], [5468], [207], [3091], [4318], [6774], [2064], [5728], [7030], [5243], [3458], [5743], [348], [673], [2475], [7421], [3605], [7080], [4609], [5594], [5054], [3479], [4780], [8795], [7852], [7097], [51132], [596], [177], [23411], [355], [4193], [6347], [949], [960], [3383], [3606], [6387], [1080], [3146], [3480], [406991], [3162], [4312], [2147], [1493], [1432], [3815], [2146], [2100], [3688], [50943], [2932], [3565], [238], [54106], [5879], [5595], [3082], [8743], [857], [4846], [581], [4292], [4282], [6778], [1906], [5599], [406938], [10413], [2321], [3725], [4843], [1435], [7098], [387], [4088], [6772], [7076], [3552], [406947], [8600], [6647], [5781], [4436], [154], [4170], [407040], [328], [796], [6532], [860], [2260], [10891], [51738], [4323], [90865], [5265], [5328], [114548], [9021], [5111], [1116], [5465], [6469], [5156], [2152], [4316], [8678], [133], [6615], [11315], [7430], [302], [3240], [3557], [3596], [5806], [3303], [3627], [1457], [5159], [3169], [7046], [8651], [10135], [2149], [2908], [2735], [1019], [4087], [4904], [3630], [6868], [6597], [9332], [7474], [1789], [6678], [183], [2150], [558], [10568], [7295], [3579], [811], [8837], [4322], [407018], [3592], [2876], [358], [3084], [4915], [5478], [407006], [1236], [2833], [7276], [4615], [8202], [7132], [3611], [1268], [1050], [1471], [51741], [79923], [23586], [3875], [2264], [23410], [103], [5294], [3600], [3551]]
Carcinoma Bronchiolo-Alveolar:[[1956], [4316]]
