Eosinophilic Adenomas:[[]]
Adenoma Acidophil:[[5324], [26585], [7157], [5325], [1811], [4524], [7422], [1956], [2778], [3845], [673], [5326], [1499], [5743], [7124], [3569], [1029], [2064], [7040], [1401], [348], [2099], [3091], [6774], [999], [4318], [7421], [4609], [9370], [9049], [4292], [324], [3586], [595], [367], [3479], [3576], [672], [7015], [960], [207], [596], [5728], [4255], [5290], [29126], [406991], [2950], [2944], [1813], [4193], [4780], [4313], [332], [6927], [23411], [5594], [8091], [3605], [1026], [4288], [2952], [4436], [355], [2100], [1493], [4233], [472], [6387], [4582], [3480], [2908], [3162], [6696], [50943], [5979], [4843], [185], [2247], [857], [55259], [836], [1543], [1728], [3958], [4312], [1027], [1559], [8743], [3791], [10], [2697], [3082], [3953], [4869], [3486], [4204], [5111], [5241], [5599], [217], [4088], [6469], [5329], [3265], [7076], [6790], [7253], [2067], [1786], [3481], [90865], [6513], [4170], [2263], [8842], [196], [3643], [4968], [7132], [6657], [7291], [5460], [7161], [356], [64072], [1803], [4316], [9518], [3315], [598], [1191], [846], [4221], [4595], [8878], [100507436], [1585], [1116], [2305], [9365], [1788], [1958], [3762], [3593], [6615], [10018], [4893], [1019], [7430], [652], [22943], [5156], [5894], [55294], [2688], [1994], [1544], [7153], [7133], [5566], [7424], [1789], [5950], [7517], [4087], [9232], [4904], [6598], [59067], [5443], [10599], [216], [4684], [4072], [5617], [2735], [7018], [22914], [50616], [947], [2956], [2690], [1508], [1045], [6256], [7508], [3973], [125], [2719], [152845], [4322], [4830], [842], [2876], [1030], [2516], [2052], [5467], [4548]]
Adenoma Acidophilic:[[]]
Adenomas Acidophilic:[[]]
Acidophil adenoma:[[]]
Adenomas Acidophil:[[7157], [63892], [7422], [1956], [3845], [673], [1029], [5743], [1499], [6927], [2099], [55422], [3569], [7040], [4524], [2064], [5468], [4318], [3091], [7015], [999], [1401], [7421], [324], [2146], [207], [4288], [6774], [5243], [367], [1026], [5290], [29126], [3952], [7852], [51738], [5728], [4609], [7099], [4292], [1813], [2778], [6387], [2475], [4255], [4313], [596], [406991], [595], [4780], [1027], [2100], [4233], [5566], [3630], [5979], [2950], [960], [355], [4851], [472], [5925], [3958], [3815], [6696], [581], [4582], [4595], [8626], [3791], [3481], [3688], [836], [79068], [1543], [8091], [1906], [4436], [4312], [1559], [7490], [6790], [8743], [3725], [6934], [8842], [4282], [1588], [328], [5747], [3417], [3082], [3953], [3757], [1586], [5111], [6657], [861], [841], [10], [217], [1728], [682], [4353], [1869], [4314], [7253], [3486], [6513], [846], [4089], [196], [4968], [407040], [1585], [7291], [1385], [6469], [1045], [2688], [2261], [7076], [1803], [1786], [7298], [7057], [406937], [5315], [4323], [9232], [9518], [7474], [4830], [10855], [57817], [3762], [11186], [1030], [6794], [7048], [2690], [1994], [9049], [9365], [55384], [4854], [7153], [1589], [283120], [7424], [1788], [1789], [133], [891], [4221], [2735], [7849], [5741], [864], [7077], [3066], [6382], [768], [406906], [4072], [8651], [2492], [875], [3159], [4586], [1113], [4311], [7078], [2113], [4852], [6624], [5742], [7528], [3290], [2052], [5914], [7080], [4548], [2956], [5175], [3291], [2264], [10763], [6591], [79577], [3572], [407018], [5443], [246], [1048], [3574], [406986], [3973], [8289], [10062]]
Eosinophil Adenoma:[[]]
Eosinophil Adenomas:[[]]
Eosinophil adenoma:[[]]
Eosinophilic Adenoma:[[]]
