alpha-Mannosidosis:[[4125]]
alpha-Mannosidase Deficiencies:[[]]
alpha-D-Mannosidase Deficiency Lysosomal:[[]]
MANSA:[[]]
alpha Mannosidase Deficiency:[[4125], [5265], [11253], [2548], [4153], [2801], [2683]]
alpha Mannosidosis:[[4125]]
Alpha-Mannosidase B Deficiency:[[4125], [11253]]
alpha-D-Mannosidase Deficiencies Lysosomal:[[]]
Lysosomal alpha D Mannosidase Deficiency:[[4125]]
Mannosidosis alpha B Lysosomal:[[4125]]
alpha-Mannosidase deficiency:[[4125], [11253], [2801]]
Alpha-Mannosidosis Type I:[[]]
Lysosomal Alpha B Mannosidosis:[[4125]]
LYSOSOMAL ALPHA-D-MANNOSIDASE DEFICIENCY:[[]]
Alpha-D-mannosidosis:[[4125]]
Alpha-D-Mannosidosis:[[4125]]
ALPHA-MANNOSIDOSIS:[[4125]]
Alpha-mannosidase deficiency:[[4125], [11253], [2801]]
alpha Mannosidase B Deficiency:[[4125], [5265], [11253], [4153], [2683]]
Deficiency of alpha-mannosidase:[[4125], [11253], [2801]]
ALPHA-MANNOSIDASE B DEFICIENCY:[[4125], [11253]]
MANNOSIDOSIS ALPHA B LYSOSOMAL:[[4125]]
alpha-Mannosidoses:[[3039], [174], [5265], [7124], [3091], [3105], [1586], [6622], [207], [6716], [2099], [3106], [6927], [5728], [3559], [5290], [1410], [3040], [546], [861], [10891], [332], [6696], [1576], [5156], [1432], [3107], [183], [6331], [79068], [5578], [2697], [5806], [2243], [4668], [5610], [3117], [2778], [1277], [3552], [718], [1457], [3320], [841], [864], [2717], [56729], [3674], [775], [23600], [7132], [3685], [2034], [4049], [1050], [6323], [5160], [5562], [796], [3570], [3084], [5295], [1147], [28], [5465], [860], [4035], [6868], [3784], [150], [7052], [197], [3172], [3934], [3566], [3240], [4792], [3673], [7153], [5345], [6403], [7133], [7048], [5566], [3122], [1535], [3592], [2], [3678], [6955], [7128], [5914], [1788], [4157], [2214], [4758], [1280], [3439], [3684], [51561], [9451], [2316], [6256], [2776], [1139], [1278], [1294], [12], [2548], [81], [3838], [834], [2811], [3676], [6198], [3655], [89], [3575], [727], [5443], [6348], [80781], [246778], [5573], [3778], [773], [6335], [3679], [5176], [2524], [1409], [10062], [58], [1281], [5515], [3169], [3675], [912], [1915], [87], [6329], [2525], [2938], [4125], [2919], [3683], [3454], [6364], [2956], [5499], [10825], [7039], [1138], [2081], [2023], [2638], [476], [1594], [1282], [3624], [5154], [276], [59], [1965], [6197], [6863], [5627], [23468], [1137], [178], [7020], [9636], [118], [6708], [6715], [563], [348], [720], [11181], [2217], [3440], [1136], [151], [1459], [7846], [7529], [6595], [6195], [2741], [6773], [308], [1287], [477], [29119], [2554], [259], [6337], [3785], [1081], [2530]]
alpha-Mannosidase Deficiency:[[4125], [11253], [2801]]
