Resorptions Alveolar:[[3576], [653509], [79058], [7124], [2308], [7157], [729238], [7040], [1956], [7422], [7099], [3553], [5077], [348], [3569], [3586], [4790], [5468], [207], [4318], [3091], [6774], [1080], [2064], [5728], [3458], [5243], [3123], [5743], [673], [6778], [2475], [3605], [7421], [5594], [4609], [4846], [5054], [3479], [4780], [1435], [6532], [7015], [7097], [7852], [596], [177], [23411], [355], [4193], [6347], [6647], [3383], [960], [3606], [6387], [3146], [3480], [5290], [4312], [406991], [3162], [2147], [1493], [4233], [4582], [1432], [183], [3815], [2908], [154], [2146], [3688], [2100], [50943], [54106], [10568], [2932], [238], [3565], [5879], [5595], [3082], [8743], [2152], [5979], [51738], [857], [581], [4292], [3630], [4282], [8600], [5599], [1906], [406938], [2321], [5081], [356], [10413], [8626], [4843], [3725], [6441], [3557], [3627], [7098], [114548], [4088], [387], [7076], [1471], [6772], [19], [3552], [7276], [406947], [5265], [796], [10135], [5781], [4436], [10891], [4170], [407040], [7132], [328], [3084], [860], [2260], [1437], [4323], [6440], [3596], [57492], [5328], [90865], [9021], [1457], [5111], [1116], [5156], [5465], [6469], [1268], [7030], [5806], [3303], [4316], [811], [133], [8678], [7412], [6615], [11315], [6285], [7430], [3600], [302], [3240], [6439], [1050], [3169], [23586], [4615], [5159], [8651], [7046], [729230], [2149], [2735], [50616], [3551], [1019], [4087], [5478], [4157], [9332], [4904], [820], [6868], [6597], [6093], [7474], [3329], [1789], [6464], [847], [6678], [558], [7018], [2150], [7295], [2159], [3579], [2006], [5155], [4322], [50964], [407018]]
Periodontal Bone Losses:[[]]
Resorption Periodontal:[[3569], [3553], [7422], [7124], [8600], [4982], [7040], [860], [4318], [7421], [3091], [90865], [2099], [3479], [4313], [9370], [6347], [23411], [3146], [5743], [3552], [4312], [3565], [2247], [3458], [5027], [3952], [114548], [929], [406991], [3557], [650], [1277], [8792], [836], [5578], [2932], [1432], [8743], [3725], [3791], [4314], [4000], [7128], [841], [682], [7189], [50964], [6280], [2150], [2034], [7037], [2896], [3685], [952], [4322], [1513], [3574], [3570], [5327], [6868], [1139], [51561], [182], [4853], [27178], [6348], [1514], [3589], [3280]]
Alveolar bone loss:[[3586], [3553], [7421], [7099], [3458], [8600], [3082], [3552], [54106], [90865], [6678], [4322]]
Periodontal Bone Loss:[[255738]]
Alveolar Bone Losses:[[]]
Alveolar Process Atrophies:[[]]
Bone Atrophies Alveolar:[[7040]]
Resorption Alveolar:[[7124], [7040], [1956], [3553], [3569], [7422], [8600], [3091], [4318], [3479], [7421], [1080], [3458], [5743], [6778], [1435], [154], [596], [4312], [23411], [5879], [6347], [3565], [3146], [406991], [1432], [3557], [796], [2932], [8743], [581], [3725], [3552], [114548], [860], [3596], [407040], [50964], [90865], [7018], [1116], [302], [6868], [4322], [2150], [1513], [1236], [30061], [2050], [362], [1948], [5028], [101], [6363]]
Periodontal Resorptions:[[]]
Bone Atrophy Alveolar:[[3576], [7040], [7124], [348], [7422], [3146], [2308], [7099], [3569], [3479], [3553], [3778], [2475], [207], [5468], [10413], [4318], [5743], [3458], [3605], [6347], [19], [51738], [3123], [596], [3383], [6387], [7097], [4312], [1080], [3480], [960], [355], [8626], [406938], [2932], [5781], [4282], [6647], [114548], [3600], [356], [1471], [10891], [6469], [7098], [8837], [4615], [4316], [6285], [3002], [407018], [54209], [10461], [4654], [2627], [83667], [10577], [2966], [64116], [192343]]
Bone Loss Alveolar:[[3576], [8600], [7157], [7040], [1435], [7124], [7015], [1956], [1991], [50964], [7422], [3569], [7099], [3091], [3553], [348], [2308], [3479], [4790], [3586], [207], [5468], [2147], [4318], [6774], [2591], [2064], [5728], [3458], [5743], [7421], [7852], [2475], [4780], [4193], [596], [4846], [51738], [4609], [23411], [406991], [1080], [4233], [3480], [960], [6347], [3688], [4312], [5054], [2100], [673], [3605], [154], [5594], [5243], [3082], [3123], [3383], [6387], [8626], [387], [7097], [2146], [355], [177], [3162], [1493], [3084], [5290], [5879], [3815], [6647], [4088], [308], [50943], [407040], [1432], [3606], [2260], [3146], [4282], [3552], [114548], [10413], [4170], [3630], [54106], [6778], [6532], [3557], [860], [2932], [5781], [4292], [8743], [857], [1906], [406938], [6772], [581], [2321], [6422], [10135], [19], [5328], [3778], [3565], [4436], [7474], [3725], [7076], [5595], [406947], [4322], [356], [51741], [6615], [4582], [11315], [3600], [183], [4615], [7132], [8678], [90865], [2908], [1019], [6678], [4843], [5111], [5155], [1755], [10891], [6597], [9021], [328], [57492], [5599], [7412], [7430], [6469], [5156], [1789], [7046], [1116], [8651], [3627], [3169], [238], [847], [302], [1594], [4087], [6868], [6093], [3329], [5081], [4316], [246778], [5265], [7098], [811], [1050], [4323], [284], [3596], [468], [5806], [23705], [8837], [1437], [5159], [729230], [5478], [3579], [54209], [4904], [3240], [23586], [4157], [2876], [3611], [7018], [3371], [5579], [3551], [7045], [2735], [3002], [7030], [23410], [55384], [5294], [9451], [949], [2627], [50616], [9332], [820], [8202]]
Alveolar Process Atrophy:[[]]
