Inborn error of amino acid metabolism:[[1644], [4524], [3458], [2645], [1719], [2744], [38]]
Amino acid disorder:[[267012], [8140], [1644], [6520], [340024], [23428], [6506], [6505], [1610], [2648], [948], [55117], [2950], [2898], [95], [6509], [2897], [3486], [2900], [2170], [2901], [2272], [2571], [2899], [2629], [4524], [2475], [26503], [7166], [348], [6527], [6609], [9370], [775], [211], [2902], [121278], [7124], [7157], [2550], [3845], [3133], [6532], [2569], [427], [1636], [18], [1565], [4137], [2153], [41], [207], [2562], [2904], [3952], [7422], [2099], [7421], [80025], [288], [1956], [5243], [2561], [4023], [23162], [3690], [7450], [6622], [3569], [672], [351], [338], [3717], [5999], [7040], [1499], [23411], [301], [5444], [3553], [7099], [59272], [5594], [3123], [2560], [6513], [1080], [339896], [1401], [1756], [2903], [5328], [3630], [133], [4609], [5728], [367], [7494], [1813], [846], [3815], [6647], [5465], [3091], [4313], [3106], [627], [4790], [4846], [861], [40], [5743], [3479], [3586], [6774], [7054], [1557], [7852], [324], [920], [1277], [5578], [2033], [5595], [675], [335], [3576], [3383], [355], [326625], [51738], [2891], [7097], [3081], [1576], [1906], [540], [154], [8850], [79068], [960], [5071], [10891], [6335], [857], [4548], [596], [6347], [5159], [2908], [3064], [5828], [54600], [8843], [5621], [7015], [4953], [51741], [4363], [468], [836], [673], [4803], [4128], [51422], [23600], [3146], [26354], [80821], [1950], [472], [1051], [3458], [3674], [3784], [4233], [5830], [1191], [26291], [2952], [2932], [142], [3077], [5979], [2944], [93986], [3949], [1244], [2893], [4780], [811], [2186], [3484], [5021], [120892], [6573], [4893], [5290], [10558], [6567]]
Hyperaminoaciduria:[[]]
Inborn Errors Amino Acid Metabolism:[[1644], [4524], [326625], [162417], [875], [9420], [6583]]
Congenital Amino Acidopathy:[[]]
Disorders of amino acid transport and metabolism:[[81539], [9429], [6506], [348], [5468], [2475], [2170], [3630], [7124], [5243], [4137], [9370], [1244], [6513], [7157], [5444], [207], [351], [2571], [1956], [1080], [6622], [3952], [3091], [6532], [7422], [9971], [4023], [1557], [212], [19], [7040], [857], [3569], [23411], [6647], [1636], [7421], [4609], [538], [2099], [5562], [7054], [1906], [1499], [120892], [3845], [5465], [59272], [4548], [2903], [3949], [846], [1813], [3553], [4313], [7099], [2904], [3479], [4846], [6648], [627], [3717], [338], [6567], [5743], [6323], [5728], [6774], [255738], [596], [7018], [5071], [10891], [673], [7351], [3784], [1565], [4547], [3064], [4790], [51738], [3077], [7852], [3586], [5595], [1576], [3383], [154], [23435], [4128], [6507], [1401], [3576], [57817], [4780], [3481], [5360], [5970], [4843], [4879], [355], [2908], [5950], [1432], [949], [8074], [1803], [3135], [3146], [2332], [6347], [10062], [2932], [3778], [8626], [50507], [718], [2746], [116519], [406991], [1490], [836], [3458], [4036], [4851], [3039], [999], [3620], [3172], [6772], [196], [811], [8856], [8678], [5167], [4000], [706], [3643], [2645], [567], [7494], [3725], [4864], [1814], [332], [3480], [3082], [2316], [2641], [929], [2264], [6667], [203228], [169026], [5879], [2896], [1493], [6683], [9365], [84876], [3958], [2261], [1191], [6786], [4153], [4988], [64127], [51166], [5925], [135], [10013], [26191], [6440], [6387], [54209], [30061], [5741], [4976], [7249], [2539], [3558], [563], [2621], [2247], [682], [2260], [7057], [3181], [238], [6770], [408], [2695], [23405], [652], [7498], [5742], [2152], [5631], [1269]]
Disorders of amino-acid transport and metabolism:[[9429], [81539], [348], [6506], [2475], [7124], [4137], [3630], [7157], [351], [1244], [5468], [1956], [1080], [6532], [5444], [6622], [6513], [1636], [3091], [7422], [207], [120892], [19], [6647], [7040], [538], [3569], [1557], [857], [4023], [3949], [3845], [2903], [627], [7018], [673], [6323], [3553], [2099], [3077], [1906], [6648], [1499], [4548], [4846], [2904], [3717], [59272], [1813], [3064], [846], [7054], [4313], [4128], [6774], [5728], [255738], [5071], [338], [51738], [4609], [7099], [949], [7351], [3481], [8074], [3784], [23411], [7852], [6507], [154], [4790], [5743], [2908], [6567], [57817], [2932], [1565], [10891], [3135], [8626], [3778], [1803], [50507], [706], [3383], [3146], [3576], [2645], [5465], [3039], [406991], [4879], [355], [5595], [1576], [8856], [5970], [2316], [203228], [999], [84876], [5950], [718], [3480], [4036], [8678], [116519], [1493], [6683], [3643], [1490], [169026], [2261], [4864], [6786], [2896], [836], [4988], [332], [2641], [3620], [3172], [135], [64127], [196], [30061], [5167], [2746], [4153], [6440], [6772], [811], [5925], [7249], [2539], [10013], [3958], [26191], [3725], [2247], [1814], [2260], [238], [682], [3181], [2621], [563], [4976], [3558], [7494], [3786], [2264], [23405], [2571], [81609], [652], [4683], [408], [545], [212], [5631], [51166], [57502], [859], [4540], [4513], [6770], [7498], [4287], [2695], [4535], [2057], [120], [7471], [780], [5122], [1311], [1734], [6303], [26585], [788], [1727], [4357]]
Unspecified disorder of amino-acid metabolism:[[7157], [1956], [7124], [2099], [351], [348], [207], [2904], [7422], [7040], [367], [1499], [673], [3091], [6774], [672], [5578], [4790], [5743], [5594], [2908], [472], [2932], [4609], [3064], [1813], [2033], [7852], [836], [8850], [51741], [5925], [142], [2260], [7015], [5595], [355], [7132], [114548], [7428], [1950], [5315], [64127], [960], [7046], [1027], [1814], [1051], [3558], [8743], [3065], [811], [7249], [4208], [468], [2335], [2534], [2316], [5781], [4804], [7068], [7471], [4287]]
Amino Acid Metabolism Inborn Error:[[]]
Inborn Amino Acidopathy:[[]]
Inborn Amino Acidopathies:[[]]
Congenital Amino Acidopathies:[[]]
Disorder of amino acid metabolism:[[267012], [1644], [6520], [948], [6506], [1610], [2950], [2648], [55117], [4524], [2170], [3486], [1636], [2475], [348], [326625], [2272], [2629], [4023], [9370], [2571], [7157], [7124], [5444], [3845], [211], [6609], [1557], [4137], [1565], [207], [1373], [3952], [2099], [7421], [1956], [427], [6532], [875], [5243], [2904], [3569], [6622], [351], [338], [7422], [3630], [23411], [7040], [6513], [4609], [672], [3091], [80025], [3690], [3553], [5465], [367], [54600], [1499], [6647], [2903], [1401], [3717], [4313], [5743], [7099], [3479], [540], [335], [59272], [301], [627], [4846], [1080], [5728], [5594], [51738], [4548], [846], [1576], [1813], [7494], [3815], [3586], [133], [10891], [4552], [673], [79068], [861], [4790], [5578], [2752], [6774], [7054], [7852], [2952], [2944], [2908], [3949], [2033], [472], [5071], [5595], [6648], [4780], [26291], [3383], [3077], [4128], [3576], [23600], [355], [7097], [51741], [596], [4953], [255738], [960], [142], [3081], [1906], [154], [6347], [8850], [7018], [857], [3064], [7015], [5290], [1244], [2932], [3458], [7351], [3146], [8843], [1544], [1803], [836], [4363], [468], [3784], [1191], [196], [26354], [1950], [1051], [4843], [10558], [3172], [3484], [6573], [120892], [811], [57817], [4851], [6567], [4522], [249], [5021], [3075], [8074], [1814], [4353], [26227], [8743], [3667], [3135], [3605], [1490], [406991], [7132], [2192], [2200], [6323], [2332], [1806], [4594], [35], [929], [5315], [4204], [5236], [114548], [183], [6472], [3606], [56729], [6469], [1027], [4000], [7428], [1387], [1728], [3481], [4988], [8644], [5663], [1493]]
Amino Acid Metabolism Disorders Inborn:[[1644], [4524], [162417], [3458], [282617], [2645], [2744]]
Amino acidopathy:[[8140], [1644], [6520], [81539], [9056], [23657], [6510], [11136], [6541], [340024], [5045], [6519], [267012], [54407], [6506], [23428], [206358], [1610], [2648], [586], [6505], [9057], [95], [587], [56301], [11254], [55117], [8501], [124935], [6542], [117247], [6509], [4477], [153129], [7157], [64902], [5046], [2898], [2475], [55089], [6545], [10991], [1956], [26058], [10985], [348], [57393], [7124], [2897], [23162], [908], [348932], [4524], [18], [92745], [166], [4225], [84889], [57551], [153201], [51347], [9344], [157724], [162417], [4137], [57709], [7311], [351], [10249], [55238], [4609], [3845], [367], [3123], [570], [83871], [2099], [7040], [7422], [2899], [207], [1801], [672], [3091], [1499], [5468], [4224], [2900], [3106], [2064], [23464], [9509], [675], [7852], [158376], [3717], [3569], [1080], [5594], [920], [6774], [9508], [347148], [1802], [1234], [59272], [10413], [4879], [23411], [120103], [324], [3383], [6527], [145389], [2647], [285641], [7099], [9370], [3586], [2901], [4790], [3105], [3119], [6622], [6647], [5728], [5444], [2153], [3576], [3553], [2033], [335], [1277], [627], [4846], [4313], [1029], [57050], [1756], [6532], [5743], [3630], [154], [5243], [1401], [846], [673], [999], [4193], [5599], [1636], [5071], [3479], [9429], [2908], [7015], [6772], [1026], [3757], [5621], [55039], [7421], [213], [5970], [3064], [2950], [355], [338], [60560], [540], [3690], [1906], [5595], [9836], [332], [596], [7450], [6512], [81893], [2147], [960], [857], [4233], [64599], [1813], [3135], [1950], [5290], [3043], [142], [3107], [836], [3952], [60489], [2944], [3075], [4613], [387254], [3458], [196743]]
Disorder of amino-acid metabolism unspecified:[[7157], [1956], [7124], [2099], [351], [348], [207], [2904], [7422], [7040], [367], [1499], [673], [3091], [6774], [672], [5578], [4790], [5743], [5594], [2908], [472], [2932], [4609], [3064], [1813], [2033], [7852], [836], [8850], [51741], [5925], [142], [2260], [7015], [5595], [355], [7132], [114548], [7428], [1950], [5315], [64127], [960], [7046], [1027], [1814], [1051], [3558], [8743], [3065], [811], [7249], [4208], [468], [2335], [2534], [2316], [5781], [4804], [7068], [7471], [4287]]
