Amnesia Memory Loss:[[]]
Amnesia-Memory Losses:[[]]
Amnesia NOS:[[]]
LOM - Loss of memory:[[]]
Memory loss:[[351], [348], [627], [3479], [6647], [23435], [4023], [1071], [1756]]
Loss of memory:[[348], [627], [7124], [351], [4137], [5728], [2147], [7157], [7040], [3586], [1956], [3569], [5663], [6532], [1813], [4524], [3458], [7422], [6774], [1312], [3553], [2099], [7852], [1636], [6622], [3845], [2475], [207], [4846], [50943], [3356], [4318], [5743], [1401], [367], [673], [4790], [7421], [355], [3479], [4803], [5468], [3123], [3952], [1499], [7099], [6647], [1268], [3605], [4609], [2944], [5243], [6531], [3105], [54106], [29126], [1385], [5621], [406991], [836], [2332], [5054], [4204], [5133], [1234], [1026], [5594], [7097], [4851], [3688], [23411], [2146], [23435], [2932], [3558], [51738], [79068], [177], [2033], [920], [1493], [3600], [775], [2308], [114548], [23286], [8743], [154], [356], [3757], [3481], [3630], [4023], [4763], [2629], [3643], [5970], [3606], [3552], [1786], [4170], [1191], [6648], [8600], [3565], [2908], [5979], [6772], [5027], [3557], [1387], [1788], [5460], [5781], [648], [2309], [3559], [4128], [3949], [23405], [1756], [203228], [1051], [9365], [1815], [2521], [4582], [6323], [22943], [1432], [1071], [10018], [2903], [567], [10891], [3791], [3574], [5328], [59067], [958], [5578], [940], [3084], [2625], [1524], [5087], [3725], [5788], [3575], [7132], [2904], [867], [718], [7248], [6850], [3678], [4843], [3620], [2247], [598], [4297], [4615], [6517], [5176], [4088], [1236], [2157], [23621], [3350], [51561], [959], [5265], [3627], [604], [10135], [6352], [1814], [135], [3002], [361], [2065], [10673], [7098], [3685], [4311], [2833], [121278], [3675], [2641], [3315], [5777], [7054], [149233], [4684], [4804], [613], [3240], [60489], [2353], [3956]]
Memory gone:[[]]
Amnesia:[[6532]]
Memory loss - amnesia:[[]]
Dysmnesia:[[]]
Amnesias:[[]]
Amnesia-Memory Loss:[[]]
Memory loss NOS:[[351], [3479], [1756]]
