Shock co-occurrent and due to anaphylaxis:[[3586], [7040], [6774], [3458], [335], [114548], [3606], [11315], [90865], [2209], [7177]]
Systemic anaphylaxis:[[7040], [3586], [6774], [3458], [3815], [3606], [114548], [90865], [335], [2312], [11315], [3578], [695], [5175], [2209], [7177]]
Anaphylaxis:[[7040], [3586], [6774], [3458], [3815], [3606], [335], [114548], [90865], [2312], [11315], [695], [5175], [2209], [3578], [9846], [7177], [140], [3269], [4056], [57105], [10087], [5169], [3478], [146722], [23177]]
Allergic shock:[[3162], [3308], [3329], [85480], [7184], [7124], [3558], [3586], [7099], [3569], [7422], [7040], [1956], [11077], [4277], [79068], [7097], [3553], [3458], [3576], [3091], [4318], [1401], [4846], [1636], [3605], [4790], [3606], [5054], [6774], [3123], [1080], [7421], [54715], [5243], [6347], [929], [5970], [2475], [796], [6352], [90865], [3146], [3717], [1432], [4313], [596], [3383], [5594], [3557], [5444], [406991], [64127], [196], [114548], [6647], [4843], [3105], [7098], [1906], [4153], [387], [8743], [10631], [406947], [5133], [133], [3958], [3725], [959], [5578], [9021], [3689], [7076], [1471], [7442], [7412], [2212], [5027], [3620], [7057], [8651], [6280], [2539], [7295], [54210], [11315], [3574], [5624], [26762], [6868], [847], [943], [7535], [834], [3002], [283131], [1232], [407008], [7010], [6890], [710], [1843], [3554], [246], [6609], [11009], [11251], [728], [2209], [27035], [362], [2215], [11082], [5588], [7178], [6283], [7177], [2220], [2176], [623], [29949], [10288], [192343]]
Reaction Anaphylactic:[[3586], [6331], [3240], [2212], [8651], [5169]]
Generalised anaphylaxis:[[]]
Anaphylactic shock:[[9021], [8651], [1215], [7177]]
Anaphylactic reaction:[[6331]]
Shock Anaphylactic:[[3586], [6331], [2212], [9021], [8651], [1215], [7177]]
Anaphylactic Reactions:[[183]]
Generalized anaphylaxis:[[3586], [7040], [3458]]
Reaction Anaphylactoid:[[117194]]
Anaphylactic shock unspecified:[[8651]]
Shock Anaphylactoid:[[]]
Anaphylactoid Reactions:[[117194]]
