TFM:[[367], [3952]]
ANDROGEN RECEPTOR DEFICIENCY:[[367], [5901], [5660], [3479], [7157], [3952], [2071], [3569], [1588], [1586], [2099], [1646], [7040], [5728], [672], [1956], [2064], [7422], [3091], [6716], [7421], [6774], [23411], [4790], [675], [2624], [1029], [2944], [351], [3553], [4609], [1026], [1499], [207], [1401], [11315], [2475], [5290], [4846], [3576], [29126], [5743], [4780], [7015], [7099], [999], [6532], [4851], [5925], [2952], [6597], [6772], [2146], [595], [841], [2908], [406991], [861], [6531], [5594], [6347], [5591], [142], [7428], [581], [836], [1576], [3480], [324], [3934], [23600], [8289], [4000], [2308], [3417], [3565], [10891], [196], [23028], [4088], [3958], [1950], [8260], [4869], [598], [8878], [3064], [5578], [387], [2309], [2778], [6352], [5465], [648], [6790], [2152], [5347], [983], [2034], [6462], [6927], [860], [6469], [59272], [8202], [197], [1050], [7153], [7412], [10013], [6502], [268], [3956], [5245], [5300], [5770], [4684], [27232], [2625], [5080], [4791], [50964], [1977], [2516], [54790], [7534], [249], [10273], [3897], [2736], [5037], [7166], [9232], [6690], [1649], [468], [406987], [93986], [1392], [494324], [5052], [10381], [190], [9636], [6319], [4086], [8644], [79727], [2274], [3400], [6789], [2253], [794], [7850], [4882], [790], [5364], [6602], [166], [192343]]
Male Pseudohermaphroditism Due to Androgen Insensitivity:[[6716]]
AIS:[[367], [8626], [260402], [3569], [1401], [2099], [4137], [4318], [3845], [3479], [3952], [1906], [3383], [1588], [2200], [1803], [4314], [3953], [1191], [1116], [9021], [860], [2638], [6323], [801], [652], [6716], [406913], [4544], [100048912], [4287], [6929], [5598], [406948], [26047], [5087], [3872], [406919], [6709], [2878], [2201], [5075], [23114], [10752], [91039], [10660], [57211], [406891], [22924], [23043], [1826], [4146], [84818], [7069], [58526], [100422823]]
AR DEFICIENCY:[[367], [2067], [2068], [7157], [2688], [5660], [3479], [3952], [2071], [886], [7124], [3123], [3569], [1588], [1956], [3162], [7040], [5728], [672], [2099], [6774], [355], [6716], [1586], [7422], [3586], [207], [2155], [7421], [2064], [4609], [10474], [2475], [2624], [3091], [1499], [23411], [675], [6786], [4193], [3553], [5925], [100], [351], [4790], [1029], [4318], [5443], [4846], [1026], [5743], [3845], [472], [2908], [3458], [2146], [1636], [7428], [335], [7015], [695], [3106], [999], [2643], [29126], [5468], [7852], [4851], [7097], [5594], [7099], [857], [595], [1644], [51135], [5444], [1234], [2952], [5071], [6532], [5970], [1493], [4204], [5290], [3576], [406991], [1950], [196], [861], [708], [4088], [142], [1557], [6696], [50943], [6387], [841], [332], [10891], [581], [3146], [6347], [3119], [6667], [3480], [10413], [648], [3690], [2308], [4089], [5591], [3383], [4000], [4869], [3757], [836], [6648], [3172], [5879], [1027], [2309], [983], [5578], [10273], [3784], [3958], [23028], [5336], [2778], [959], [958], [6657], [6502], [3558], [387], [7161], [929], [1994], [7490], [6790], [8260], [4843], [3309], [6598], [6597], [8289], [1017], [8600], [5599], [860], [6469], [25], [26191], [5080], [3596], [6352], [5347], [846], [11315], [7132], [545], [2625], [5901], [1050], [3956], [567], [1803], [2717], [90865], [2492], [2034], [8991], [6868], [8202], [8678], [2065], [7057], [5371], [7048], [6462], [7415], [4157], [268], [10631], [3932], [2736], [1111], [133], [6464], [2149], [558], [27232], [6777], [7054], [54790], [898], [3592], [1977], [2547], [2516]]
Androgen insensitivity syndrome unspecified:[[367]]
ANDROGEN INSENSITIVITY SYNDROME:[[367], [268], [6716], [8644]]
Androgen insensitivity syndrome:[[367], [268], [6716], [8644]]
TESTICULAR FEMINIZATION SYNDROME:[[]]
Resistance Syndromes Androgen:[[367], [5243], [7157], [3479], [7040], [3569], [7124], [5728], [7422], [3091], [3480], [6774], [207], [4790], [7099], [1401], [4609], [672], [1026], [5290], [7421], [3845], [2475], [2146], [3553], [1029], [4318], [7015], [9370], [23411], [7852], [999], [596], [3952], [4846], [675], [595], [5594], [29126], [351], [4193], [472], [2932], [6347], [335], [3417], [406991], [960], [8743], [3146], [3815], [355], [11315], [1432], [3958], [142], [1869], [836], [2778], [4282], [6532], [861], [183], [338], [5747], [2309], [3486], [7291], [3265], [2944], [4869], [56729], [4170], [268], [2952], [23028], [4000], [11200], [3320], [1958], [406938], [7428], [3077], [54790], [5770], [407006], [5465], [4312], [811], [2152], [6794], [3418], [1788], [10381], [7150], [2200], [406952], [1050], [2113], [84876], [406992], [2624], [10499], [5515], [3897], [5076], [3190], [93986], [2931], [406881], [8650], [7227], [8912], [9289], [11143]]
Androgen resistance syndrome:[[367], [7157], [5243], [348], [5728], [6462], [3845], [2033], [207], [6934], [7291], [1029], [5290], [4000], [2099], [9429], [2200], [79068], [811], [3479], [338], [6774], [7227], [672], [5080], [3265], [2475], [1401], [4281], [5468], [2908], [1956], [2146], [999], [675], [3569], [5894], [7040], [4193], [7422], [7128], [4851], [5159], [545], [355], [595], [1788], [1499], [5594], [1588], [472], [7124], [3480], [3576], [857], [2778], [3091], [3897], [6469], [2308], [4790], [7421], [268], [10413], [5295], [7099], [2253], [5076], [2064], [7020], [3553], [324], [5950], [5028], [841], [9370], [7015], [10062], [7428], [2100], [4609], [4318], [5743], [197], [5241], [11200], [1026], [4846], [7852], [6597], [6657], [3952], [6794], [23411], [6720], [351], [6696], [4088], [7048], [6347], [406991], [2065], [4313], [3146], [182], [3606], [54790], [2625], [335], [2950], [1586], [3958], [596], [4780], [6591], [177], [4982], [29126], [4582], [4282], [183], [6714], [4160], [836], [6532], [1462], [154], [4233], [6927], [10891], [3082], [1576], [3064], [2624], [7528], [2932], [56729], [1803], [3815], [2944], [1027], [8743], [3934], [581], [6648], [354], [861], [2736], [142], [283120], [3791], [3486], [1000], [3565], [3315], [406938], [5021], [3688], [1432], [3077], [1191], [2321], [1869], [7076], [2309], [6716], [598], [3417], [2078], [5879], [6772], [6935], [2952], [196], [54361], [8878], [3190], [2034], [406937], [1950], [5925], [5747], [28234], [9021], [2167], [6659], [3725], [2152], [3708], [6352], [133], [5566], [216], [5578], [59272], [6790], [648], [4869], [4170], [8837]]
DHTR DEFICIENCY:[[367]]
Insensitivity Syndrome Androgen:[[367], [7157], [5728], [5901], [2475], [2099], [1956], [7040], [7422], [268], [3479], [7124], [3091], [7421], [351], [6794], [2064], [2908], [5743], [4846], [6716], [3480], [1432], [5579], [8644], [79054]]
Resistance Syndrome Androgen:[[367], [7157], [5243], [348], [5728], [6462], [3845], [2033], [207], [6934], [7291], [1029], [5290], [4000], [2099], [9429], [2200], [79068], [811], [3479], [338], [6774], [7227], [672], [5080], [3265], [2475], [1401], [4281], [5468], [2908], [1956], [2146], [999], [675], [3569], [5894], [7040], [4193], [7422], [7128], [4851], [5159], [545], [355], [595], [1788], [1499], [5594], [1588], [472], [7124], [3480], [3576], [857], [2778], [3091], [3897], [6469], [2308], [4790], [7421], [268], [10413], [5295], [7099], [2253], [5076], [2064], [7020], [3553], [324], [5950], [5028], [841], [9370], [7015], [10062], [7428], [2100], [4609], [4318], [5743], [197], [5241], [11200], [1026], [4846], [7852], [6597], [6657], [3952], [6794], [23411], [6720], [351], [6696], [4088], [7048], [6347], [406991], [2065], [4313], [3146], [182], [3606], [54790], [2625], [335], [2950], [1586], [3958], [596], [4780], [6591], [177], [4982], [29126], [4582], [4282], [183], [6714], [4160], [836], [6532], [1462], [154], [4233], [6927], [10891], [3082], [1576], [3064], [2624], [7528], [2932], [56729], [1803], [3815], [2944], [1027], [8743], [3934], [581], [6648], [354], [861], [2736], [142], [283120], [3791], [3486], [1000], [3565], [3315], [406938], [5021], [3688], [1432], [3077], [1191], [2321], [1869], [7076], [2309], [6716], [598], [3417], [2078], [5879], [6772], [6935], [2952], [196], [54361], [8878], [3190], [2034], [406937], [1950], [5925], [5747], [28234], [9021], [2167], [6659], [3725], [2152], [3708], [6352], [133], [5566], [216], [5578], [59272], [6790], [648], [4869], [4170], [8837]]
Insensitivity Syndromes Androgen:[[367], [7157], [7040], [7124], [5728], [7422], [3091], [3479], [2475], [7421], [351], [4846], [3480], [268], [1432], [6794], [10499], [11143]]
Androgen-Insensitivity Syndromes:[[367], [268], [10499], [11143]]
DIHYDROTESTOSTERONE RECEPTOR DEFICIENCY:[[367], [1956], [2099], [3949], [7157], [3569], [7124], [23411], [3091], [1588], [4790], [1646], [1026], [22943], [596], [6716], [5743], [1576], [4323], [6462], [8644], [5052], [6715], [1491]]
Androgen-Insensitivity Syndrome:[[367], [268], [6716], [8644]]
