Unstable Angina Pectoris:[[1401], [3569], [7422], [4318], [7099], [6347], [3458], [5444], [7450], [5806], [1471], [4353], [6352], [2212], [26291], [285], [7137], [6376], [6275], [3673], [1524], [6348], [10563], [1118], [2520], [406904], [494335]]
Preinfarction Anginas:[[]]
Intermediate coronary syndrome:[[348], [4023], [338], [7157], [3990], [114548], [19], [4000], [673], [335], [1401], [345], [255738], [3123], [367], [54658], [7422], [207], [7490], [3784], [2153], [4018], [4436], [2263], [4524], [775], [79068], [217], [4851], [6934], [1586], [356], [23405], [4089], [3931], [3107], [1785], [1906], [7124], [5594], [7040], [472], [3569], [675], [3553], [3586], [5460], [3075], [50943], [3576], [627], [7099], [1493], [2335], [1956], [1636], [4846], [652], [4318], [2321], [5243], [718], [1557], [351], [1588], [324], [3479], [3146], [4790], [7421], [7941], [2697], [7276], [5743], [857], [4548], [4313], [3091], [5054], [2067], [5444], [6347], [6532], [2944], [7097], [7450], [1312], [3383], [3084], [6794], [2147], [3630], [4598], [875], [3162], [3958], [185], [4323], [6720], [2100], [929], [4982], [841], [2952], [2908], [182], [5578], [2152], [3077], [3039], [5580], [2624], [3690], [406947], [149233], [10631], [3119], [5175], [5806], [4153], [6647], [59], [2950], [3791], [7139], [836], [4609], [1234], [2064], [3875], [6662], [285], [7515], [596], [1559], [213], [7137], [29126], [4287], [1565], [3552], [4582], [3815], [920], [6285], [59272], [3559], [5052], [3627], [2157], [5595], [3667], [567], [7098], [4210], [3856], [4552], [1535], [3688], [581], [1432], [5997], [729230], [3043], [2056], [9365], [2170], [4842], [354], [4968], [9429], [1585], [5624], [6279], [58191], [350], [3596], [3689], [1113], [6441], [4317], [3290], [940], [22943], [135], [1869], [6093], [2214], [5443], [79001], [3574], [7316], [5167], [8701], [150], [2162], [4925], [7189], [8678], [4684]]
Unstable angina:[[1401], [7124], [3569], [7422], [4318], [4846], [7099], [5468], [3952], [3458], [5444], [6347], [4879], [3146], [3606], [7450], [183], [142], [3690], [4312], [185], [929], [19], [1071], [1471], [4353], [4314], [6352], [959], [5806], [2212], [285], [3689], [7137], [5069], [7941], [6275], [26291], [3673], [6376], [1524], [406992], [4317], [6348], [1356], [10563], [574501], [1118], [5368], [2520], [406904], [494335], [407020]]
Worsening angina:[[1401], [4318], [7124], [3569], [9370], [4846], [1636], [3586], [627], [6347], [4879], [5468], [3952], [1557], [4313], [3934], [335], [1906], [929], [1471], [10135], [9173], [150]]
Impending infarction:[[348], [3934], [5617]]
Unstable Angina Pectori:[[1401], [7124], [3569], [7422], [4318], [4846], [7099], [5468], [3952], [3458], [5444], [6347], [4879], [3146], [3606], [7450], [183], [142], [3690], [4312], [185], [929], [19], [1071], [1471], [4353], [4314], [6352], [959], [5806], [2212], [285], [3689], [7137], [5069], [7941], [6275], [26291], [3673], [6376], [1524], [406992], [4317], [6348], [1356], [10563], [574501], [1118], [5368], [2520], [406904], [494335], [407020]]
Preinfarction Angina:[[]]
Crescendo angina:[[1401], [4318], [7124], [3569], [9370], [7422], [4846], [7099], [1636], [3091], [3586], [627], [6347], [3479], [5468], [3952], [1557], [3458], [4313], [4879], [3383], [5054], [5444], [3605], [154], [3146], [7450], [3162], [3606], [217], [335], [183], [142], [3690], [1906], [6648], [4312], [4353], [3934], [185], [4018], [3039], [929], [19], [959], [1071], [1471], [5806], [4314], [56729], [6352], [255738], [7139], [10135], [90865], [11093], [2896], [5328], [7412], [7941], [2212], [947], [4049], [26291], [285], [3689], [7137], [5069], [345], [6275], [5175], [2167], [3673], [6376], [8862], [6288], [1524], [406992], [5320], [1361], [9173], [1612], [55600], [4317], [6348], [150], [1356], [624], [919], [58191], [10563], [11082], [4522], [574501], [1118], [7292], [29851], [8529], [5368], [6781], [2520], [406904], [134], [1215], [9507], [9510], [6761], [152], [494335], [5333], [114899], [3764], [4795], [407020], [9509], [9508], [140766]]
Angina at Rest:[[7139]]
Unstable Angina:[[1401], [7124], [3569], [7422], [4318], [4846], [7099], [5468], [3952], [3458], [5444], [6347], [4879], [3146], [3606], [7450], [183], [142], [3690], [4312], [185], [929], [19], [1071], [1471], [4353], [4314], [6352], [959], [5806], [2212], [285], [3689], [7137], [5069], [7941], [6275], [26291], [3673], [6376], [1524], [406992], [4317], [6348], [1356], [10563], [574501], [1118], [5368], [2520], [406904], [494335], [407020]]
Unstable Anginas:[[]]
