Congenital absence of iris:[[7124], [7157], [3091], [3569], [1545], [673], [1401], [3458], [4846], [5080], [51738], [2321], [5308], [2296], [2776], [59]]
Irideraemia:[[]]
ANIRIDIA:[[5080], [7490], [675], [100528024], [1545], [3481], [283120], [54765], [2719], [2296], [5308], [7299], [26610], [7101], [2239], [2301], [11107], [105941491], [338645]]
Absence of iris:[[672], [7157], [7124], [3091], [3569], [348], [673], [5728], [1401], [5950], [3458], [4846], [3576], [595], [10371], [51738], [5080], [2321], [1545], [6678], [2776], [5308], [5742], [59], [2296], [8925], [2767]]
Absent iris:[[672], [7157], [673], [3091], [7124], [3569], [348], [5728], [1401], [3576], [51738], [1545], [5080], [6678], [5308], [2296], [4990], [89781]]
Absent Iris:[[672], [7157], [673], [3091], [7124], [3569], [348], [5728], [1401], [3576], [51738], [1545], [5080], [6678], [5308], [2296], [4990], [89781]]
Congenital aniridia:[[5080], [7490], [1545], [3481], [2296], [5308], [2301], [7299]]
Aniridia:[[5080], [7490], [675], [100528024], [1545], [3481], [283120], [54765], [2719], [2296], [5308], [7299], [26610], [7101], [2239], [2301], [11107], [105941491], [338645]]
Congenital Aniridia:[[5080], [7490], [1545], [3481], [2296], [5308], [2301], [7299]]
Aplasia of iris:[[]]
Irideremia:[[]]
Agenesis of iris:[[7124], [5080]]
