Agenesis of eye:[[7124], [4040], [83999], [2099], [5080], [5979], [7490], [652], [6469], [2263], [2737], [55636], [57167], [2255], [5015], [7050], [4081], [60529], [257]]
Anophthalmias:[[]]
Anophthalmos:[[289], [10084], [30062]]
Clinical anophthalmia:[[6657], [652], [5080], [8517], [5308], [5015], [5076], [5950], [1602], [4810], [5915], [1282], [8820], [30062], [6497], [220], [64220], [338917]]
Clinical anophthalmia unilateral/bilateral:[[]]
Congenital absence of eyes:[[7422], [7124], [7040], [2255], [2697], [4790], [2706], [7099], [5243], [5743], [2950], [338], [3934], [4653], [10159], [2152], [24], [2056], [2138], [285], [7133], [7042], [9839], [4853], [7299], [771]]
Agenesis of eyes:[[7124], [7043], [2255]]
Clinical anophthalmos unspecified:[[]]
Anophthalmos NOS:[[]]
Aplasia of eye:[[5979], [6469], [2592], [2255], [8820], [169792], [3975]]
Congenital absence of eye:[[2324], [7422], [857], [7124], [5979], [4157], [1956], [7157], [10381], [7299], [3091], [1545], [3569], [351], [4524], [673], [7253], [1636], [2255], [5080], [2064], [2099], [3265], [3553], [4137], [627], [3458], [2200], [3479], [4609], [9370], [5243], [182], [778], [4763], [7428], [6469], [23746], [652], [1406], [7490], [1280], [3107], [2296], [3958], [5087], [10159], [775], [7026], [7474], [3481], [4653], [24], [4288], [3486], [7048], [2625], [7042], [7431], [1950], [1490], [5460], [6662], [2056], [5308], [406937], [5076], [285], [659], [773], [7068], [3570], [5309], [6654], [2303], [4647], [1282], [2592], [3299], [2138], [1826], [406960], [157680], [8854], [8820], [3982], [3975], [80144], [100188856]]
Anophthalmia:[[6657], [5080], [652], [8517], [5015], [7020], [4080], [5308], [5076], [1602], [5309], [5950], [64840], [4810], [8820], [6496], [4990], [5915], [1282], [30062], [1413], [6497], [8209], [11023], [220], [64220], [338917], [392255], [64093], [9355], [23360]]
Clinical anophthalmos:[[30062]]
Anophthalmia clinical:[[6657], [652], [5080], [8517], [5308], [5015], [5076], [5950], [1602], [4810], [5915], [1282], [8820], [30062], [6497], [220], [64220], [338917]]
