Black Lung Disease:[[7124], [1080], [1956], [7040], [4318], [3569], [1401], [3123], [1636], [7421], [4879], [3106], [186], [5444], [4153], [177], [3082], [4316], [3659], [29851]]
Coal pneumoconiosis:[[7124], [3569], [2064], [5743], [355], [3146], [6696], [841], [4153], [4314], [114548], [356], [4089], [7132], [3308], [283120], [4316], [6678], [1535], [308], [653509], [727897], [9474], [406941], [9140], [83734], [92345]]
Miner's Lungs Coal:[[7124], [7157], [1956], [7422], [3569], [3845], [5743], [6696], [3146], [5970], [4153], [356], [653509], [1535], [727897]]
Anthracoses:[[]]
Coal workers' lung:[[7124], [841], [3569], [5743], [3146], [4314], [114548], [6678], [283120], [727897], [1535], [406941], [9474], [9140], [83734], [92345]]
Coal Miners Lung:[[2064], [7124], [7422], [3569], [2944], [3383], [142], [3315], [4968], [3308], [653509], [7518], [308], [84864]]
Coal Miner Lung:[[]]
Coal miners' pneumoconiosis:[[7124], [3569], [2064], [5743], [355], [3146], [6696], [841], [4153], [4314], [114548], [356], [4089], [7132], [3308], [283120], [4316], [6678], [1535], [308], [653509], [727897], [9474], [406941], [9140], [83734], [92345]]
Anthracosis:[[]]
Pneumoconiosis Coal Worker:[[355], [841]]
Miners' lung:[[3576], [7015], [8626], [3082], [378938], [6441], [10630], [1956], [100133941], [1138], [23705], [10399], [1136], [3845], [10365], [356], [2064], [9961], [7917], [673], [6662], [1401], [1143], [51297], [55937], [226], [1080], [81037], [2263], [22974], [23136], [1452], [6469], [5290], [675], [84525], [7157], [5685], [5925], [9043], [177], [7124], [7422], [4088], [3373], [652], [1116], [4610], [2068], [1277], [5071], [841], [219541], [9940], [8692], [3569], [9798], [3119], [348], [7040], [11200], [4524], [27159], [23405], [83716], [100505994], [3091], [3586], [1636], [2099], [672], [55355], [92747], [6774], [5243], [627], [207], [4790], [7421], [4318], [3553], [9370], [5594], [5728], [5743], [1499], [1548], [7099], [2255], [1029], [1312], [10413], [123688], [4035], [5468], [1000], [4851], [51741], [4609], [10480], [999], [3146], [5581], [2475], [9670], [3479], [29126], [596], [2944], [3458], [64852], [3593], [5915], [4193], [3717], [3952], [8372], [10417], [4313], [7852], [3675], [4846], [595], [6347], [4780], [1026], [5595], [10296], [5334], [55687], [22950], [7097], [2950], [5054], [10180], [23411], [960], [4153], [1493], [3106], [4233], [3605], [472], [332], [6387], [2952], [57720], [3596], [406991], [3815], [2033], [2908], [7515], [3659], [6098], [3162], [5970], [2247], [5444], [3383], [2146], [367], [9759], [355], [50943], [3606], [27122], [400619], [2186], [3135], [2690], [2932], [1432], [7080], [79850], [154], [6696], [3480], [2100], [142], [6714], [7042], [9699], [857], [3688], [79697], [7472], [3690], [4292], [3565], [4879], [836], [4582], [1906], [6648], [5979], [27178], [6667], [9429], [5879]]
Lung melanosis:[[6469], [1906], [5599], [1576], [4893], [3491], [1551], [5706], [23566], [2787]]
Coalworker's pneumoconiosis:[[4193], [7124], [7040], [3569], [2064], [4846], [3123], [5743], [355], [6647], [3146], [3119], [6696], [4153], [4314], [5265], [2335], [841], [114548], [3912], [356], [4089], [7132], [11052], [3308], [283120], [4316], [847], [6678], [1272], [1535], [1368], [308], [653509], [406881], [727897], [9474], [406941], [29951], [9140], [406883], [406882], [83734], [92345]]
Colliers' anthracosis:[[]]
Lung Black:[[3082], [1956], [3845], [1401], [1080], [7124], [2263], [675], [7157], [177], [5334], [3119], [5071], [7040], [4524], [3569], [1636], [7421], [672], [3091], [4318], [3479], [9370], [5468], [1312], [4846], [3952], [4313], [1806], [4193], [5915], [4879], [3106], [1906], [367], [5444], [1493], [4153], [3123], [2908], [3659], [50943], [3565], [7039], [10], [186], [2697], [3486], [4843], [3105], [1234], [1544], [7048], [6532], [5241], [2321], [5329], [183], [3990], [4436], [1131], [3169], [959], [1565], [2532], [1557], [3077], [2706], [1813], [3075], [3953], [896], [54658], [7046], [5894], [4316], [79068], [120892], [1559], [3107], [5697], [1826], [3630], [3039], [3949], [23435], [26191], [2157], [185], [255738], [79001], [5950], [5465], [1577], [4322], [1586], [1910], [4018], [7443], [2057], [8542], [57817], [6319], [23362], [2784], [2643], [2638], [125], [940], [7018], [1555], [2244], [252969], [4653], [5972], [57498], [29851], [9], [6925], [1289], [1356], [3554], [4016], [10663], [4802], [2623], [156], [118], [5311], [624], [7296], [23457], [3156], [3516], [5980], [1291], [9002], [5609], [55277], [2869], [2220], [1497], [2189], [63928], [25816], [6314], [5652], [51187], [574448], [10645], [5534], [10758], [80820], [57605], [4795], [874], [9560], [79676], [22859], [9912], [57333], [54676]]
Colliers' lung:[[3576], [7015], [8626], [3082], [378938], [6441], [10630], [1956], [100133941], [1138], [23705], [10399], [1136], [3845], [10365], [356], [2064], [9961], [7917], [673], [6662], [1401], [1143], [51297], [55937], [226], [1080], [81037], [2263], [22974], [23136], [1452], [6469], [5290], [675], [84525], [7157], [5685], [5925], [9043], [177], [7124], [7422], [4088], [3373], [652], [1116], [4610], [2068], [1277], [5071], [841], [219541], [9940], [8692], [3569], [9798], [3119], [348], [7040], [11200], [4524], [27159], [23405], [83716], [100505994], [3091], [3586], [1636], [2099], [672], [55355], [92747], [6774], [5243], [627], [207], [4790], [7421], [4318], [3553], [9370], [5594], [5728], [5743], [1499], [1548], [7099], [2255], [1029], [1312], [10413], [123688], [4035], [5468], [1000], [4851], [51741], [4609], [10480], [999], [3146], [5581], [2475], [9670], [3479], [29126], [596], [2944], [3458], [64852], [3593], [5915], [4193], [3717], [3952], [8372], [10417], [4313], [7852], [3675], [4846], [595], [6347], [4780], [1026], [5595], [10296], [5334], [55687], [22950], [7097], [2950], [5054], [10180], [23411], [960], [4153], [1493], [3106], [4233], [3605], [472], [332], [6387], [2952], [57720], [3596], [406991], [3815], [2033], [2908], [7515], [3659], [6098], [3162], [5970], [2247], [5444], [3383], [2146], [367], [9759], [355], [50943], [3606], [27122], [400619], [2186], [3135], [2690], [2932], [1432], [7080], [79850], [154], [6696], [3480], [2100], [142], [6714], [7042], [9699], [857], [3688], [79697], [7472], [3690], [4292], [3565], [4879], [836], [4582], [1906], [6648], [5979], [27178], [6667], [9429], [5879]]
Coal worker's lung:[[356], [7124], [4153], [355], [3308], [7132], [308]]
Pneumoconiosis Coalworker's:[[4193], [7124], [7040], [3569], [2064], [4846], [3123], [5743], [355], [6647], [3146], [3119], [6696], [4153], [4314], [5265], [2335], [841], [114548], [3912], [356], [4089], [7132], [11052], [3308], [283120], [4316], [847], [6678], [1272], [1535], [1368], [308], [653509], [406881], [727897], [9474], [406941], [29951], [9140], [406883], [406882], [83734], [92345]]
Lungs Black:[[84432], [7124], [1956], [7040], [7157], [3123], [3569], [4318], [1636], [672], [3091], [4846], [1080], [3479], [5468], [3845], [4879], [4313], [4193], [3105], [1234], [177], [2908], [50943], [3039], [4153], [3082], [2157], [7048], [7046], [4322], [2623], [5915], [186], [1291], [10663]]
Pneumoconioses Coalworker's:[[]]
Coal miners' lung:[[1956], [3845], [356], [2064], [7124], [7157], [7422], [841], [3569], [4524], [5743], [2944], [3146], [4153], [355], [2952], [5970], [3383], [1432], [6696], [142], [836], [3315], [4968], [4089], [4314], [114548], [6678], [1545], [283120], [4316], [3308], [653509], [7132], [2052], [3303], [727897], [9232], [1535], [406941], [7518], [308], [9474], [9126], [84864], [9700], [9140], [83734], [92345]]
Black lung disease:[[7124], [1080], [1956], [7040], [4318], [3569], [1401], [3123], [1636], [7421], [4879], [3106], [186], [5444], [4153], [177], [3082], [4316], [3659], [29851]]
Melanoedema:[[]]
Coalworker's lung:[[3576], [7015], [8626], [3082], [378938], [6441], [10630], [1956], [100133941], [1138], [23705], [10399], [1136], [3845], [10365], [356], [2064], [9961], [7917], [673], [6662], [1401], [1143], [51297], [55937], [226], [1080], [81037], [2263], [22974], [23136], [1452], [6469], [5290], [675], [84525], [7157], [5685], [5925], [9043], [177], [7124], [7422], [4088], [3373], [652], [1116], [4610], [2068], [1277], [5071], [841], [219541], [9940], [8692], [3569], [9798], [3119], [348], [7040], [11200], [4524], [27159], [23405], [83716], [100505994], [3091], [3586], [1636], [2099], [672], [55355], [92747], [6774], [5243], [627], [207], [4790], [7421], [4318], [3553], [9370], [5594], [5728], [5743], [1499], [1548], [7099], [2255], [1029], [1312], [10413], [123688], [4035], [5468], [1000], [4851], [51741], [4609], [10480], [999], [3146], [5581], [2475], [9670], [3479], [29126], [596], [2944], [3458], [64852], [3593], [5915], [4193], [3717], [3952], [8372], [10417], [4313], [7852], [3675], [4846], [595], [6347], [4780], [1026], [5595], [10296], [5334], [55687], [22950], [7097], [2950], [5054], [10180], [23411], [960], [4153], [1493], [3106], [4233], [3605], [472], [332], [6387], [2952], [57720], [3596], [406991], [3815], [2033], [2908], [7515], [3659], [6098], [3162], [5970], [2247], [5444], [3383], [2146], [367], [9759], [355], [50943], [3606], [27122], [400619], [2186], [3135], [2690], [2932], [1432], [7080], [79850], [154], [6696], [3480], [2100], [142], [6714], [7042], [9699], [857], [3688], [79697], [7472], [3690], [4292], [3565], [4879], [836], [4582], [1906], [6648], [5979], [27178], [6667], [9429], [5879]]
Pneumoconiosis Coal Workers:[[7124], [3569], [5743], [3146], [6696], [4314], [841], [114548], [7132], [3308], [283120], [4316], [6678], [1535], [653509], [727897], [9474], [406941], [9140], [83734], [92345]]
Black Lung Diseases:[[3569], [4318], [9370], [5468], [5444], [1234], [5465], [4316], [1910]]
Pneumoconioses Coal Worker's:[[7124], [355], [4153], [7132], [356], [3308], [308]]
Melanedema:[[]]
Pneumoconiosis Coal Worker's:[[7124], [355], [4153], [356], [7132], [3308], [308]]
Miner's Lung Coal:[[1956], [3845], [356], [2064], [7124], [7157], [7422], [841], [3569], [4524], [5743], [2944], [3146], [4153], [355], [2952], [5970], [3383], [1432], [6696], [142], [836], [3315], [4968], [4089], [4314], [114548], [6678], [1545], [283120], [4316], [3308], [653509], [7132], [2052], [3303], [727897], [9232], [1535], [406941], [7518], [308], [9474], [9126], [84864], [9700], [9140], [83734], [92345]]
Coalworkers Pneumoconiosis:[[4193], [7124], [7040], [3569], [2064], [4846], [3123], [5743], [355], [6647], [3146], [3119], [6696], [4153], [4314], [5265], [2335], [841], [114548], [3912], [356], [4089], [7132], [11052], [3308], [283120], [4316], [847], [6678], [1272], [1535], [1368], [308], [653509], [406881], [727897], [9474], [406941], [29951], [9140], [406883], [406882], [83734], [92345]]
Pneumomelanosis:[[]]
Coal workers' pneumoconiosis:[[7124], [3569], [5743], [3146], [841], [4314], [114548], [283120], [6678], [1535], [727897], [9474], [406941], [9140], [83734], [92345]]
Coalworker Pneumoconiosis:[[4193], [7124], [7040], [3569], [2064], [4846], [3123], [5743], [355], [6647], [3146], [3119], [6696], [4153], [4314], [5265], [2335], [841], [114548], [3912], [356], [4089], [7132], [11052], [3308], [283120], [4316], [847], [6678], [1272], [1535], [1368], [308], [653509], [406881], [727897], [9474], [406941], [29951], [9140], [406883], [406882], [83734], [92345]]
Miners' asthma:[[3596], [90865], [387129], [85480], [3119], [9173], [7124], [10111], [1116], [4088], [94103], [8809], [154], [55876], [3135], [7422], [3569], [7040], [6095], [2312], [3122], [3586], [1636], [4318], [6774], [9370], [627], [3123], [3117], [7421], [284110], [3553], [3570], [7099], [240], [3576], [2638], [1401], [3115], [3952], [4524], [2944], [3458], [1080], [1956], [56244], [3559], [1017], [348], [5054], [6347], [3567], [3605], [30009], [5468], [2952], [5743], [3659], [7097], [2950], [1493], [6285], [3146], [2908], [7148], [50943], [6356], [3606], [4613], [6662], [3565], [2099], [3091], [3383], [4846], [999], [1234], [7941], [2066], [5728], [3554], [4790], [4780], [4313], [6532], [929], [6696], [1499], [5144], [5243], [3133], [4153], [5581], [6352], [5744], [5444], [3627], [134430], [1312], [7096], [596], [6647], [2624], [2615], [64127], [3106], [406938], [29126], [177], [5329], [406991], [920], [3162], [6584], [7852], [3557], [3690], [595], [3593], [6648], [3717], [114548], [54106], [57506], [103611079], [100415896], [100188840], [100188823], [100188801], [169026], [4312], [5729], [142], [1557], [1012], [23411], [5594], [3953], [4851], [6387], [4855], [1906], [3113], [335], [332], [3815], [5588], [10631], [857], [2147], [960], [4582], [3558], [2625], [7515], [55636], [3934], [3566], [3791], [4843], [3688], [5133], [5732], [406947], [7094], [10], [5592], [5660], [3958], [5029], [1490], [51738], [581], [5563], [836], [6778], [5265], [1543], [847], [3592], [1728], [2549], [6583], [718], [387], [5879], [4049], [5595], [2332], [65217], [8743], [2152], [56729], [2247], [820], [3552], [3075], [4986], [1576], [196]]
CWP - Coalworkers pneumoconiosis:[[7124], [114548], [1535], [653509]]
