Aortic valve stenosis:[[7422], [348], [7124], [3569], [4524], [3952], [335], [177], [4018], [79068], [338], [255738], [5329], [59272], [90865], [1268], [3570], [197], [7941], [5741], [51284], [240], [249], [8862], [4552], [9173], [1269], [3992], [1520], [633], [4880], [10159], [187], [8639], [2192], [4142], [89796]]
Stenosed aortic valve:[[2335]]
AORTIC VALVE STENOSIS:[[7422], [348], [7124], [3569], [4524], [3952], [335], [177], [4018], [79068], [338], [255738], [5329], [59272], [90865], [1268], [3570], [197], [7941], [5741], [51284], [240], [249], [8862], [4552], [9173], [1269], [3992], [1520], [633], [4880], [10159], [187], [8639], [2192], [4142], [89796]]
Stenosis Aortic:[[4018], [2006], [4851], [335], [7422], [3569], [7040], [4318], [1401], [7124], [348], [9370], [1636], [4879], [4846], [3949], [4524], [7099], [6696], [4313], [7450], [207], [4035], [3586], [3091], [3958], [5594], [4982], [5444], [5743], [1906], [338], [650], [406991], [3952], [177], [7097], [3383], [1482], [7421], [3934], [7076], [7852], [2147], [4314], [6387], [185], [8074], [5054], [22943], [8600], [7941], [10135], [4312], [56729], [3606], [255738], [1432], [59272], [142], [6772], [1490], [79068], [5806], [3557], [406937], [8862], [4353], [6352], [4023], [217], [5741], [90865], [1191], [7412], [182], [7139], [6469], [5329], [3570], [11093], [8878], [729230], [6280], [197], [1116], [6401], [1268], [285], [6403], [7078], [3559], [1535], [50507], [2162], [5155], [4256], [4878], [94025], [7273], [240], [551], [9173], [407021], [949], [5175], [1113], [51284], [3485], [249], [284], [4552], [655], [1361], [186], [4607], [3992], [1269], [6404], [1520], [633], [4321], [2026], [5445], [5184], [11197], [407024], [3816], [6915], [9536], [4868], [406903], [9415], [6366], [4240], [9507], [30008], [407048], [4319], [11096], [10159], [1215], [4880], [8639], [7058], [2192], [6761], [187], [494327], [23452], [3902], [9097], [7138], [4142], [79924], [407049], [407025], [3720], [9464], [4814], [89796]]
Stenosis of aortic valve:[[4851], [4018], [335], [7040], [7422], [348], [3569], [1401], [2006], [4318], [7124], [4879], [1636], [4846], [4524], [6696], [7099], [207], [4313], [1482], [7450], [650], [4982], [3952], [3958], [177], [7097], [3383], [2147], [338], [5594], [1906], [3606], [142], [79068], [255738], [8600], [8074], [7941], [22943], [10135], [59272], [7076], [5329], [90865], [11093], [1268], [3570], [182], [197], [8862], [5741], [4878], [729230], [94025], [240], [9173], [51284], [7078], [249], [4552], [4256], [3485], [1269], [3992], [1520], [4321], [633], [4880], [407048], [11096], [10159], [187], [8639], [2192], [6761], [4319], [4142], [407049], [89796]]
Stenosis of aorta:[[335], [7422], [348], [4018], [4318], [3569], [1401], [2006], [7040], [1636], [4879], [5444], [3952], [4313], [4851], [5743], [4982], [406991], [4314], [4312], [406937], [255738], [4353], [8074], [10135], [1490], [6285], [4035], [5329], [1116], [182], [7412], [5155], [5741], [1535], [50507], [949], [407024], [4878], [655], [4321], [30008], [8639], [2192]]
Valve Stenoses Aortic:[[7040], [2006], [4879], [7099], [4524], [142], [1471]]
Valve Stenosis Aortic:[[4851], [4018], [2006], [7040], [7422], [3569], [335], [4846], [4879], [4318], [1401], [7124], [1636], [348], [6696], [650], [207], [4313], [4524], [7099], [7450], [3958], [4982], [3586], [3091], [177], [5594], [1906], [5743], [7097], [338], [1482], [3952], [3383], [3934], [7421], [7076], [7852], [2147], [4314], [182], [8600], [22943], [185], [8074], [7941], [3606], [255738], [10135], [4312], [59272], [142], [8862], [79068], [5741], [4878], [3570], [90865], [7139], [197], [5329], [11093], [729230], [1268], [6403], [7078], [4256], [9173], [94025], [240], [51284], [3485], [249], [633], [4552], [3992], [1269], [6404], [1520], [4321], [11096], [407048], [4319], [10159], [4880], [8639], [2192], [6761], [187], [4142], [407049], [89796]]
Stenoses Aortic:[[7040], [2006], [3949], [4524], [7099], [4879], [5444], [5054], [2153], [142], [1471], [4353], [7098]]
Valvular aortic stenosis:[[4018], [7040], [4879], [1401], [207], [7450], [6387], [4982], [8600], [56729], [240]]
Aortic stenosis:[[2006], [4018], [4879], [7040], [1401], [1636], [4318], [207], [5444], [3958], [7450], [406991], [6696], [2147], [4851], [6387], [335], [4982], [338], [1906], [3557], [650], [8600], [56729], [22943], [10135], [59272], [7076], [1116], [7139], [6403], [7941], [551], [5741], [2162], [94025], [7273], [50507], [240], [8862], [655], [4607], [3485], [186], [6404], [3992], [407024], [4868], [11197], [406903], [9415], [6366], [1215], [494327], [7058], [6761], [4319], [9097], [7138], [407025], [3720], [4814]]
