AI - Aortic incompetence:[[]]
Aortic valve insufficiency:[[776]]
Aortic valve incompetence:[[]]
Aortic valve regurgitation:[[4879], [7450], [4878], [9173], [51196], [4208], [407048], [4012], [5476], [4142], [5534], [5532], [8536]]
Incompetence Aortic Valve:[[7124], [3569], [4879], [59272]]
Incompetence Aortic:[[7124], [3569], [4879], [59272]]
Aortic incompetence:[[]]
Regurgitation Aortic Valve:[[4879], [7450], [4878], [9173], [51196], [4208], [407048], [4012], [5476], [4142], [5534], [5532], [8536]]
AR - Aortic regurgitation:[[3106], [5444]]
Insufficiency Aortic Valve:[[7040], [7422], [7124], [4846], [3569], [4524], [4879], [1636], [4318], [1401], [7099], [3952], [4313], [177], [3383], [3958], [4982], [142], [1906], [79068], [8074], [8600], [10135], [2625], [652], [7076], [2200], [2626], [100124700], [659], [9173], [4256], [4321], [11096], [776]]
Aortic regurgitation:[[4879], [3106], [5444], [7450], [4153], [7273], [10747]]
Regurgitation Aortic:[[4879], [7450], [5444], [3106], [1490], [51738], [4153], [4878], [7273], [2316], [1536], [9173], [51196], [10911], [4208], [407048], [10747], [4012], [5476], [4142], [5534], [5532], [8536]]
Aortic insufficiency:[[2200], [7040], [7422], [7124], [7157], [3569], [4846], [4318], [9370], [1636], [4524], [1401], [7099], [4879], [3586], [4313], [3091], [2638], [3952], [3958], [406991], [5728], [4982], [1906], [177], [3123], [1234], [7421], [23411], [3383], [5054], [5444], [3479], [7076], [8074], [3717], [114548], [185], [3605], [6647], [4314], [8600], [10135], [142], [1471], [1277], [2100], [4153], [5265], [79068], [1717], [1803], [5071], [217], [2321], [6352], [7412], [2625], [652], [7139], [2309], [6280], [7077], [100124700], [3559], [57817], [2162], [2626], [567], [659], [551], [7273], [3484], [26291], [949], [9173], [4256], [4322], [5972], [186], [5196], [4321], [231], [653361], [55908], [9507], [11096], [776], [7138], [53905]]
