Logagnosia:[[]]
Logasthenia:[[]]
Loss of power of expression or comprehension:[[348], [9370], [1636], [7157], [7124], [7422], [3479], [7040], [351], [3569], [335], [1956], [207], [1234], [338], [4982], [3586], [3845], [4846], [3576], [1401], [367], [2064], [4318], [627], [999], [2475], [6622], [1499], [4627], [5468], [6532], [5243], [3952], [7852], [4313], [595], [3123], [116519], [2932], [4292], [3480], [4255], [154], [650], [4879], [114548], [6331], [6648], [3065], [581], [6531], [3958], [1490], [7515], [183], [5621], [1191], [4582], [1950], [3075], [4297], [56729], [3486], [2078], [4288], [5465], [2034], [1268], [7076], [7351], [213], [328], [217], [3172], [268], [2157], [4314], [567], [10], [2876], [1385], [6390], [3667], [60489], [3559], [2660], [5159], [3767], [407018], [89], [4792], [7415], [57379], [174], [252995], [1437], [94025], [1813], [7345], [1654], [186], [2670], [1435], [4973], [2597], [1361], [8202], [1048], [494324], [4583], [6566], [1672], [406928], [7001], [56606], [6272], [5524], [374], [100], [4155], [5578], [9966], [563], [51196], [8771], [6285], [1848], [7430], [2993], [3625], [87], [65018], [3977], [5898], [5650], [6899], [5358], [5577], [22900], [2488], [8291], [6613], [189], [255239], [6712], [6492], [145226], [23209], [3746], [822]]
Logamnesia:[[]]
Alogia:[[]]
Anepias:[[]]
Logasthenias:[[]]
Aphasia:[[348], [4137], [351], [627], [2896], [5621], [5663], [23435], [5265], [203228], [2903], [3897], [10133], [4747], [341], [93986], [10452], [2909]]
Word Deafness:[[]]
Aphasic disturbance:[[348], [351]]
Logagnosias:[[]]
Alogias:[[]]
Logamnesias:[[]]
Anepia:[[]]
