Myodystrophia foetalis deformans:[[]]
Guerin-Stern syndrome:[[]]
Myophagism congenita:[[1736], [7015], [1280], [26277], [7012], [6329], [3872], [1861], [261], [55651], [1028], [100188785], [4780], [5426], [3853], [3868], [6331], [51750], [65057], [5073], [23345], [1756], [190], [1994], [1180], [55806], [2312], [55135], [7273], [2516], [3691], [6335], [7184], [2660], [3854], [55505], [3981], [51371], [112476], [55681], [9790], [57222], [79977], [4102], [7280], [51119], [4100], [4987], [23770], [163175], [4103], [139285], [112], [8323], [10054], [79650], [57211], [11141], [4110], [80169], [4604], [2710], [7140], [9427], [4101], [8506], [4105], [134218], [55906], [4108], [343637], [4109], [286887], [84340], [266740], [4107], [4104], [83902]]
Multiplex Congenitas Arthrogryposis:[[261], [1861], [23345], [55681], [57222], [163175], [7273], [4604], [9427], [7140], [477], [7280], [4703], [112], [57211], [1146], [8506], [55906], [84340]]
Amyoplasia congenita:[[]]
Arthrogryposis multiplex congenita:[[261], [1861], [23345], [55681], [57222], [163175], [7273], [4604], [9427], [7140], [7280], [112], [57211], [8506], [55906], [84340]]
Arthrogryposis:[[63895], [1861], [261], [619510], [100188695], [7169], [5530], [23345], [4621], [5297], [26276], [7136], [7273], [4604], [3897], [2733], [9427], [91754], [7140], [7043], [55681], [477], [63894], [23443], [57222], [1778], [55627], [7280], [4703], [163175], [29895], [112], [259232], [57211], [23299], [6572], [1146], [54551], [745], [80347], [4626], [8506], [55906], [55083], [4606], [84340], [57611]]
Classic arthrogryposis:[[7273]]
Guérin Stern Syndrome:[[]]
Fibrous Ankylosis of Multiple Joints:[[]]
Arthrogryposes:[[]]
Multiple Arthrogryposes Congenital:[[5979], [3106], [2324], [1589], [4609], [2131], [3119], [2099], [8777], [3117], [3593], [4137], [5290], [26580], [2132], [1144], [7157], [101154642], [1080], [1134], [8626], [857], [2261], [217], [3479], [4790], [627], [1401], [6928], [5468], [2778], [596], [10], [4094], [2697], [22861], [11200], [7422], [3458], [7026], [55750], [4524], [2212], [58], [3717], [5054], [4038], [10381], [7040], [54539], [5314], [2244], [7849], [4625], [7124], [2243], [7010], [4000], [177], [1956], [5631], [11093], [2147], [1636], [4893], [1545], [3569], [91869], [1349], [2153], [1410], [6576], [2122], [59], [3845], [7369], [3107], [3265], [4810], [338], [1180], [3091], [367], [673], [84466], [7253], [3784], [2290], [3908], [1146], [7412], [5460], [3767], [2064], [3953], [6261], [4487], [3570], [207], [351], [6927], [3553], [7067], [213], [9370], [7099], [2626], [5243], [9215], [7421], [1991], [4879], [5743], [9469], [3952], [25], [1499], [2944], [2056], [8701], [64802], [23118], [26154], [3172], [429], [4851], [1634], [1280], [999], [6335], [2706], [4018], [6403], [1969], [4313], [332], [2113], [10019], [2950], [3735], [5236], [51422], [5277], [1482], [182], [2645], [2065], [2530], [406991], [4846], [604], [4803], [3135], [190], [2627], [2908], [7097], [5781], [3383], [51284], [2784], [7037], [345], [8929], [1026], [59341], [1906], [3162], [7051], [55906], [60482], [2952], [5080], [7450], [140628], [51738], [6331], [7170], [2161], [5443], [4359], [2776], [55858], [55636], [3688], [2247], [3757], [3938], [7454], [2668], [1650], [5376], [6469], [3675], [51176], [59344], [57211], [3627], [23418], [23746]]
Congenital Arthromyodysplasia:[[]]
Syndrome Rossi:[[]]
Amyoplasia Congenita:[[]]
Guerin Stern Syndrome:[[]]
Myodystrophia Fetalis Deformans:[[]]
Syndrome Rocher-Sheldon:[[4621], [7169]]
AMC-Arthrogryposis multiplex congenita:[[261], [57222], [55906]]
Multiple congenital contractures:[[55906], [4000], [6261], [59341], [4621], [4604], [7042], [5352]]
Syndrome Otto:[[]]
Rocher Sheldon Syndrome:[[4621], [7169]]
Syndrome Guerin-Stern:[[]]
Congenital multiple arthrogryposis:[[1146], [4604], [55906], [57211], [23345], [4621], [7273], [3897], [112], [6572], [9427], [4703], [745]]
Multiplex Congenita Arthrogryposis (AMC):[[261], [57222], [55906]]
Congenital Arthromyodysplasias:[[]]
Multiplex Congenitas Arthrogryposis (AMC):[[261], [57222], [55906]]
Multiple Arthrogryposis Congenital:[[1146], [4604], [55906], [57211], [23345], [4621], [7273], [3897], [112], [6572], [9427], [4703], [745]]
Syndrome Guérin-Stern:[[]]
Congenital contractures multiple:[[55906], [4000], [6261], [59341], [4621], [4604], [7042], [5352]]
Multiplex Congenita Arthrogryposis:[[261], [1861], [23345], [55681], [57222], [163175], [7273], [4604], [9427], [7140], [7280], [112], [57211], [8506], [55906], [84340]]
Myodystrophia fetalis deformans:[[]]
Arthrogryposis congenital:[[261], [4604], [7169], [55906], [2733], [91754], [8506], [4621], [23345], [7273], [259232], [3897], [112], [57211], [6572], [9427], [7043], [1778], [4703], [163175], [23299], [1146], [745], [54551], [57611]]
Congenital arthromyodysplasia:[[]]
Arthrogryposis multiplex:[[261], [1861], [23345], [55681], [57222], [163175], [7273], [4604], [9427], [7140], [477], [7280], [4703], [112], [57211], [1146], [8506], [55906], [84340]]
Arthrogryposis multiplex congenita (AMC):[[261], [57222], [55906]]
