Postinfectious Arthritis:[[]]
Post-Infectious Arthritis:[[]]
Reactive Arthritis:[[3569], [3123], [3553], [3106], [3576], [3458], [3605], [1234], [7097], [1543], [6648], [3627], [59067], [6556], [6374], [6957]]
Postinfectious Arthritides:[[]]
Reactive arthritis:[[3569], [3123], [3553], [3106], [3576], [3458], [3605], [1234], [7097], [1543], [6648], [3627], [59067], [6556], [6374], [6957]]
Arthritis occurring after infection:[[3123], [3119], [3107], [3572], [7157], [3586], [6774], [3106], [338], [7422], [1080], [7124], [7040], [4524], [5444], [1956], [4318], [3091], [9370], [3553], [4790], [7421], [100507436], [7099], [3576], [5243], [3458], [596], [6347], [1234], [50943], [7852], [7097], [5743], [841], [3383], [7015], [3952], [2064], [3135], [5468], [64127], [5594], [29126], [4153], [3557], [3479], [1499], [332], [9429], [5728], [2099], [4193], [8743], [3627], [406991], [960], [3162], [4312], [4204], [90865], [2908], [406938], [6352], [3105], [4982], [6647], [51738], [5290], [1071], [6441], [4314], [54106], [142], [10135], [3552], [3309], [5027], [8600], [796], [5896], [6648], [5595], [7450], [4233], [335], [959], [3082], [2100], [3075], [5329], [2932], [7298], [1565], [3077], [5747], [3791], [3481], [3689], [682], [3303], [2022], [3953], [5950], [407040], [4615], [9235], [1524], [1385], [2305], [3667], [5328], [8792], [947], [7100], [2150], [29851], [282618], [3172], [4973], [4586], [7172], [1378], [5300], [1789], [2220], [6776], [1536], [3803], [1003], [406911], [639], [3589], [6362], [5873], [968], [192343]]
Reactive Arthritides:[[]]
Post-bacterial arthropathy:[[]]
Post-Infectious Arthritides:[[]]
Post Infectious Arthritis:[[]]
Post-infective arthropathy:[[3569]]
Post-infective arthritis:[[3569], [1401], [7099], [3458], [3576], [7097], [2212], [338], [4153], [3552], [3600], [2147], [7137], [820], [1392]]
