Phonological Impairment:[[]]
Phonological Impairments:[[]]
Articulation impairment:[[93986]]
Disorder Disarticulation:[[267012], [5189], [775], [2212], [2214], [2272], [2902], [3356], [3133], [55670], [91869], [1636], [288], [1312], [6532], [5999], [121278], [8379], [23345], [7227], [133], [3845], [6925], [79796], [7157], [301], [6095], [1815], [1565], [861], [3310], [7124], [348], [7450], [3569], [3690], [3815], [4524], [894], [6482], [2099], [7422], [7750], [64067], [5243], [1401], [627], [2289], [338], [6934], [116442], [3553], [5328], [3586], [7421], [53335], [5578], [6622], [7040], [2904], [1756], [867], [4023], [4137], [2917], [26354], [54106], [1956], [5111], [4842], [3952], [5830], [9370], [3486], [207], [3717], [8405], [1173], [4803], [6377], [3674], [4318], [5728], [6378], [6335], [54715], [1191], [351], [55193], [5159], [5580], [5789], [4361], [4846], [51479], [2668], [1813], [63944], [3479], [1080], [4893], [7494], [2908], [5058], [9901], [2944], [7099], [3458], [170690], [367], [673], [8400], [4790], [2932], [10631], [26011], [93986], [2903], [26291], [51738], [7534], [53369], [3123], [2475], [6347], [3592], [3077], [6531], [4774], [5236], [6647], [5743], [3091], [1499], [6774], [1000], [6365], [4095], [4691], [4233], [3484], [596], [672], [2952], [4784], [8314], [2332], [9568], [450087], [8806], [5430], [4204], [5190], [4313], [1806], [3576], [217], [114798], [5071], [110806262], [51741], [7015], [5171], [1557], [5594], [655], [5581], [26047], [89], [4128], [472], [675], [4988], [3106], [64805], [5515], [79068], [120892], [5444], [10397], [5321], [8850], [57178], [3605], [79728], [8401], [619493], [1167], [1294], [5921], [2950], [1493], [4609], [8100], [51206], [1463], [431709], [431708], [404713], [387572]]
Phonology Impairments:[[]]
Speech Articulation Disorder:[[]]
Articulation Disorder:[[]]
Phonology Impairment:[[]]
Disorders Disarticulation:[[7124], [348], [7422], [3569], [4524], [7157], [7750], [3630], [775], [7040], [4318], [9370], [627], [3481], [5728], [367], [1956], [1312], [6622], [5468], [6532], [2697], [3586], [4137], [2475], [3479], [3553], [3952], [6774], [7099], [8842], [283120], [3717], [2212], [2099], [3091], [1636], [2214], [354], [4297], [673], [4846], [351], [1813], [7421], [4684], [2908], [207], [1080], [4313], [29126], [947], [5743], [1499], [51738], [3123], [4790], [5054], [5444], [120892], [6925], [6531], [8626], [5243], [7054], [1401], [3845], [6347], [2932], [3576], [672], [1029], [7015], [3162], [2332], [2706], [4204], [3146], [9759], [3356], [2903], [4879], [110806262], [5919], [406928], [23411], [2944], [4609], [3458], [6331], [3606], [4128], [43], [79068], [1815], [7035], [1806], [3605], [3565], [5290], [596], [3815], [23435], [6696], [4000], [4179], [1493], [4233], [2919], [3106], [999], [3135], [2153], [79728], [4916], [4780], [3077], [91752], [10371], [1565], [7097], [2147], [7852], [2023], [4851], [675], [4193], [1234], [114548], [6285], [2952], [3992], [4982], [406991], [5021], [1482], [81], [2146], [355], [5621], [472], [1129], [4547], [1432], [3119], [406938], [332], [7450], [1268], [6647], [2778], [1557], [2200], [2950], [3383], [154], [8074], [960], [2100], [6595], [50943], [64127], [3350], [5133], [1280], [3105], [5265], [6387], [5925], [6323], [7132], [217], [1906], [6648], [177], [5027], [5428], [23314], [5970], [3557], [4988], [2289], [288], [4627], [4282], [3054], [4153], [3084], [6667], [2321], [10135], [5879], [3958], [2629], [3480], [3043], [2261], [3082], [183], [324]]
Misarticulation:[[]]
Speech articulation disorder:[[]]
Articulation Disorders:[[]]
Speech Articulation Disorders:[[]]
Articulation disorder:[[]]
