Aspirin-induced asthma:[[7124], [55876], [7422], [3586], [4318], [3553], [3458], [30009], [3815], [10631], [5732], [5172], [4254], [4056]]
Syndromes Aspirin-Induced Asthma:[[7124], [7422], [3586], [4318], [3553], [3458], [3815]]
Induced Asthmas Aspirin:[[3576], [348], [9536], [10599], [7157], [7124], [3119], [7422], [5743], [9429], [3586], [9370], [1956], [10], [7040], [2064], [4524], [5290], [4318], [3845], [673], [1636], [4790], [154], [6774], [5243], [1557], [3553], [1499], [3123], [4846], [3690], [4609], [3458], [1312], [4018], [596], [472], [2475], [1432], [3115], [30009], [6387], [3605], [3162], [5970], [3146], [3815], [1559], [4170], [335], [177], [10891], [5732], [3596], [185], [959], [54658], [6772], [6934], [406947], [861], [958], [2321], [6352], [4088], [5329], [3308], [6868], [5328], [5465], [406937], [3620], [134], [6280], [3674], [3551], [2811], [10631], [7442], [64805], [5742], [4087], [3673], [135], [240], [847], [949], [5467], [3117], [350], [6279], [4286], [3684], [3716], [3113], [246], [1269], [51206], [150], [5172], [780], [79001], [3554], [2078], [6441], [5734], [10257], [4254], [2358], [6915], [5028], [7941], [23657], [100], [2621], [57650], [2168], [115004], [1232], [80332], [6890], [239], [6582], [760], [140], [22861], [3304], [3126], [290], [10800], [3248], [7113], [4056], [6891], [5999], [54578], [6303], [133522], [4953], [94103], [11251], [7850], [1366], [117159], [23765], [5087], [2206], [1270], [6892], [3568], [5740], [6369], [57105], [5494], [7079], [6916], [307], [136227], [83595], [55876], [7361], [3833], [574444], [2982], [2968], [2814], [23177], [6775079]]
Syndrome Aspirin-Induced Asthma:[[7124], [7422], [3586], [4318], [3553], [3458], [10631], [5172], [30009], [3815], [5732], [4254]]
Induced Asthma Aspirin:[[3576], [3119], [3596], [7124], [154], [4088], [348], [9536], [7422], [30009], [94103], [3586], [3115], [9370], [7040], [5743], [4318], [1636], [6774], [55876], [3553], [3123], [10], [240], [3458], [5732], [4524], [1956], [3605], [3117], [3146], [3690], [4790], [4846], [1557], [1499], [5243], [3113], [596], [1312], [3554], [6352], [3162], [177], [6387], [5329], [3815], [335], [10631], [406947], [7941], [847], [958], [7442], [6772], [5328], [6280], [406937], [3620], [135], [4087], [134], [6441], [64805], [5742], [6279], [246], [350], [3716], [5172], [6915], [80332], [3568], [4254], [10800], [5734], [4056], [2358], [100], [1232], [11251], [2206], [5999], [57105], [54578], [7850], [23765], [6369], [136227], [3833]]
Asthma NSAID induced:[[2534], [3586], [4318], [1401], [3458], [5468], [5743], [3565], [406991], [3162], [25890], [7076], [2625], [241], [5729], [4316], [246], [59341], [27250], [5742], [10800]]
Aspirin Induced Asthma Syndrome:[[348], [3576], [3119], [3123], [7124], [3596], [4088], [3117], [6774], [154], [3115], [7422], [3586], [9370], [7040], [4318], [1636], [5743], [3553], [30009], [3458], [4524], [1956], [3605], [958], [4790], [4846], [3146], [10631], [1557], [5243], [1499], [3690], [1312], [5172], [5732], [177], [6387], [3162], [335], [596], [406947], [5329], [6352], [3113], [7941], [3554], [7442], [3815], [6441], [6280], [406937], [6772], [4087], [350], [847], [64805], [5328], [135], [6279], [5742], [134], [3716], [246], [100], [4254], [2358], [1232], [54578], [7850]]
Asthma Aspirin-Induced:[[7124], [55876], [7422], [3586], [4318], [3553], [3458], [30009], [3815], [10631], [5732], [5172], [4254], [4056]]
NSAID-induced Asthmas:[[10142], [5890], [3131], [22999], [285704], [3586], [25890], [5743], [112752], [59341], [246], [10800], [5729], [23177], [149954]]
Asthmas Aspirin-Induced:[[7124], [7422], [3586], [4318], [3553], [3458], [472], [3815], [10631], [10599], [5172], [4254], [30009], [5732], [140], [4056], [55876]]
NSAID-induced Asthma:[[25890], [3586], [5743], [5729], [59341], [246], [10800]]
