Kanners Syndrome:[[]]
Kanner's syndrome:[[]]
Autistic disorder:[[7421], [6532], [3146], [4988], [1803], [6638], [7249], [2876], [7248], [2903], [4922], [5187], [7472], [2020], [3363], [4152], [57502], [54413], [2918], [18], [7328]]
Autism (209850):[[100188832]]
Autism:[[26053], [5728], [4204], [4524], [627], [7157], [6532], [348], [6134], [7421], [4893], [1977], [7124], [7040], [7422], [4233], [351], [1312], [94313], [9370], [3123], [1636], [2099], [2944], [367], [22941], [207], [2475], [596], [2332], [26047], [4790], [110806262], [5743], [1499], [7099], [3106], [3605], [205428], [2952], [6622], [3952], [7015], [2950], [3135], [554314], [282553], [100188832], [3458], [3717], [387577], [100529118], [100188820], [100188816], [100188317], [100188314], [100187724], [8452], [5021], [3690], [3105], [1813], [5444], [3077], [22891], [6647], [6696], [2100], [3356], [3146], [79742], [57680], [1557], [154], [2146], [50943], [3606], [6714], [4128], [1815], [836], [4282], [79004], [57502], [6531], [5879], [270], [3635], [324], [3791], [5747], [406938], [5071], [5967], [3082], [1950], [54413], [121278], [4843], [2247], [5649], [406947], [2068], [3084], [2321], [2697], [139411], [4763], [56729], [1814], [7291], [6469], [1803], [8295], [1786], [7057], [2904], [5174], [2896], [51592], [952], [3350], [3667], [6323], [7052], [6285], [775], [551], [5058], [3240], [5053], [1544], [100124700], [2521], [1788], [1139], [5562], [5579], [174], [7812], [3570], [6403], [4035], [85358], [7337], [4627], [4684], [5527], [7249], [847], [84868], [9037], [5175], [7534], [125], [9378], [4803], [361], [6573], [2547], [2670], [27185], [2194], [4548], [22871], [4915], [4552], [2562], [2852], [1509], [1524], [1812], [773], [659], [6262], [3358], [4306], [100], [285195], [6326], [2739], [115992], [27178], [7166], [1859], [552], [409], [5020], [5829], [3676], [5915], [348180], [6530], [1500], [1621], [2668], [2571], [6863], [8140], [406928]]
Autism childhood onset:[[348], [26053], [4204], [4524], [7099], [7157], [5728], [627], [2099], [6532], [7124], [1312], [9370], [7040], [7422], [2944], [7421], [3952], [2952], [6262], [1636], [351], [2950], [3123], [4893], [1813], [5444], [7015], [5021], [3106], [3135], [3077], [3356], [5743], [207], [3605], [2475], [1815], [6531], [3458], [775], [154], [27185], [4128], [3606], [596], [4282], [7249], [50943], [4306], [2562], [1600], [1499], [267012], [3146], [406938], [2321], [2896], [2100], [8912], [1106], [3717], [6323], [2566], [551], [121278], [3084], [1814], [6696], [126], [2146], [2068], [773], [2898], [6326], [4763], [3350], [9722], [1788], [8913], [6285], [54715], [6469], [3667], [952], [6573], [847], [7166], [3351], [2571], [4915], [5020], [4803], [2547], [1621], [659], [409], [2554], [7518], [2895], [4129], [1719], [4340], [2555], [1583], [9415], [6948], [6334], [3806], [407041], [23040], [9320], [4885], [54551], [192343]]
Kanner Syndrome:[[]]
Autism disorder:[[26053], [267012], [775], [3356], [6532], [5728], [121278], [1312], [1636], [288], [4204], [4524], [4893], [6134], [26047], [627], [1815], [22941], [7157], [348], [6095], [3690], [7124], [7421], [2904], [2099], [7422], [8452], [4233], [116442], [2332], [7040], [9370], [6622], [2917], [53335], [3952], [2944], [207], [351], [54715], [3717], [4803], [2475], [1813], [5021], [5058], [367], [3123], [2668], [139411], [93986], [596], [2952], [7099], [3458], [4790], [3077], [7534], [4128], [3605], [6531], [6647], [5743], [2950], [1499], [9568], [3106], [57680], [3135], [110806262], [5071], [7015], [3084], [1557], [5649], [5444], [5321], [1814], [285195], [3146], [2915], [154], [3350], [3603], [27086], [4843], [1742], [2891], [1139], [4849], [2898], [22891], [6696], [3606], [57502], [6285], [54413], [50943], [836], [4282], [6323], [406938], [1496], [27185], [406947], [85358], [2896], [324], [1786], [2247], [361], [1523], [1812], [50863], [7166], [2697], [1950], [4763], [56729], [5020], [28514], [2068], [6530], [1621], [1008], [952], [4627], [3351], [6616], [7291], [91752], [6469], [3358], [1803], [3667], [1788], [551], [4915], [2571], [5053], [7204], [1501], [125], [2521], [7052], [7249], [2670], [1544], [6403], [100124700], [7337], [4684], [6326], [3570], [6505], [4035], [2562], [9378], [4129], [6573], [9739], [847], [84868], [4552], [5175], [4306], [2569], [23133], [2739], [3699], [1859], [4548], [6262], [7979], [22871], [2020], [1524], [27178], [5191], [773], [7248], [7471], [6804], [552], [409], [4544], [7518], [23705], [6863], [8140], [1137], [2566], [9915], [2554], [2555], [9415], [2550], [84152], [23394]]
Childhood autism:[[26053], [5728], [1644], [4524], [7099], [2099], [7157], [627], [6532], [4204], [7124], [6262], [348], [26047], [22941], [1312], [9370], [7040], [7422], [2944], [7421], [4893], [4843], [2952], [3952], [2950], [7291], [5021], [775], [1812], [1636], [351], [3123], [3605], [207], [2475], [5444], [4128], [7249], [1815], [7015], [5743], [7337], [154], [596], [2562], [1813], [6531], [1499], [3106], [3135], [3356], [9037], [3077], [8912], [3458], [2566], [50943], [4544], [3717], [23705], [91752], [6696], [4282], [3146], [406938], [2100], [267012], [140733], [2146], [3606], [121278], [2068], [6323], [1630], [9447], [2898], [5747], [2131], [3084], [9722], [3350], [5649], [2321], [4552], [4763], [1814], [54715], [2896], [6469], [952], [1788], [6573], [551], [4548], [4010], [3667], [783], [287], [6285], [79582], [125], [128], [847], [1600], [7166], [773], [4803], [6326], [2547], [27185], [4915], [5020], [4306], [2560], [6863], [1106], [80315], [659], [3351], [2571], [552], [409], [7518], [1621], [6014], [7471], [4129], [126], [1719], [4522], [2895], [2554], [6095], [1742], [2550], [9415], [1583], [8604], [2555], [6948], [50863], [5048], [9791], [57616], [3806], [407041], [84530], [4340], [57492], [6334], [64324], [56853], [3766], [8913], [23026], [683], [84639], [23040], [3720], [9320], [4130], [4885], [54551], [285622], [192343]]
Kanner's Syndrome:[[]]
Disorder Autistic:[[2902], [3356], [6532], [288], [7227], [133], [7157], [6095], [3569], [7124], [627], [4524], [27086], [2099], [2289], [7421], [6844], [207], [3123], [4790], [596], [2908], [6638], [51738], [93986], [2903], [4204], [2332], [3106], [26047], [4988], [3605], [57688], [5021], [3146], [3135], [3350], [5649], [1268], [6696], [50943], [836], [1588], [6667], [574447], [6469], [4763], [5020], [7249], [6616], [8087], [1803], [2876], [4858], [2670], [551], [23621], [5080], [4129], [2571], [4306], [85358], [26115], [4914], [7248], [1269], [6716], [7466], [285195], [6326], [2566], [6863], [8140], [4155], [10020], [6361], [6374], [57680], [6367], [1759], [3549], [26278], [2020], [4908], [6091], [1584], [4922], [57526], [552], [5187], [84628], [3198], [139411], [7472], [79718], [3786], [10728], [57502], [3363], [2558], [54413], [2925], [4152], [4099], [95], [553], [158], [11141], [80816], [1749], [6092], [2918], [6328], [18], [7328], [1750], [83538], [8123], [349075]]
Autistic disorder of childhood onset:[[6638], [6532], [7421], [7249], [3146], [4988], [2903]]
Disorders Autistic:[[3569], [7124], [627], [4524], [6532], [7157], [2099], [7421], [3123], [2908], [207], [4790], [27086], [51738], [596], [4204], [2332], [3146], [3356], [2903], [3106], [3135], [3605], [6696], [5021], [3350], [1268], [2100], [50943], [3105], [4988], [2289], [288], [6667], [836], [5649], [6469], [1803], [133], [6716], [4763], [7249], [4306], [1589], [93986], [551], [5080], [2902], [7466], [4914], [2876], [2670], [7248], [1269], [26047], [3676], [2571], [5020], [4129], [6326], [6616], [6863], [85358], [721], [6095], [552], [2566], [6091], [3806], [57526], [4908], [79718], [3198], [3786], [3363], [7472], [8604], [8087], [57680], [2925], [57502], [553], [54413], [2558], [2918], [9513], [4885], [18], [285195], [93664], [55209], [9379], [114788]]
AUTISTIC DISORDER:[[7421], [6532], [3146], [4988], [1803], [6638], [7249], [2876], [7248], [2903], [4922], [5187], [7472], [2020], [3363], [4152], [57502], [54413], [2918], [18], [7328]]
Infantile Autism Early:[[3198]]
Infantile Autism:[[3198]]
Infantile autism:[[3198]]
AUTISM:[[26053], [5728], [4204], [4524], [627], [7157], [6532], [348], [6134], [7421], [4893], [1977], [7124], [7040], [7422], [4233], [351], [1312], [94313], [9370], [3123], [1636], [2099], [2944], [367], [22941], [207], [2475], [596], [2332], [26047], [4790], [110806262], [5743], [1499], [7099], [3106], [3605], [205428], [2952], [6622], [3952], [7015], [2950], [3135], [554314], [282553], [100188832], [3458], [3717], [387577], [100529118], [100188820], [100188816], [100188317], [100188314], [100187724], [8452], [5021], [3690], [3105], [1813], [5444], [3077], [22891], [6647], [6696], [2100], [3356], [3146], [79742], [57680], [1557], [154], [2146], [50943], [3606], [6714], [4128], [1815], [836], [4282], [79004], [57502], [6531], [5879], [270], [3635], [324], [3791], [5747], [406938], [5071], [5967], [3082], [1950], [54413], [121278], [4843], [2247], [5649], [406947], [2068], [3084], [2321], [2697], [139411], [4763], [56729], [1814], [7291], [6469], [1803], [8295], [1786], [7057], [2904], [5174], [2896], [51592], [952], [3350], [3667], [6323], [7052], [6285], [775], [551], [5058], [3240], [5053], [1544], [100124700], [2521], [1788], [1139], [5562], [5579], [174], [7812], [3570], [6403], [4035], [85358], [7337], [4627], [4684], [5527], [7249], [847], [84868], [9037], [5175], [7534], [125], [9378], [4803], [361], [6573], [2547], [2670], [27185], [2194], [4548], [22871], [4915], [4552], [2562], [2852], [1509], [1524], [1812], [773], [659], [6262], [3358], [4306], [100], [285195], [6326], [2739], [115992], [27178], [7166], [1859], [552], [409], [5020], [5829], [3676], [5915], [348180], [6530], [1500], [1621], [2668], [2571], [6863], [8140], [406928]]
