Metaplasia Barrett:[[7157], [2064], [1029], [5743], [4318], [7015], [4288], [960], [6657], [3315], [1728], [22943], [652], [864], [3855], [909]]
Barrett's Syndrome:[[]]
Columnar epithelial-lined lower esophagus:[[6790], [1365]]
BO - Barrett's oesophagus:[[]]
Barretts esophagus:[[]]
Barrett Syndrome:[[]]
Gastric metaplasia of esophagus:[[4586], [7157], [3845], [999], [4582], [1956], [5743], [1029], [2064], [7422], [51738], [7040], [3091], [3586], [4609], [6774], [4318], [3717], [673], [2099], [1045], [5728], [1499], [7099], [7015], [2944], [4288], [5468], [596], [960], [7421], [7852], [5290], [6657], [23411], [1026], [406991], [332], [2100], [4233], [355], [2952], [836], [4255], [2067], [861], [5781], [1312], [356], [7298], [6662], [1571], [1728], [2778], [22943], [864], [6352], [7057], [5268], [3315], [3579], [5888], [1048], [4583], [652], [688], [8549], [55107], [2200], [4853], [604], [10392], [4322], [51094], [51561], [330], [3875], [57167], [5915], [100506658], [240], [1366], [7082], [3577], [1365], [5170], [4171], [1015], [2512], [3855], [79602], [643834], [6590], [3872], [54474], [64321], [151306], [1044], [26018], [2012], [4825], [162394]]
Columnar epithelial-lined lower oesophagus:[[6790], [1365]]
Barretts Syndrome:[[]]
CELLO - Columnar epithelial-lined lower oesophagus:[[]]
CLE - Columnar-lined oesophagus:[[]]
Barretts Esophagus:[[]]
CELLO - Columnar epithelial-lined lower esophagus:[[]]
Barrett esophagus:[[7157], [3569], [2064], [1029], [5743], [367], [960], [595], [3606], [4481], [324], [4288], [115908], [8842], [6657], [5460], [3315], [1728], [22943], [4072], [652], [864], [4602], [6422], [4085], [1012], [2627], [51008], [23600], [24145], [699], [3855], [4440], [3217], [1373], [23671], [474], [3215], [3216], [56033], [147645]]
Columnar-lined oesophagus:[[6790], [4585], [1365]]
Barrett's esophagus:[[7157], [1956], [7422], [2294], [3569], [1029], [2064], [5743], [3091], [4609], [9370], [6774], [3133], [7099], [5468], [3952], [7015], [27086], [7852], [2944], [2950], [5594], [2952], [23411], [3077], [7515], [324], [1045], [3383], [355], [6648], [3480], [142], [51738], [857], [4582], [1906], [5595], [1027], [8626], [3934], [4255], [3757], [2068], [6657], [3065], [56729], [3953], [2263], [4968], [23373], [5460], [22943], [1586], [1385], [3308], [6280], [652], [4049], [7153], [4316], [898], [6093], [8404], [149233], [2194], [10643], [8856], [2876], [3678], [5604], [3491], [1509], [9971], [182], [25937], [8854], [9112], [1604], [890], [1910], [1500], [407035], [494324], [4583], [7100], [1909], [7031], [8549], [51094], [9475], [7033], [4487], [1525], [11197], [23600], [5605], [57016], [2878], [6414], [9201], [5967], [3855], [79400], [80380], [6497], [2894], [9446], [23072], [54474], [151306], [1434], [3385], [6498], [123624], [10808], [5307], [1015], [1646], [4650], [56033], [8824], [3384], [643834], [1044], [221037], [5317], [1510], [2877], [4257], [6525], [653], [138639], [151449], [727915], [6775079]]
Barrett's oesophagus:[[7157], [2064], [1956], [1029], [5743], [6774], [4790], [2099], [3479], [3717], [1045], [4312], [6790], [3486], [4314], [6469], [7076], [7153], [4316], [9518], [10855], [3172], [5021], [8856], [3484], [4585], [3856], [7033], [23600], [2627], [3490], [1365], [57761], [4319], [10276], [6525]]
Esophagus Barrett:[[7157], [5743], [1029], [3569], [4481], [2064], [115908], [367], [4318], [7015], [960], [595], [324], [3606], [7097], [857], [6657], [51008], [4288], [5460], [22943], [3315], [8842], [1728], [652], [598], [864], [4072], [4602], [27250], [6422], [4085], [1012], [23600], [3855], [2627], [24145], [699], [6910], [909], [4440], [3217], [1373], [56033], [23671], [474], [3215], [3216], [3993], [151449], [147645]]
Barrett's esophagus NOS:[[1956], [7422], [5743], [3091], [6774], [6648], [23411], [355], [857], [1027], [3757], [56729], [1509]]
Gastric metaplasia of oesophagus:[[7157], [1956], [2064], [1029], [5743], [2099], [3717], [6774], [1045], [6469], [7076], [9518], [3875], [1365], [192343]]
Columnar-lined esophagus:[[6790], [4585], [3855], [1365]]
Esophagus Barrett's:[[2294], [7157], [1029], [3133], [5743], [27086], [2064], [7422], [1956], [3569], [4609], [23373], [7040], [3091], [6774], [1045], [9370], [3845], [673], [4790], [2099], [2950], [7099], [8404], [4318], [999], [5468], [7015], [3952], [324], [2944], [3479], [3383], [5594], [3717], [6648], [7852], [23411], [3606], [8854], [3077], [3480], [7515], [2100], [355], [6657], [2952], [4582], [1906], [142], [8626], [857], [5925], [1432], [4288], [5879], [5595], [1027], [22943], [3934], [3791], [3757], [4255], [5460], [51738], [2068], [3065], [3953], [2263], [4968], [5888], [1385], [652], [3308], [6790], [6280], [4088], [56729], [7153], [10643], [7298], [10855], [898], [2894], [1586], [23072], [2034], [4316], [5021], [3491], [6093], [2194], [4049], [4072], [2876], [3678], [123624], [8856], [5604], [6275], [56033], [1509], [149233], [182], [25937], [240], [9971], [1500], [9112], [4322], [1604], [890], [3624], [1910], [4583], [578], [7100], [406988], [1909], [23600], [51094], [4585], [9475], [407035], [494324], [8549], [7031], [1525], [10232], [7033], [3490], [5605], [9201], [57016], [3855], [4487], [79400], [2627], [2878], [6414], [138639], [6281], [80380], [11197], [6497], [5967], [57761], [5307], [9446], [602], [1434], [151306], [6273], [1366], [1365], [6876], [54474], [6498], [1646], [10808], [1044], [4650], [3385], [8824], [727915], [3384], [5317], [1015], [221037], [643834], [4257], [10276], [2877], [51024], [6525], [1510], [653], [2882], [1347], [151449], [6775079]]
BARRETT METAPLASIA:[[7157], [2064], [1029], [5743], [4318], [7015], [4288], [960], [6657], [3315], [1728], [22943], [652], [864], [3855], [909]]
Barrett's disease:[[1029], [1910], [6774], [3717], [7422], [3569], [4314], [4088], [1586], [149233], [3133], [3383], [3077], [1956], [4582], [7040], [3953], [7157], [2099], [9370], [4790], [4318], [7015], [2876], [5594], [324], [4312], [2064], [5743], [602], [3172], [4049], [652], [3091], [3845], [4609], [673], [5468], [7099], [4322], [3952], [182], [999], [3479], [7852], [2944], [2950], [2952], [2294], [1604], [1909], [23411], [2100], [6648], [7515], [355], [3606], [5925], [1432], [1906], [3480], [142], [51738], [3791], [857], [4487], [1045], [5879], [5595], [1027], [8626], [3934], [27086], [4255], [4288], [3757], [3486], [2068], [6790], [2627], [56729], [2263], [4968], [5888], [1385], [6469], [3065], [22943], [7076], [7298], [9201], [3308], [7153], [9518], [4316], [10855], [6657], [6280], [2034], [4650], [898], [8856], [6093], [4072], [5460], [2194], [6275], [3491], [4745], [10643], [5788], [406935], [1509], [240], [23373], [3484], [9971], [3385], [5604], [5021], [407035], [494324], [221037], [7100], [3624], [578], [3856], [8549], [7033], [51094], [9475], [23072], [2810], [8404], [406988], [123624], [3678], [4583], [290], [2878], [6414], [9112], [8854], [7031], [25937], [4585], [407048], [1525], [890], [80380], [79400], [9446], [23600], [3861], [57761], [4069], [1500], [10232], [57016], [5967], [6281], [9075], [4319], [3855], [3490], [11197], [5605], [151306], [1366], [6497], [6855], [8824], [2520], [2894], [7122], [1365], [54474], [6876], [1485], [1434], [5307], [6273], [1646], [5317], [6498], [2877], [1015], [3384], [51024], [56033], [407049], [4257], [10276], [653], [2882], [1347], [151449], [6775079]]
Barrett's syndrome:[[]]
Metaplasias Barrett:[[]]
CLE - Columnar-lined esophagus:[[]]
BARRETT ESOPHAGUS:[[7157], [3569], [2064], [1029], [5743], [367], [960], [595], [3606], [4481], [324], [4288], [115908], [8842], [6657], [5460], [3315], [1728], [22943], [4072], [652], [864], [4602], [6422], [4085], [1012], [2627], [51008], [23600], [24145], [699], [3855], [4440], [3217], [1373], [23671], [474], [3215], [3216], [56033], [147645]]
