Bell palsy:[[5478]]
Inflammatory Facial Neuropathy Acute:[[]]
Paralysis Idiopathic Facial:[[7422], [6647], [55636]]
Facial palsy unilateral or bilateral:[[4771], [1080], [7157], [672], [9289], [7422], [675], [348], [3569], [1956], [4524], [5080], [2706], [367], [627], [6532], [3091], [3123], [1636], [5728], [1499], [9370], [3845], [673], [6778], [5925], [1312], [1435], [7015], [4137], [999], [100294715], [1813], [5054], [3815], [7490], [406991], [6647], [4851], [472], [3146], [3077], [2908], [5979], [10413], [142], [7428], [3075], [5071], [6531], [11200], [1588], [6657], [114548], [4982], [2247], [7276], [2316], [4436], [1471], [1950], [5172], [56729], [4128], [10135], [2261], [2260], [57492], [11093], [4210], [5894], [2896], [2200], [5566], [2022], [2034], [5021], [2688], [268], [7253], [1589], [5950], [2625], [2078], [1280], [65018], [1789], [103], [7249], [5176], [94025], [4976], [24], [4221], [632], [121278], [1524], [102], [27185], [7248], [2904], [6928], [4665], [3973], [4041], [6390], [2626], [387715], [79728], [578], [2516], [9839], [4254], [668], [9896], [5649], [407035], [1436], [7369], [7466], [1282], [6663], [1909], [6654], [2938], [201163], [6392], [91752], [3832], [60386], [2737], [7030], [4487], [3762], [3145], [6559], [3640], [6037], [406903], [4693], [55636], [10149], [10804], [2657], [6338], [8106], [8910], [4549], [6091], [6317], [4952], [6550], [387129], [5296], [5015], [23418], [341640], [493], [3360], [1690], [4094], [55193], [81037], [81793], [80198], [5933], [1284], [3198], [3766], [3078], [5981], [79798], [64699], [1427], [547], [771], [1592], [55351], [6938], [285489], [4641], [284654], [203859], [8854], [80704], [4537], [1123], [29914], [5411], [50940], [1299], [5532], [3299], [4810], [23554], [387837], [145226], [64220], [169792], [10564]]
Paralyses Idiopathic Facial:[[]]
Bell's palsy:[[5376], [1667], [1668]]
Palsies Bell's:[[5376]]
Palsy Bell's:[[5376], [1667], [1668]]
Palsies Bell:[[]]
Bells Palsy:[[]]
Idiopathic acute facial nerve palsy:[[6647]]
Bells palsy:[[]]
Palsy Bell:[[5478]]
Idiopathic Acute Facial Neuropathy:[[]]
