Image Disfunctions Body:[[627], [7157], [348], [1956], [3569], [351], [672], [7351], [2064], [207], [3586], [2908], [5243], [3845], [673], [4288], [3576], [338], [675], [3077], [406991], [9429], [1268], [5111], [174], [5176], [947], [1028], [406913], [3759], [200315], [65057], [2021], [192343]]
Dysmorphophobia (nondelusional):[[]]
Body dysmorphic disorder:[[]]
Dysmorphophobia:[[]]
Body Image Disorder:[[627]]
Image Disorders Body:[[627], [348], [7157], [3569], [1956], [351], [2908], [7351], [3586], [207], [672], [673], [5243], [3845], [947], [3576], [3077], [1268], [338], [675], [406991], [9429], [5176], [174], [1028], [200315], [65057], [192343]]
Nondelusional dysmorphophobia:[[]]
Dysmorphic Disorders Body:[[7157], [3481], [351], [4000], [6304], [4204], [3054], [2261], [7428], [2719], [5881], [7067], [7994], [22941]]
Dysmorphic Disorder Body:[[7157], [650], [1656], [10844], [351], [8567], [4000], [2186], [3759], [4204], [3481], [5881], [4849], [4848], [4920], [7428], [22941], [2719], [1781], [10847]]
Image Disfunction Body:[[]]
