Disorder of brain unspecified:[[1268], [775], [2902], [7157], [773], [348], [7422], [6804], [2099], [774], [1956], [2290], [7124], [2572], [207], [351], [2917], [5159], [7040], [387], [4790], [2904], [6774], [5515], [5578], [867], [7421], [4803], [5058], [1813], [1499], [673], [4233], [3091], [5743], [2932], [472], [3064], [596], [836], [5111], [5594], [8537], [5925], [2908], [4893], [7852], [2332], [27185], [672], [7015], [3350], [3084], [4609], [1173], [367], [2260], [5580], [675], [5595], [9901], [5581], [6387], [2033], [355], [5621], [5321], [1385], [114548], [960], [8850], [5430], [9568], [1387], [5921], [2915], [5781], [8743], [1814], [1742], [51741], [5894], [142], [7132], [7046], [598], [2147], [2534], [324], [841], [3320], [1950], [3065], [7428], [3558], [4155], [7471], [8554], [1027], [5241], [2353], [3351], [7249], [5335], [8936], [658], [4170], [994], [2335], [811], [613], [6850], [7248], [3667], [7128], [8651], [5315], [6868], [3315], [6597], [5590], [5294], [2149], [4804], [5604], [7133], [1051], [4297], [7068], [2002], [409], [8772], [10399], [3638], [7223], [8517], [10580], [3659], [5467], [81876], [4914], [6908], [6857], [6885], [5144], [4208], [4287], [7874], [8741], [7043], [1616], [382], [468], [59341], [1739], [5469], [9229], [55690], [5598], [5320], [3654], [56616], [156], [283], [5906], [1760], [6709], [2280], [2273], [94], [4487], [6497], [2782], [2969], [1822], [22861], [1158], [805], [2767], [4131], [23118], [57658], [8575], [29123], [84894], [2801], [22938], [5927], [50944], [8997], [2889], [23013], [9463], [203], [54820], [7257], [6196], [9569], [55823], [84231]]
Encephalon Disease:[[]]
Encephalon Diseases:[[]]
Brain Disease:[[3106], [4879], [177], [1906], [100507436], [6469], [6285], [1440], [706], [1282], [1441], [55624], [1605], [51330], [3425], [407012], [9215], [57505], [25821], [55278]]
Unspecified condition of brain:[[1268], [7157], [773], [7422], [7124], [1956], [348], [3091], [351], [7040], [2099], [387], [207], [4790], [1499], [2064], [5925], [673], [5594], [596], [5468], [672], [4609], [472], [367], [3688], [3064], [1813], [5595], [2932], [6387], [675], [2033], [4089], [5781], [5970], [142], [867], [114548], [598], [2321], [775], [4803], [7189], [25], [1027], [7428], [1457], [7132], [2335], [3312], [3315], [5294], [3297], [2057], [3897], [4771], [5604], [10273], [4067], [3566], [3178], [5921], [4208], [27113], [2237], [1158], [8997], [54820], [84056]]
Intracranial CNS Disorders:[[]]
Intracranial Central Nervous System Disorders:[[]]
Brain Diseases:[[4780], [177], [4204], [1071], [6469], [2130], [9536], [816]]
Brain Disorder:[[10000], [54806], [5881]]
Intracranial CNS Disorder:[[]]
Disorder of brain:[[627], [1268], [6513], [3098], [267012], [775], [8398], [6323], [5189], [3356], [2902], [2214], [2212], [5454], [6532], [2272], [1312], [2571], [4129], [773], [5999], [406], [1636], [3133], [121278], [288], [6571], [10409], [11152], [55670], [6326], [83636], [152330], [348], [91869], [6712], [7157], [5730], [5646], [774], [3845], [3569], [2290], [5243], [9881], [23286], [2572], [7124], [6804], [8644], [7422], [1815], [2173], [41], [4524], [6925], [8379], [1565], [23345], [7227], [2917], [4137], [133], [1756], [1282], [54329], [3553], [5728], [108], [1401], [776], [301], [2099], [2904], [7040], [5515], [6622], [6095], [1956], [3586], [79796], [287], [7450], [207], [3690], [861], [5578], [3815], [3952], [4774], [4842], [351], [2475], [4318], [25953], [26011], [4803], [7421], [1191], [64067], [2289], [5159], [7099], [673], [4790], [3479], [5328], [10524], [1813], [6328], [40], [57030], [387], [894], [1000], [2932], [114], [6482], [6347], [3091], [6774], [5743], [1499], [8537], [116442], [6647], [6934], [53335], [4233], [2044], [7750], [9370], [596], [4846], [93986], [3458], [2048], [6531], [472], [4893], [2903], [7852], [2668], [4915], [2332], [4204], [2944], [2908], [3576], [4313], [7015], [3717], [120892], [26354], [4128], [26047], [4609], [28514], [867], [54106], [5071], [5830], [4988], [5111], [79068], [4023], [3486], [54715], [1173], [4953], [3064], [5594], [23411], [3084], [5372], [367], [3077], [8405], [51738], [3674], [5058], [7494], [6335], [177], [5789], [4780], [7534], [5021], [55193], [3123], [5580], [3162], [51479], [1080], [64805], [4361], [10000], [672], [675], [9901]]
Brain Disorders:[[7124], [3569], [627], [3553], [3605], [2896], [6285], [1508], [5335], [6683], [10000], [2550], [1827], [406901], [6750], [5296], [23236], [10060], [5005], [5332], [54913]]
