BUDD-CHIARI SYNDROME:[[3717], [2153], [4524], [2147], [335], [811], [2155], [4352], [4880]]
Budd-Chiari Syndrome:[[3717], [2153], [4524], [2147], [335], [811], [2155], [4352], [4880]]
Chiari's Syndrome:[[]]
Hepatic Venous Outflow Obstruction:[[7422], [3569], [3952], [4846], [2022]]
Chiaris Syndrome:[[]]
Budd-Chiari syndrome:[[3717], [2153], [4524], [2147], [335], [811], [2155], [4352], [4880]]
Budd-chiari syndrome:[[3717], [2153], [4524], [2147], [335], [811], [2155], [4352], [4880]]
BDCHS:[[]]
Budd Chiari syndrome:[[3717], [2153], [4524], [2147], [335], [811], [2155], [4352], [4880]]
Budd Chiari Syndrome:[[3717], [2153], [4524], [2147], [335], [811], [2155], [4352], [4880]]
Chiari Syndrome:[[3717], [4524], [2153], [2147], [335], [811], [2155], [4352], [4880]]
Obstruction of hepatic veins:[[7040], [7124], [3569], [3082]]
