Cafe au lait spots:[[5781], [4763], [4436], [5605], [161742], [200734], [108281159], [108281182], [108281181], [108281180], [108281170], [108281169]]
Café au lait spot:[[]]
Cafe-au-lait macules:[[4763], [3815], [5395], [161742]]
Cafe-au-lait spots:[[5781], [4763], [4436], [5605], [161742], [200734], [108281159], [108281182], [108281181], [108281180], [108281170], [108281169]]
Cafe-au-lait spot:[[]]
Café au lait spots:[[5781], [4763], [4436], [5605], [161742], [200734], [108281159], [108281182], [108281181], [108281180], [108281170], [108281169]]
Spot Cafe-au-Lait:[[4763], [3815], [5781]]
Cafe au Lait Spots:[[5781], [4763], [4436], [5605], [161742], [200734], [108281159], [108281182], [108281181], [108281180], [108281170], [108281169]]
Spots Cafe-au-Lait:[[4763], [5781], [3815], [4436], [5605], [161742], [200734], [108281159], [108281182], [108281181], [108281180], [108281170], [108281169]]
Cafe-au-lait patches:[[]]
