Candidiasis unspecified:[[1956], [6774], [7124], [4790], [1432], [6772], [10758]]
candidosis:[[3565], [6772]]
Monilia infection:[[]]
Candida infection:[[6774], [7124], [3569], [3576], [3586], [7099], [4790], [3553], [3458], [3605], [7097], [6347], [3606], [64127], [3565], [3557], [114548], [6772], [3627], [3689], [50616], [3075], [3620], [3593], [30835], [4615], [1673], [958], [1524], [3684], [634], [1969], [6376], [5894], [6441], [2149], [2150], [6590], [8737], [5340], [1000], [112744], [55894], [3732], [383], [64581], [55054], [6278], [3827], [9474], [1118], [721], [3687], [5873], [4680], [2720], [11035], [345611], [23765], [64170], [58484], [989], [5603], [100506742], [26253], [192343]]
Candidal infections:[[3558], [2335], [64170]]
Candidiasis of unspecified site:[[1956], [6774], [7124], [4790], [1432], [6772], [10758]]
Candida infections:[[3569], [3586], [6772], [7124], [3576], [7099], [3458], [7097], [3553], [6774], [4790], [3606], [3605], [64127], [6347], [3075], [3627], [3565], [114548], [3620], [50616], [4615], [958], [30835], [6376], [1673], [1524], [8737], [6441], [64581], [55054], [6590], [55894], [64170], [3347], [345611], [114770], [192343]]
Candidiases:[[]]
Infection by Candida species:[[6774], [7124], [3569], [7099], [4790], [3576], [3586], [7097], [3553], [6347], [3458], [114548], [3605], [64127], [3606], [3565], [6772], [3689], [3627], [3075], [3620], [50616], [30835], [3593], [5894], [8737], [958], [6441], [1524], [3684], [6376], [2149], [2150], [6278], [9474], [1000], [64581], [383], [11035], [5873], [3827], [58484], [64170], [5603], [100506742], [26253], [192343]]
Candidosis:[[3565], [6772]]
Moniliasis:[[]]
Moniliases:[[]]
Candida Infections:[[3569], [3586], [6772], [7124], [3576], [7099], [3458], [7097], [3553], [6774], [4790], [3606], [3605], [64127], [6347], [3075], [3627], [3565], [114548], [3620], [50616], [4615], [958], [30835], [6376], [1673], [1524], [8737], [6441], [64581], [55054], [6590], [55894], [64170], [3347], [345611], [114770], [192343]]
Candidiasis:[[326], [1956], [7124], [338434], [3586], [6772], [6774], [4790], [117084], [4153], [3458], [112744], [3605], [7097], [3565], [1432], [64581], [3958], [3557], [7098], [64170], [3627], [26191], [3620], [50616], [10758], [1969], [1673], [1524], [3574], [1672], [84818], [3577], [6590], [6097], [8976], [23765], [1670], [51816], [6779], [1470]]
Infection Candida:[[6774], [7124], [3569], [3576], [3586], [7099], [4790], [3553], [3458], [3605], [7097], [6347], [3606], [64127], [3565], [3557], [114548], [6772], [3627], [3689], [50616], [3075], [3620], [3593], [30835], [4615], [1673], [958], [1524], [3684], [634], [1969], [6376], [5894], [6441], [2149], [2150], [6590], [8737], [5340], [1000], [112744], [55894], [3732], [383], [64581], [55054], [6278], [3827], [9474], [1118], [721], [3687], [5873], [4680], [2720], [11035], [345611], [23765], [64170], [58484], [989], [5603], [100506742], [26253], [192343]]
moniliasis:[[]]
