Oral candidiasis:[[10758]]
Oral Moniliases:[[]]
Oral Moniliasis:[[]]
Candidosis of mouth:[[6772]]
Oral thrush:[[6772]]
Thrush NOS:[[]]
Oral moniliasis:[[]]
Mycotic stomatitis:[[8626], [3569], [3553], [4524], [3586], [1636], [6532], [4318], [6774], [3576], [7099], [3458], [7420], [3479], [5444], [6347], [3119], [7097], [23411], [3565], [3606], [64127], [114548], [3949], [4210], [4843], [3552], [3558], [7132], [7076], [7298], [958], [23586], [57817], [3456], [10599], [1977], [7037], [103], [684], [6279], [407018], [3659], [1437], [29110], [64135], [1604], [4179], [1672], [3190], [9235], [7184], [112744], [382], [1981], [4864], [942], [9636], [1655], [2209], [10410], [3440], [4928], [3665], [9641], [3454], [10521], [407017], [80854], [22900], [27183], [3682], [81607], [4905], [255082], [8668], [4589], [8480], [387103], [1662], [3430], [55794], [11056], [90933], [55803], [84270], [9552]]
Candidal stomatitis:[[3558]]
Thrush:[[6772]]
Candida of mouth:[[3569], [7124], [7097], [6772], [30835], [112744]]
Oral candidosis:[[3565], [6772]]
Candida infection of mouth:[[3569], [7124], [7097], [6772], [30835], [112744]]
Oral Candidiases:[[]]
Moniliasis of mouth:[[7157], [3569], [7124], [7421], [1080], [1401], [1029], [1499], [3717], [4879], [7097], [3146], [5925], [142], [4089], [7291], [8626], [6469], [3558], [4288], [929], [6772], [6615], [5156], [2335], [7046], [682], [1280], [7341], [3596], [1786], [23586], [1545], [1268], [648], [11186], [7442], [6285], [6794], [3685], [1788], [8091], [3014], [4041], [864], [30835], [3624], [1789], [4803], [7273], [361], [84876], [407006], [51284], [3664], [121278], [7020], [3371], [3439], [246778], [6654], [1048], [4040], [3716], [1269], [4487], [6548], [3676], [2161], [3190], [2737], [6530], [2048], [90], [112744], [7173], [23314], [2741], [1981], [9636], [6404], [360], [4585], [657], [6497], [10657], [3728], [2562], [362], [6045], [7122], [54880], [92], [10146], [1495], [6926], [3741], [84159], [3191], [154796], [574452], [10220], [51297], [1302], [10818], [7358], [950], [7709], [6943], [3638], [5225], [6909], [51305], [5297], [8880], [5024], [915], [5222], [1749], [8879], [5396], [6294], [5298], [771], [90780], [2295], [8861], [60529], [5075], [4589], [2049], [4223], [23192], [10541], [3975], [54796], [9048], [84695], [80144], [7484], [130497], [286204], [59338], [1750], [8131], [25976], [9242], [51435], [11023], [91461], [26011], [26160], [9249], [92747], [55003], [147948], [51057], [117166], [84314], [124857], [64651], [221322], [1954], [140683], [116039], [51471], [27152], [91355], [7467]]
Candidiasis of mouth:[[7124], [6772], [112744], [7097]]
Oral Candidiasis:[[10758]]
