Carcinoid tumor no International Classification of Diseases for Oncology subtype:[[]]
Carcinoid tumour - morphology:[[1956], [7040], [673], [1499], [2064], [999], [7852], [29126], [4790], [2475], [960], [4288], [5747], [5979], [5156], [1045], [10643], [546], [1364]]
Tumors Carcinoid:[[1956], [7040], [2064], [1499], [673], [4790], [7852], [999], [2475], [29126], [406991], [1026], [960], [4851], [3479], [5979], [4288], [1027], [5747], [2067], [4763], [7431], [11186], [2065], [5156], [406947], [1113], [1045], [7046], [4221], [2066], [10643], [5894], [5604], [546], [1490], [5159], [5829], [1139], [27250], [1364], [3624], [760], [429], [1365], [4760], [4133], [54474], [9607], [6344], [10894], [256646], [10683], [1603], [23440]]
Carcinoid tumor - morphology:[[1956], [7040], [4790], [5156], [5894], [10643], [4133]]
Carcinoid tumor:[[1956], [7040], [4790], [3479], [1026], [1027], [1490], [5156], [5894], [5159], [1139], [5604], [1113], [10643], [4133], [25865]]
Carcinoid tumor NOS:[[1956], [3479], [1027]]
Typical carcinoid:[[1956], [7040], [2064], [2066], [1499], [673], [4790], [2475], [999], [3479], [1026], [5979], [4288], [1027], [5747], [2067], [7431], [2065], [4221], [5604], [10894], [256646], [23440]]
Carcinoid tumor no ICD-O subtype:[[]]
Carcinoid tumour:[[1956], [7040], [2064], [1499], [673], [7852], [999], [29126], [4790], [406991], [2475], [960], [1026], [4288], [3479], [4851], [11186], [1027], [406947], [5747], [5979], [4763], [2065], [7431], [1490], [5156], [7046], [1045], [5159], [2066], [4221], [27250], [10643], [1139], [546], [1364], [4760], [429], [10894], [25865]]
Carcinoid tumors:[[1956], [2064], [1499], [999], [29126], [406991], [4851], [4288], [406947], [11186], [2065], [7046], [4221], [2066], [10643], [546], [5829], [1364], [1365], [9607], [6344], [10683], [1603], [23440]]
Carcinoid:[[1956], [280], [7040], [2064], [1499], [673], [4790], [7852], [999], [2475], [3479], [29126], [406991], [1026], [960], [4851], [5979], [4288], [1027], [5747], [406947], [2067], [4763], [5894], [1490], [7431], [11186], [2065], [5156], [5159], [7046], [1113], [2066], [1045], [1139], [4221], [5604], [10643], [3624], [546], [27250], [5829], [760], [1364], [5697], [4133], [4760], [429], [54474], [1365], [9607], [5063], [10894], [25865], [6344], [256646], [10683], [253430], [1603], [23440]]
Carcinoids:[[7157], [7015], [29126], [4780], [1026], [4233], [5133], [4288], [7490], [1490], [2778], [9314], [4221], [9817], [7080], [3880], [9076], [5079], [6752], [6392], [4267], [2520], [429], [10894], [333], [553], [253430], [495], [23440], [143503]]
Carcinoid tumour no ICD-O subtype:[[2064], [960], [4851]]
Tumor Carcinoid:[[11186], [999], [1956], [29126], [7040], [4790], [2064], [1499], [3479], [673], [960], [7852], [2475], [406991], [1026], [4851], [5979], [4288], [1027], [5747], [406947], [2067], [4763], [5894], [1490], [7431], [2065], [5156], [5159], [7046], [1113], [2066], [1045], [1139], [4221], [5604], [10643], [27250], [5829], [546], [3624], [760], [1364], [54474], [10894], [429], [4133], [1365], [4760], [9607], [25865], [10683], [256646], [253430], [1603]]
