BC - Bronchogenic carcinoma:[[]]
CA - Carcinoma of bronchus:[[3845], [5594], [5595], [6662], [652], [4586], [9353]]
Cancer of bronchus:[[3845], [7048], [6662], [652], [5594], [5595], [4586], [6722], [9353], [727897], [7477], [7289]]
Carcinomas Bronchial:[[1956], [7157], [7040], [7422], [7124], [3091], [4318], [3845], [207], [3569], [5743], [2064], [2099], [7015], [6774], [1499], [4790], [999], [1029], [3586], [3576], [406991], [2944], [596], [5468], [4609], [2475], [1026], [960], [4313], [6696], [595], [7099], [4524], [4851], [7421], [4582], [7852], [4193], [4780], [3553], [3565], [5594], [9370], [8626], [2146], [4288], [1027], [1401], [2100], [1636], [3605], [3383], [857], [3952], [581], [3596], [5054], [6513], [2952], [6657], [2950], [23411], [154], [4843], [836], [3146], [7490], [3162], [50943], [9429], [3606], [406947], [7098], [2625], [6714], [5970], [4586], [5133], [3135], [6648], [142], [3791], [6597], [2335], [2150], [5595], [3082], [3934], [85480], [90865], [1958], [196], [6615], [1543], [5599], [6794], [1906], [682], [648], [6772], [3725], [11186], [3685], [7048], [4088], [5578], [406938], [5329], [7431], [5580], [1869], [1191], [6280], [3558], [3308], [10631], [2152], [4316], [3315], [959], [4968], [407040], [8878], [1385], [6469], [1050], [1994], [94025], [1490], [1786], [3329], [6401], [2113], [4363], [6364], [301], [182], [4087], [4803], [1500], [2638], [5294], [3678], [727897], [8651], [22914], [407006], [6279], [952], [7528], [5617], [659], [27250], [5467], [1437], [1113], [5915], [3002], [1509], [5590], [246], [1673], [2833], [2073], [7113], [407008], [100048912], [23410], [7082], [406952], [10406], [4254], [1440], [5052], [1839], [3190], [467], [59], [8038], [468], [374], [9235], [3276], [58191], [407007], [6590], [5170], [780], [89780], [23314], [1655], [5337], [22926], [406982], [26585], [6416], [3694], [925], [9641]]
Carcinoma Bronchogenic:[[2177], [1054]]
CA - Cancer of bronchus:[[3845], [5594], [6662], [652], [5595], [4586], [9353]]
Bronchial carcinoma:[[7422], [213], [5617]]
Bronchogenic carcinoma:[[1054]]
Carcinoma Bronchial:[[7157], [3576], [4582], [6794], [8626], [1029], [94025], [100048912], [780], [3845], [7015], [1499], [3123], [999], [26585], [1956], [7124], [51297], [7040], [5284], [7422], [3569], [7494], [3091], [4790], [3586], [4968], [4318], [7099], [2944], [100507436], [4524], [6774], [207], [3553], [3117], [5743], [9370], [3565], [7421], [2064], [1080], [2099], [4780], [1401], [627], [406991], [3605], [3458], [10916], [387], [3383], [6347], [596], [5468], [2952], [3952], [4609], [1636], [2475], [3146], [1026], [7852], [5594], [23411], [960], [4193], [5054], [4313], [2950], [6696], [595], [3606], [3119], [3596], [7097], [3162], [5970], [4851], [3135], [1432], [2908], [7098], [142], [154], [2146], [1116], [2100], [50943], [836], [6648], [335], [177], [6714], [857], [4843], [581], [5133], [2150], [1543], [1906], [196], [114548], [9429], [5879], [4586], [4288], [5595], [1027], [3082], [3934], [3791], [6772], [3725], [3552], [406947], [2335], [5599], [406938], [4088], [7490], [2309], [6352], [90865], [213], [5578], [1869], [3315], [6513], [5265], [407040], [6657], [682], [6280], [929], [920], [6647], [5329], [1557], [1277], [1490], [1786], [1191], [8878], [81037], [5071], [3685], [1385], [406937], [6469], [648], [7431], [3308], [10631], [1958], [11186], [6615], [796], [7048], [1994], [285], [283120], [1576], [4316], [3627], [959], [2625], [4087], [3630], [6597], [406913], [1789], [842], [8651], [3678], [6364], [7295], [2152], [4363], [2113], [3558], [7528], [301], [22914], [558], [59272], [1050], [407006], [3579], [6279], [23586], [85480], [407018], [1051], [5294], [6401], [182], [5580], [27250], [2833]]
Carcinomas Bronchogenic:[[]]
Carcinoma of bronchus:[[3845], [5594], [5595], [7048], [6662], [652], [4586], [6722], [9353], [727897]]
