VENTRICULAR HYPERTROPHY HEREDITARY:[[7157], [26585], [4089], [7040], [1636], [3553], [7421], [3479], [3757], [4879], [4846], [4607], [7124], [1401], [3569], [1471], [4524], [4318], [7422], [2475], [8074], [351], [2099], [2626], [207], [185], [4684], [7137], [5728], [367], [7099], [7132], [7273], [3576], [5444], [4982], [4092], [857], [7498], [6347], [4088], [659], [9518], [3082], [4282], [133], [2702], [1113], [51422], [7517], [5167], [5350], [3752], [2776], [655], [4015], [2274], [91137]]
CARDIOMYOPATHY FAMILIAL HYPERTROPHIC:[[7139], [7168], [4624], [7137], [7273], [100909387], [6331], [4625], [70], [4607], [5350], [1674], [7414], [8557], [7134], [88], [8048], [7157], [91624], [2318], [1832], [51422], [4633], [2099], [859], [1636], [7040], [4634], [4878], [51778], [57158], [7422], [7276], [3569], [5894], [1410], [4318], [1499], [7099], [9370], [57538], [367], [85366], [6444], [2064], [1278], [3479], [183], [1482], [406991], [5781], [59341], [7043], [185], [6901], [3952], [6347], [3480], [8626], [2335], [1027], [4314], [10413], [1585], [3486], [2626], [356], [29119], [6336], [2624], [775], [5428], [652], [6597], [2717], [7077], [3115], [94025], [2395], [9927], [2627], [51086], [2273], [291], [406931], [10021], [4567], [808], [8260], [783], [84033], [125972]]
Hypertrophic Cardiomyopathy Familial:[[7139], [6331], [7137], [4624], [4625], [2099], [7273], [4607], [7168], [70], [8557], [5350], [7134], [51422], [7414], [1636], [4633], [859], [4878], [88], [367], [8048], [7276], [4634], [2318], [183], [3479], [3952], [51778], [6347], [406991], [57158], [3480], [185], [5781], [91624], [2335], [10413], [4314], [85366], [3486], [1585], [6336], [5894], [2624], [775], [2626], [7077], [6597], [29119], [3115], [94025], [2717], [2395], [9927], [1674], [2627], [1832], [406931], [2273], [291], [10021], [4567], [8260], [57538], [783], [6444], [84033], [125972]]
Ventricular Hypertrophies Hereditary:[[]]
Primary familial hypertrophic cardiomyopathy:[[7139], [7414], [4607], [7273], [88], [7168], [4624], [5350], [8557], [70], [4625], [7137], [8048], [859], [51422], [91624], [7134], [4633], [783], [2395], [4634], [57158], [51778], [2318], [85366], [291], [125972]]
Ventricular Hypertrophies Familial:[[]]
Ventricular Hypertrophy Familial:[[6331], [7139], [6262], [7157], [4633], [7137], [4607], [2099], [8074], [4634], [4625], [4000], [207], [7040], [1636], [5728], [183], [7273], [7124], [3479], [4878], [7043], [3757], [351], [3569], [4851], [7422], [9370], [153], [1401], [4088], [2626], [4524], [4318], [7421], [406991], [7168], [2475], [9365], [4624], [859], [185], [5741], [3952], [367], [5444], [51422], [3091], [7517], [5972], [7099], [2702], [3553], [7132], [4089], [4982], [182], [4790], [3576], [5350], [4015], [2776], [70], [1585], [857], [659], [355], [406938], [3480], [7097], [3606], [6347], [51738], [7414], [10891], [2688], [2767], [10413], [4314], [7133], [356], [488], [1994], [8600], [1545], [5465], [652], [6469], [6261], [2167], [197], [7295], [2627], [5915], [1674], [308], [5308], [84062], [7498], [5445], [5745], [26585], [9464], [783], [55315]]
Asymmetric Septal Hypertrophy Familial:[[4625]]
Ventricular Hypertrophy Hereditary:[[7157], [26585], [4089], [7040], [1636], [3553], [7421], [3479], [3757], [4879], [4846], [4607], [7124], [1401], [3569], [1471], [4524], [4318], [7422], [2475], [8074], [351], [2099], [2626], [207], [185], [4684], [7137], [5728], [367], [7099], [7132], [7273], [3576], [5444], [4982], [4092], [857], [7498], [6347], [4088], [659], [9518], [3082], [4282], [133], [2702], [1113], [51422], [7517], [5167], [5350], [3752], [2776], [655], [4015], [2274], [91137]]
CMH:[[840]]
Hypertrophic Cardiomyopathies Familial:[[7139], [7134], [808], [51086]]
