Tissue Aberrant:[[351], [5327], [7076], [1490], [4869], [7052], [7078], [5176], [7040], [7980], [5473], [7157], [348], [2266], [6423], [5573], [3251], [5144], [3675], [4851], [1956], [7422], [11004], [5728], [3091], [2064], [3845], [8900], [6774], [335], [367], [673], [207], [10653], [4790], [672], [596], [1029], [1499], [2099], [7124], [38], [89869], [3569], [4609], [2011], [999], [5743], [55124], [5265], [4313], [2475], [334], [6622], [5290], [4137], [6469], [406991], [338], [83593], [3586], [5925], [3576], [7015], [10413], [29123], [7099], [7852], [857], [7421], [4193], [29126], [4780], [10409], [627], [1026], [3553], [3952], [4524], [9370], [5243], [6696], [3606], [4255], [2146], [595], [324], [3717], [6387], [4292], [23411], [5594], [2950], [3481], [4582], [1027], [6647], [3458], [675], [3479], [3605], [332], [3815], [355], [1432], [6662], [7097], [51603], [4233], [3725], [861], [472], [6347], [3146], [4681], [7490], [3480], [7291], [581], [2697], [50943], [79370], [5133], [1786], [1588], [2932], [6657], [5599], [11186], [3162], [1493], [2100], [3135], [3417], [51444], [7450], [3958], [5595], [406937], [6714], [3552], [8626], [5423], [3688], [4000], [7431], [650], [1080], [4204], [1906], [114548], [6667], [142], [3082], [2706], [4089], [7474], [2149], [238], [406938], [4288], [56164], [2321], [5315], [5460], [5979], [2944], [3383], [4763], [1277], [2247], [6352], [406947], [5241], [3565], [8600], [7057], [23435], [2263], [7428], [407040], [864], [1813], [120892], [2065], [6794], [7048], [54106], [5879], [8091], [2322], [6093], [3690], [3105], [6513], [3320], [90865], [9817], [3643], [5747]]
Tissues Aberrant:[[51603], [7157], [1956], [7422], [2064], [7040], [6774], [367], [207], [4790], [672], [1029], [5728], [1499], [2099], [7124], [3091], [3845], [3569], [673], [4609], [999], [5743], [2475], [596], [406991], [4851], [6622], [351], [3576], [7015], [5925], [29123], [5290], [7099], [7852], [29126], [4780], [348], [2146], [3553], [9370], [5243], [4255], [595], [1080], [6387], [4292], [4313], [3586], [857], [4582], [4137], [7421], [4193], [3605], [332], [1786], [4524], [2950], [5594], [324], [1026], [10413], [23411], [627], [11186], [6696], [4233], [3479], [3146], [3481], [4681], [3952], [3480], [6647], [1027], [50943], [472], [3717], [1588], [2932], [675], [2100], [3725], [3135], [3815], [3458], [2697], [355], [2706], [2305], [6667], [3958], [3162], [7291], [7490], [8626], [2067], [5747], [283120], [407040], [406938], [387], [5879], [4288], [6657], [5460], [1493], [5133], [2308], [3417], [114548], [8678], [6794], [7097], [2944], [406937], [6790], [648], [7428], [2247], [3606], [864], [406947], [6347], [4089], [5599], [1789], [2272], [682], [8091], [2322], [5979], [59272], [23435], [6469], [3383], [22943], [1277], [7431], [7076], [1869], [3688], [4869], [64127], [4170], [5347], [2263], [1788], [3082], [142], [3065], [6772], [581], [3552], [4854], [378938], [3105], [4204], [90865], [9021], [3064], [1432], [1906], [861], [3565], [6662], [335], [2952], [7450], [5595], [6935], [860], [2332], [92140], [100124700], [1045], [6513], [1813], [2521], [8600], [7052], [54106], [7057], [7048], [9314], [5663], [4436], [356], [6714], [1490], [4000], [3690], [4904], [4316], [3320], [3066], [6093], [3643]]
Heterotopic tissue:[[]]
Heterotopia:[[2316], [3845], [23327], [100302682], [100302681], [375], [2778], [4131], [10564], [5649], [1641], [5048], [2009], [10084], [51703], [55780], [79633], [1952], [3421], [84197], [8642]]
Tissues Ectopic:[[7157], [7422], [7040], [1956], [3569], [7124], [1499], [4609], [6774], [7015], [5728], [57724], [207], [2099], [3091], [4318], [5743], [4790], [2064], [1029], [596], [332], [348], [672], [3553], [29126], [4313], [9370], [7099], [5243], [3845], [367], [999], [595], [3576], [1026], [81671], [406991], [3586], [673], [4851], [2475], [5290], [4524], [23411], [6657], [50943], [4233], [5460], [3479], [3146], [3605], [4780], [4582], [2932], [5970], [2146], [2100], [6387], [6622], [1588], [5594], [6696], [857], [9538], [3815], [4282], [3480], [6667], [1027], [581], [960], [4193], [3135], [1786], [406938], [10413], [4312], [7291], [1312], [406947], [5747], [387], [3958], [3552], [7490], [3688], [4843], [3717], [6648], [407040], [682], [7097], [2944], [6790], [2305], [860], [7076], [1493], [355], [2247], [675], [472], [2308], [6347], [177], [6935], [1869], [5133], [4089], [1788], [3082], [324], [406937], [3725], [7428], [378938], [6513], [4170], [5347], [90865], [5241], [1906], [841], [3417], [3565], [8091], [6794], [9314], [142], [2778], [100124700], [3606], [283120], [1813], [5591], [5599], [4436], [2033], [6714], [8743], [10631], [3690], [6093], [3064], [407018], [5578], [23435], [1994], [285], [407006], [3620], [6934], [3320], [7052], [1789], [650], [255738], [4088], [7048], [92140], [6469], [2260], [2152], [1490], [3557], [6352], [3667], [331], [983], [407035], [2321], [3265], [2261], [5315], [2309], [2157], [7298], [6331], [3315], [3757], [846], [1958], [406906], [6615], [861], [1268], [3570], [6256], [1387], [9518], [5915], [2852], [10763], [10855], [7442], [8878], [5888], [406996], [796]]
Ectopia:[[2200], [54507], [7099], [7097], [7046], [7042], [2304], [444], [81794], [170691], [55214]]
Ectopic tissue:[[2099], [4609], [595], [1813], [2100], [4256], [3398], [9687], [5549], [64094]]
Tissue Heterotopic:[[7040], [3091], [7422], [4318], [3952], [7099], [650], [2778], [3953], [3075], [8837], [154], [655], [860], [7042], [6591], [7043], [406986], [1585], [5649], [1356], [90], [2796], [2487], [23017], [55179]]
Choristomas:[[]]
Heterotopias:[[2316], [7531], [793]]
Tissue Ectopic:[[1312], [7076], [2152], [1490], [7052], [7040], [249], [348], [7980], [6366], [7157], [6423], [7422], [406], [11004], [4851], [1956], [2042], [5693], [5728], [3569], [4313], [3091], [4318], [7124], [1499], [4609], [255738], [596], [6774], [7015], [1026], [5272], [3845], [10213], [57724], [207], [3956], [2099], [5743], [3586], [4790], [2064], [1029], [332], [672], [3553], [5290], [29126], [4524], [23411], [2769], [9370], [7099], [6469], [5243], [367], [673], [581], [6657], [999], [595], [3576], [81671], [406991], [10413], [6696], [2475], [3479], [3815], [857], [3606], [50943], [4193], [6622], [177], [1027], [3552], [7097], [5594], [4233], [5460], [3717], [6347], [3146], [3605], [4780], [650], [4282], [4582], [2932], [4312], [7291], [960], [2100], [3688], [6387], [1588], [7490], [2146], [2778], [675], [355], [9538], [4496], [3480], [6667], [6714], [1493], [4843], [6934], [5133], [3135], [406947], [5241], [1906], [652], [406938], [3958], [3082], [8743], [2149], [5599], [406937], [142], [5423], [5970], [324], [2944], [861], [2247], [4089], [472], [6352], [3565], [3417], [3600], [2321], [3725], [1786], [1813], [6513], [6648], [2155], [5315], [6093], [860], [1268], [3690], [407040], [7474], [90865], [1191], [5747], [387], [7428], [3320], [7048], [2033], [8091], [796], [2260], [6790], [8837], [2157], [3557], [6331], [10631], [6794], [4088], [10855], [6615], [682], [23435], [285], [655], [7298], [26291], [3667], [9518], [846], [1958], [366], [5578], [6678], [197], [3265], [4436], [2150], [50616], [1869], [6275], [10563], [406971], [2308], [3757], [79923], [1634], [6868], [6376]]
Tissues Heterotopic:[[7422], [7040], [3091], [4318], [7099], [3952], [3953], [860], [154], [2778], [3075], [650], [406986], [8837], [6591], [7042], [7043], [655], [5649], [90], [2798], [2796], [2487], [23017], [693215], [55179]]
Choristoma:[[2099], [1499], [2100]]
Aberrant tissue:[[10413], [4316]]
Heterotopic structure either congenital or acquired:[[7422], [7040], [3091], [7157], [1956], [7099], [3569], [2064], [3845], [673], [6774], [4524], [3952], [3586], [5243], [7124], [3717], [2099], [5728], [207], [1636], [4233], [7421], [4318], [3123], [4790], [1029], [1499], [1401], [2475], [2153], [596], [4609], [9370], [367], [351], [3553], [546], [2944], [1080], [29126], [7015], [5743], [3458], [3576], [3815], [6714], [8743], [7852], [2778], [675], [3106], [11093], [5290], [6647], [2146], [4851], [50943], [595], [718], [4193], [3146], [4780], [238], [4313], [3480], [7450], [2952], [920], [5594], [5054], [4153], [1026], [4879], [406991], [7097], [6696], [2147], [2100], [3757], [6387], [2932], [3119], [796], [3077], [10413], [177], [5979], [5970], [1557], [3383], [857], [3688], [2706], [355], [3690], [3606], [4292], [5621], [1543], [3135], [3565], [9429], [335], [2157], [4763], [3557], [4170], [4582], [1906], [406938], [3958], [25], [5595], [3082], [4312], [324], [8626], [3791], [185], [2247], [4282], [4893], [861], [5599], [3417], [5781], [3265], [929], [7490], [2033], [6790], [1471], [2322], [23435], [1277], [8074], [6331], [3320], [4204], [5265], [407040], [213], [1585], [7291], [2321], [5329], [2261], [2260], [331], [3481], [6513], [5347], [2263], [4089], [3627], [7132], [8600], [867], [5888], [558], [682], [5460], [2305], [10135], [356], [1756], [26191], [9518], [727], [1786], [598], [811], [2308], [133], [11186], [3593], [2065], [4210], [2034], [3084], [302], [648], [3308], [7043], [8678], [7412], [7052], [2212], [7139], [55959], [2312], [6794], [5371], [5624], [5156], [2798], [4792], [1994], [9365]]
