Chromosome Aberration:[[947], [4085]]
Chromosomal Abnormalities:[[7157], [7124], [4524], [2064], [596], [4193], [4851], [2153], [3815], [5925], [324], [4204], [861], [6790], [5347], [4297], [100124700], [1111], [545], [4904], [9212], [2547], [57379], [4085], [7014], [991], [6473], [993], [2737], [10661], [6957], [865], [406968], [54386], [4629], [64067]]
Cytogenetic Abnormality:[[7157], [3717], [930], [1485]]
Cytogenetic Aberrations:[[7157], [1956], [5243], [1029], [5728], [4609], [861], [3417], [238], [5156], [4615], [55294], [26040]]
Cytogenetic Abnormalities:[[7157], [7422], [4524], [4609], [3717], [4851], [355], [861], [4869], [5371], [4613], [8651], [4221], [5914], [7158], [171023], [7066], [54], [7468], [57126], [1163], [113251], [7469], [57099], [3344]]
Chromosomal Abnormality:[[7157], [4627], [6664], [2035], [440], [1142], [8287]]
Chromosome Aberrations:[[7157], [4524], [672], [3845], [1312], [2944], [675], [3077], [472], [10], [860], [4297], [2073], [3394], [51438], [9947], [154215], [60500]]
Chromosome Abnormality:[[2261], [3623]]
Chromosomal Aberration:[[2944], [2952], [7515], [5599], [4353], [1728], [648], [4297], [7517], [847], [4928], [3239], [3235], [55198], [1637]]
Cytogenetic Aberration:[[]]
Chromosome Abnormalities:[[672], [675], [3606], [3043], [3600], [1555]]
Chromosomal Aberrations:[[7157], [1956], [2944], [675], [2952], [5444], [7515], [1493], [50943], [861], [2157], [2260], [1728], [860], [648], [2034], [5156], [7517], [864], [5080], [1555], [4361], [2122], [2296], [7913], [8243], [29072], [865], [5015], [6862], [5359], [6596], [5108], [50485], [7405], [221895], [23081], [157680], [7979], [114798], [8218], [27000], [4045], [84707], [84083]]
