Cleft palate unspecified:[[1956], [10253], [7040], [672], [999], [2260], [675], [652], [1950], [7341], [5888], [7043], [4487], [4914], [5077], [6608], [23779], [7917], [2804], [6259]]
CLEFT PALATE ISOLATED:[[3664], [4963], [4524], [7040], [1956], [6469], [5950], [4487], [672], [23028], [999], [8626], [7168], [6696], [675], [5444], [9423], [9241], [10], [2260], [2697], [4314], [5081], [860], [1280], [4548], [5727], [2304], [1028], [5077], [7020], [9], [4040], [23314], [8313], [6125], [5083], [6899], [80326], [3199], [57491], [57822], [55351], [25902], [4223], [421], [347853], [192343]]
Cleft palate isolated:[[3664], [4963], [4524], [7040], [1956], [6469], [5950], [4487], [672], [23028], [999], [8626], [7168], [6696], [675], [5444], [9423], [9241], [10], [2260], [2697], [4314], [5081], [860], [1280], [4548], [5727], [2304], [1028], [5077], [7020], [9], [4040], [23314], [8313], [6125], [5083], [6899], [80326], [3199], [57491], [57822], [55351], [25902], [4223], [421], [347853], [192343]]
Palate Cleft:[[3664], [10253], [8626], [1209], [4963], [63892], [1913], [93956], [1914], [24], [57698], [23705], [26585], [9423], [5820], [9241], [7168], [10413], [4524], [5081], [10507], [2042], [5818], [652], [23028], [7546], [7341], [4487], [999], [56606], [11023], [1956], [50945], [7040], [5530], [11259], [23779], [342184], [672], [4212], [5243], [56169], [2615], [7043], [7015], [4318], [2260], [134526], [1950], [2304], [7039], [675], [9948], [6696], [144453], [5444], [81037], [84319], [10592], [6347], [10], [875], [4314], [6469], [2697], [553158], [6573], [5888], [84830], [4548], [860], [650], [100507436], [4552], [8313], [3199], [2246], [1748], [5156], [7077], [23314], [4627], [5950], [2243], [1280], [4914], [51176], [1000], [2562], [2113], [5727], [7020], [89780], [5083], [1028], [6948], [1739], [5077], [9], [4040], [1500], [7414], [406932], [7531], [83990], [9935], [1719], [4522], [5817], [57822], [7350], [6899], [2571], [6608], [2252], [1302], [6470], [80326], [57491], [1301], [4920], [4281], [2255], [84634], [6497], [635], [7917], [5648], [83716], [1041], [1856], [6125], [3714], [6135], [7473], [1317], [4330], [6949], [163], [5819], [63976], [8029], [27324], [79718], [8241], [11124], [23133], [2295], [56034], [27232], [8817], [8100], [25902], [79784], [9411], [2248], [832], [2257], [6259], [2804], [9915], [4223], [2121], [55902], [83872], [421], [84695], [132884], [64065], [55432], [8643], [431707], [4617], [80114], [1745], [23743], [10584], [55728], [23483], [81578], [55351], [56033], [11129], [347853], [283659], [7497], [57549], [83690], [53336], [167681], [192343], [109286564], [8221], [108021840]]
CP - Cleft palate:[[7040], [23028], [652], [4314], [650], [7077], [7039], [7043], [6899], [83716]]
Palates Cleft:[[]]
Cleft palate NOS:[[1956]]
Cleft Palate Isolated:[[3664], [4963], [4524], [7040], [1956], [6469], [5950], [4487], [672], [23028], [999], [8626], [7168], [6696], [675], [5444], [9423], [9241], [10], [2260], [2697], [4314], [5081], [860], [1280], [4548], [5727], [2304], [1028], [5077], [7020], [9], [4040], [23314], [8313], [6125], [5083], [6899], [80326], [3199], [57491], [57822], [55351], [25902], [4223], [421], [347853], [192343]]
Cleft palate:[[3664], [4524], [10253], [1956], [7040], [24], [672], [23028], [63892], [999], [675], [23705], [5820], [93956], [7168], [8626], [5444], [26585], [9423], [56606], [6696], [1950], [9241], [652], [5530], [10], [10507], [2260], [2697], [4314], [2042], [57698], [650], [5888], [5081], [100507436], [860], [50945], [6469], [7341], [4963], [7039], [5156], [4487], [5950], [875], [4212], [7077], [7043], [1280], [4548], [7546], [2113], [4914], [4552], [1000], [9948], [5727], [2246], [2615], [2304], [10592], [6573], [1028], [7020], [5077], [9], [4040], [23314], [406932], [8313], [7414], [1719], [4522], [6948], [11259], [83990], [2571], [6608], [2562], [84830], [11023], [23779], [342184], [5817], [6470], [1301], [5818], [4920], [5083], [9935], [3199], [56169], [7917], [6125], [6899], [1041], [1856], [57491], [6949], [80326], [4281], [134526], [635], [57822], [1302], [4330], [163], [5819], [63976], [79718], [8241], [3714], [11124], [144453], [84319], [56034], [27232], [7473], [832], [8100], [25902], [2295], [2804], [2257], [4223], [83716], [421], [553158], [9915], [2121], [132884], [84695], [9411], [6259], [431707], [4617], [8643], [55432], [80114], [23743], [55728], [23483], [55351], [11129], [347853], [283659], [53336], [109286564], [108021840], [192343]]
CP:[[1356], [7157], [3586], [7124], [1080], [348], [3569], [7040], [8419], [7422], [54504], [631], [3576], [2099], [4318], [3123], [4790], [7421], [3553], [7099], [1401], [3845], [627], [3605], [3106], [4313], [7015], [3458], [3565], [920], [2944], [3630], [3105], [6647], [3383], [4851], [3119], [4153], [335], [4312], [4353], [2100], [3606], [11093], [5925], [1559], [142], [93661], [3107], [3934], [4314], [4843], [3725], [3557], [7276], [282617], [54106], [6772], [3552], [3558], [25], [3596], [8074], [650], [958], [328], [1756], [7076], [4057], [7018], [5340], [648], [7431], [7077], [9518], [79001], [6280], [652], [80339], [4854], [7153], [540], [6690], [1788], [6662], [613], [5624], [7415], [4322], [8651], [2149], [50616], [6279], [50964], [23028], [1394], [10320], [10664], [8862], [2904], [340061], [8945], [5037], [2], [1435], [1604], [7043], [1672], [6506], [5644], [7039], [51548], [3718], [538], [4321], [972], [2122], [5076], [30061], [3603], [7364], [3651], [5657], [51196], [7297], [6037], [6507], [10551], [6580], [7094], [2520], [2890], [2171], [3911], [5885], [1382], [10537], [1363], [1368], [658], [7799], [60468], [6899], [3818], [790], [165], [9495], [6717], [2058], [1362], [1825], [5406], [822], [9600], [81609], [6993], [5539], [7023], [5930], [23436], [8993], [1369], [29079], [83716], [55604], [9843], [119587], [752014], [146206], [8532], [29074], [9761], [9477], [57060], [84376], [27148], [79925], [54768], [64794], [56265], [57596], [284161], [58524], [90025], [728194], [340451]]
Palatoschisis:[[]]
palatoschisis:[[]]
CLEFT PALATE:[[3664], [4524], [10253], [1956], [7040], [24], [672], [23028], [63892], [999], [675], [23705], [5820], [93956], [7168], [8626], [5444], [26585], [9423], [56606], [6696], [1950], [9241], [652], [5530], [10], [10507], [2260], [2697], [4314], [2042], [57698], [650], [5888], [5081], [100507436], [860], [50945], [6469], [7341], [4963], [7039], [5156], [4487], [5950], [875], [4212], [7077], [7043], [1280], [4548], [7546], [2113], [4914], [4552], [1000], [9948], [5727], [2246], [2615], [2304], [10592], [6573], [1028], [7020], [5077], [9], [4040], [23314], [406932], [8313], [7414], [1719], [4522], [6948], [11259], [83990], [2571], [6608], [2562], [84830], [11023], [23779], [342184], [5817], [6470], [1301], [5818], [4920], [5083], [9935], [3199], [56169], [7917], [6125], [6899], [1041], [1856], [57491], [6949], [80326], [4281], [134526], [635], [57822], [1302], [4330], [163], [5819], [63976], [79718], [8241], [3714], [11124], [144453], [84319], [56034], [27232], [7473], [832], [8100], [25902], [2295], [2804], [2257], [4223], [83716], [421], [553158], [9915], [2121], [132884], [84695], [9411], [6259], [431707], [4617], [8643], [55432], [80114], [23743], [55728], [23483], [55351], [11129], [347853], [283659], [53336], [109286564], [108021840], [192343]]
Cleft-palate:[[3664], [4524], [10253], [1956], [7040], [24], [672], [23028], [63892], [999], [675], [23705], [5820], [93956], [7168], [8626], [5444], [26585], [9423], [56606], [6696], [1950], [9241], [652], [5530], [10], [10507], [2260], [2697], [4314], [2042], [57698], [650], [5888], [5081], [100507436], [860], [50945], [6469], [7341], [4963], [7039], [5156], [4487], [5950], [875], [4212], [7077], [7043], [1280], [4548], [7546], [2113], [4914], [4552], [1000], [9948], [5727], [2246], [2615], [2304], [10592], [6573], [1028], [7020], [5077], [9], [4040], [23314], [406932], [8313], [7414], [1719], [4522], [6948], [11259], [83990], [2571], [6608], [2562], [84830], [11023], [23779], [342184], [5817], [6470], [1301], [5818], [4920], [5083], [9935], [3199], [56169], [7917], [6125], [6899], [1041], [1856], [57491], [6949], [80326], [4281], [134526], [635], [57822], [1302], [4330], [163], [5819], [63976], [79718], [8241], [3714], [11124], [144453], [84319], [56034], [27232], [7473], [832], [8100], [25902], [2295], [2804], [2257], [4223], [83716], [421], [553158], [9915], [2121], [132884], [84695], [9411], [6259], [431707], [4617], [8643], [55432], [80114], [23743], [55728], [23483], [55351], [11129], [347853], [283659], [53336], [109286564], [108021840], [192343]]
CPI:[[7422], [4790], [6622], [29126], [1493], [3958], [387], [7430], [3956], [4771], [10399], [6351], [8290], [3728], [4478], [2627], [4208], [1476], [4659], [5962], [94274], [3682], [26472]]
Uranoschisis:[[]]
