TEV - Talipes equinovarus:[[]]
Club feet:[[]]
Congenital talipes equinovarus:[[1277], [2737], [3205], [2273], [3239], [7476], [1297], [3238]]
CCF:[[5307], [9500], [183]]
CLUBFOOT CONGENITAL WITH OR WITHOUT DEFICIENCY OF LONG BONES AND/OR MIRROR-IMAGE POLYDACTYLY:[[145282], [5307]]
Talipes equinovarus:[[1277], [2737], [3205], [2273], [7476], [3239], [1297], [3238]]
Equinovarus:[[1277], [2737], [3205], [2273], [7476], [3239], [1297], [3238]]
Congenital Clubfoot:[[4524], [1499], [7169], [10], [5307], [3236], [2052], [3205], [7168], [7476], [4621], [9496]]
Equinovarus deformity:[[]]
Congenital Clubfeet:[[2218], [1589], [4868], [2324], [26580], [146059], [5290], [857], [284119], [167691], [1080], [2266], [1145], [79147], [1134], [2244], [10381], [2243], [5631], [91869], [7422], [4810], [1144], [4000], [1545], [4524], [5054], [1180], [3000], [2147], [5979], [7253], [7040], [4893], [9215], [7124], [6261], [7157], [2697], [29954], [4072], [1991], [64802], [1956], [25], [3265], [4933], [1636], [58], [2673], [2626], [26154], [3569], [4352], [7849], [6335], [3845], [4879], [1634], [1482], [8087], [2065], [5236], [190], [23581], [3091], [367], [673], [4625], [2784], [8929], [6010], [2627], [2099], [1441], [55906], [2706], [4803], [60482], [3342], [7010], [59341], [3479], [3341], [6329], [7051], [6576], [2064], [55624], [182], [1401], [4846], [207], [6121], [4790], [351], [3553], [7099], [9370], [5243], [3106], [399565], [627], [4359], [7421], [3952], [7170], [59344], [5743], [2944], [1499], [55858], [3938], [150082], [7454], [4137], [999], [1650], [23418], [2668], [596], [1294], [5468], [3908], [10585], [2950], [4851], [4609], [57190], [23746], [11093], [7485], [100861439], [619409], [619404], [550625], [404715], [317685], [266979], [81866], [54719], [54115], [53368], [7792], [5765], [4934], [981], [878], [1906], [6616], [3675], [5373], [2779], [80184], [3757], [3458], [5587], [1293], [1785], [2153], [778], [4487], [2290], [3921], [4604], [3717], [1406], [101202687], [101202686], [101154642], [101055624], [100682325], [100302720], [100188765], [780915], [780899], [8130], [8104], [8094], [907], [4313], [332], [4053], [1140], [2512], [9469], [7097], [1811], [406987], [10653], [84061], [7067], [1026], [7450], [2952], [406991], [10661], [6331], [1291], [5080]]
Pes equinovarus:[[]]
Clubfoot:[[4524], [1499], [9612], [1543], [10], [5307], [2052], [7168], [3205], [7169], [7476], [144348], [3236], [4621], [9496], [100533183], [7140], [113189], [23066]]
Clubfeet:[[]]
Pes equinus:[[]]
Congenital club feet:[[]]
Congenital clubfoot NOS:[[1499]]
Pie Torcido:[[]]
Club foot:[[121278]]
Talipes Equinovarus:[[1277], [2737], [3205], [2273], [7476], [3239], [1297], [3238]]
Congenital talipes NOS:[[]]
Pie Torcidos:[[3146], [904]]
Talipes equinovarus (clubfoot):[[3205], [7476]]
Talipes Equinovarus Congenital:[[1277], [2737], [3205], [2273], [3239], [7476], [1297], [3238]]
