Common variable agammaglobulinemia:[[930], [7124], [3569], [51311], [5599], [613], [5896]]
Common variable hypogammaglobulinemia:[[23495], [930], [1380], [10320], [7852], [3586], [987]]
Common variable immunodeficiency:[[29851], [1380], [930], [115650], [7124], [59067], [3569], [7040], [3586], [23495], [4791], [4790], [975], [3106], [931], [1493], [3105], [3565], [4153], [54106], [929], [959], [5580], [3559], [5328], [2212], [10673], [7133], [2521], [987], [51284], [10320], [3002], [3439], [3684], [3574], [57379], [943], [4179], [5573], [3662], [7409], [3567], [3718], [10111], [58191], [51311], [2217], [1118], [4068], [5896], [939], [84433], [640], [91662], [5450], [4439], [56832]]
Common variable agammaglobulinaemia:[[]]
CVID:[[23495], [7040], [3586], [672], [4790], [3106], [1493], [3105], [50943], [3565], [929], [406947], [958], [54106], [959], [10673], [3559], [331], [59067], [2212], [695], [51284], [100133941], [10320], [6376], [1524], [3439], [4791], [3676], [942], [51311], [406934], [939], [930], [29851], [2220], [4068], [970], [909], [115650], [51119], [8784], [911], [910], [9051], [56832], [359948]]
Variable Hypogammaglobulinemia Common:[[23495], [930], [1380], [10320], [7852], [3586], [987]]
CVI - Common variable immunodeficiency:[[]]
Common Variable Immune Deficiency:[[3123], [59067], [348], [29851], [3106], [3077], [3558], [4790], [23495], [6622], [1493], [50943], [4137], [4609], [930], [4179], [19], [1029], [718], [920], [7157], [3662], [1234], [79068], [7124], [1380], [7015], [3784], [6774], [3559], [1401], [2147], [115650], [5788], [673], [3569], [3479], [3586], [7099], [4153], [3105], [7040], [5468], [2688], [627], [338], [1956], [5054], [3486], [351], [6513], [367], [51284], [1803], [3162], [472], [3553], [2157], [9370], [3565], [29126], [5728], [2064], [7421], [3091], [975], [10320], [2896], [7097], [3845], [120892], [1080], [672], [3576], [23411], [2099], [4318], [5133], [4851], [4791], [6532], [3557], [54658], [7490], [931], [114548], [2475], [675], [5743], [4846], [54106], [3717], [4292], [5896], [6647], [596], [100], [207], [2944], [1312], [7450], [90865], [1499], [100507436], [255738], [929], [8517], [6347], [7852], [7132], [54209], [3383], [7253], [6696], [2624], [987], [999], [947], [5970], [23308], [2908], [1557], [6772], [1813], [406938], [3600], [440275], [3620], [3690], [5443], [5663], [11093], [2212], [2706], [2312], [3480], [3815], [959], [57817], [2146], [1118], [23586], [4780], [4843], [1584], [3290], [2952], [27040], [3718], [10413], [10673], [4000], [7428], [3329], [3265], [4068], [2260], [5371], [1536], [1277], [4763], [1789], [581], [1050], [7942], [3514], [5580], [4286], [2833], [6566], [57379], [1535], [326], [56832], [1471], [5599], [540], [2720], [3684], [10599], [4005], [2152], [7474], [650], [3674], [1788], [6261], [653361], [4683], [952], [1410], [7248], [9927], [3664], [7249], [6909], [5467], [3535], [9966], [488]]
CVID - Common variable immunodeficiency:[[23495], [29851], [930], [115650], [59067], [7040], [3586], [4791], [4790], [3106], [1493], [3105], [3565], [54106], [929], [959], [10673], [3559], [2212], [51284], [10320], [3439], [51311], [939], [4068], [56832]]
Common variable hypogammaglobulinaemia:[[348], [3123], [6622], [4137], [29851], [59067], [3077], [6331], [79068], [4023], [23495], [19], [6934], [3757], [1071], [4179], [3784], [4790], [1029], [3106], [6323], [7015], [4160], [930], [1380], [115650], [1559], [3133], [338], [5788], [3662], [4609], [3486], [3492], [5781], [7157], [1401], [367], [217], [627], [673], [3558], [5468], [1803], [2645], [10320], [1493], [1030], [472], [3105], [1956], [120892], [7040], [7124], [3903], [1234], [2064], [4791], [6532], [4204], [920], [7012], [3845], [3569], [54658], [4613], [7490], [931], [51085], [2896], [960], [3586], [4846], [3091], [1312], [975], [9370], [3759], [425054], [718], [2903], [3553], [3479], [351], [3767], [672], [1080], [2099], [4318], [255738], [5243], [2321], [5428], [5728], [5743], [6774], [7421], [2778], [5156], [3576], [29126], [1499], [7099], [207], [6531], [5460], [2697], [3565], [79001], [675], [5054], [3557], [7253], [7291], [2950], [947], [3717], [5444], [26609], [56244], [6647], [1557], [999], [2475], [2706], [5080], [3630], [6928], [729230], [3815], [2944], [23411], [1813], [4292], [51741], [596], [7299], [7450], [875], [5979], [154], [4851], [5176], [4193], [2294], [51284], [5621], [2590], [4128], [4313], [8651], [5649], [590], [10062], [4153], [987], [324], [4233], [3690], [1815], [1588], [5430], [940], [7097], [578], [7276], [2153], [6347], [3605], [4624], [2952], [1282], [3480], [2908], [7852], [2146], [2260], [2100], [5915], [2719], [4780], [6311], [54106], [941], [406938], [51311], [4621], [1545], [2261], [3383], [6696], [4000], [50943], [176], [114548], [4210], [2312], [7515], [929], [5663]]
Immunodeficiencies Common Variable:[[3492], [4791], [8517], [326], [2624], [5896]]
IMMUNODEFICIENCY COMMON VARIABLE:[[29851], [59067], [115650], [348], [23495], [930], [1380], [4790], [6622], [50943], [6934], [5788], [4179], [3106], [10320], [920], [7040], [3586], [4791], [6772], [3662], [7157], [931], [3558], [975], [1803], [1493], [3105], [7124], [1234], [472], [51284], [8517], [987], [6347], [4780], [3569], [54658], [3553], [3479], [1789], [6774], [5243], [2321], [5728], [3565], [7421], [29126], [7099], [7852], [100], [3718], [84433], [27040], [4683], [729230], [2475], [359948], [7450], [4851], [3566], [4153], [7097], [5896], [54106], [51311], [6696], [60489], [929], [3162], [3811], [5133], [2521], [3577], [4297], [100507436], [2212], [3559], [11093], [959], [7133], [10673], [3600], [5328], [5580], [943], [3574], [57379], [1555], [50615], [23308], [2624], [2641], [3439], [3684], [3002], [7409], [2217], [3567], [4439], [10111], [58191], [5573], [85363], [4068], [1118], [94], [653361], [939], [5518], [640], [6023], [91662], [5450], [56832]]
Immunodeficiency Common Variable:[[29851], [59067], [115650], [348], [23495], [930], [1380], [4790], [6622], [50943], [6934], [5788], [4179], [3106], [10320], [920], [7040], [3586], [4791], [6772], [3662], [7157], [931], [3558], [975], [1803], [1493], [3105], [7124], [1234], [472], [51284], [8517], [987], [6347], [4780], [3569], [54658], [3553], [3479], [1789], [6774], [5243], [2321], [5728], [3565], [7421], [29126], [7099], [7852], [100], [3718], [84433], [27040], [4683], [729230], [2475], [359948], [7450], [4851], [3566], [4153], [7097], [5896], [54106], [51311], [6696], [60489], [929], [3162], [3811], [5133], [2521], [3577], [4297], [100507436], [2212], [3559], [11093], [959], [7133], [10673], [3600], [5328], [5580], [943], [3574], [57379], [1555], [50615], [23308], [2624], [2641], [3439], [3684], [3002], [7409], [2217], [3567], [4439], [10111], [58191], [5573], [85363], [4068], [1118], [94], [653361], [939], [5518], [640], [6023], [91662], [5450], [56832]]
Variable Hypogammaglobulinemias Common:[[348], [3123], [6622], [4137], [29851], [59067], [3077], [6331], [79068], [4023], [23495], [19], [6934], [3757], [1071], [4179], [3784], [4790], [1029], [3106], [6323], [7015], [4160], [930], [1380], [115650], [1559], [3133], [338], [5788], [3662], [4609], [3486], [3492], [5781], [7157], [1401], [367], [217], [627], [673], [3558], [5468], [1803], [2645], [10320], [1493], [1030], [472], [3105], [1956], [120892], [7040], [7124], [3903], [1234], [2064], [4791], [6532], [4204], [920], [7012], [3845], [3569], [54658], [4613], [7490], [931], [51085], [2896], [960], [3586], [4846], [3091], [1312], [975], [9370], [3759], [425054], [718], [2903], [3553], [3479], [351], [3767], [672], [1080], [2099], [4318], [255738], [5243], [2321], [5428], [5728], [5743], [6774], [7421], [2778], [5156], [3576], [29126], [1499], [7099], [207], [6531], [5460], [2697], [3565], [79001], [675], [5054], [3557], [7253], [7291], [2950], [947], [3717], [5444], [26609], [56244], [6647], [1557], [999], [2475], [2706], [5080], [3630], [6928], [729230], [3815], [2944], [23411], [1813], [4292], [51741], [596], [7299], [7450], [875], [5979], [154], [4851], [5176], [4193], [2294], [51284], [5621], [2590], [4128], [4313], [8651], [5649], [590], [10062], [4153], [987], [324], [4233], [3690], [1815], [1588], [5430], [940], [7097], [578], [7276], [2153], [6347], [3605], [4624], [2952], [1282], [3480], [2908], [7852], [2146], [2260], [2100], [5915], [2719], [4780], [6311], [54106], [941], [406938], [51311], [4621], [1545], [2261], [3383], [6696], [4000], [50943], [176], [114548], [4210], [2312], [7515], [929], [5663]]
Late onset immunoglobulin deficiency:[[3123], [2214], [6696], [7124], [3569], [3479], [3077], [7157], [920], [6774], [3075], [3586], [1378], [2153], [7040], [7422], [351], [5071], [3553], [4609], [627], [3119], [2099], [1956], [4292], [1636], [718], [2263], [1493], [7421], [3559], [4790], [255738], [4846], [4436], [7099], [3458], [7015], [207], [3593], [3576], [7450], [2475], [1080], [1950], [857], [2064], [7412], [727], [5979], [5133], [720], [3105], [54209], [84876], [596], [3383], [90865], [6347], [2312], [50943], [10320], [4023], [54106], [100507436], [841], [3570], [3146], [959], [3572], [2956], [4000], [4915], [3565], [4593], [958], [3596], [3558], [5950], [9173], [7098], [406938], [368], [5788], [5580], [387], [1277], [116519], [5395], [5777], [7494], [7132], [9518], [285], [8398], [50616], [6403], [7158], [4791], [51284], [100133941], [3684], [2081], [952], [2934], [3635], [9451], [192343]]
CVAG:[[]]
Common variable immunodeficiency unspecified:[[7040], [7124], [4790], [4791], [975], [5580], [3559], [7133], [7409]]
