Clouded consciousness:[[]]
Confusional state:[[6632]]
Dazed state:[[]]
Confusion NOS:[[]]
Confused:[[999], [355], [4153], [11093], [23586], [4627], [5228], [2194], [8202], [10643], [2719], [2516], [9173], [1649], [5311], [7173], [1965], [4155], [10395], [10499], [2313], [7374], [7066], [83990], [5660], [51343], [6789], [4880], [2304], [6646], [6761], [1200], [4899], [4628], [8655], [1808], [8553], [4504], [571], [10016], [5927], [65057], [5550], [4650], [38], [1267], [4485], [4641], [4779], [7536], [25865], [5920], [2314], [9616], [5630], [79784], [8315], [6295], [8435], [23426], [4651], [83939], [5881], [9883], [4640], [2694], [7462], [55422], [4643], [10531], [5948], [23428], [39], [10153], [4247], [80168], [23787], [4515], [4649], [85365], [8458], [50514], [55272], [8448], [5281], [84934], [8447], [221477], [100272147], [1821], [22932]]
Confusion:[[348], [3569], [79068], [125], [773], [55107], [9476], [113451], [4357], [10309]]
Muddled:[[]]
State Confusional:[[6632]]
States Confusional:[[]]
Dazed:[[]]
Dullness of senses:[[1956], [5468], [2475], [7097], [142], [3688], [114548], [10413], [1027], [5747], [387], [3320], [3064], [1869], [3309], [846], [8878], [796], [23586], [545], [801], [7249], [2316], [5741], [84876], [54790], [51284], [952], [4976], [25937], [7158], [7248], [9531], [7100], [54822], [51311], [4287], [57506], [7020], [10392], [5745], [22926], [2358], [5337], [835], [22861], [2744], [7942], [9780], [9447], [8239], [6546], [2114], [81793], [84444], [440275], [10979], [22954], [11284], [58484], [54407], [200424], [3141], [5164], [192111], [8884], [55486], [9032], [8028], [126129], [10287], [253461], [53373], [10462], [84188], [10922], [153129], [100302181]]
Foggy mind:[[]]
