Conversion Disorder:[[1312]]
conversion reaction:[[]]
Conversion disorder:[[1312]]
Conversion Reactions:[[]]
conversion hysteria:[[]]
Hysterical neurosis conversion type:[[2645], [348], [5054], [3569], [5468], [2064], [10], [111], [5460], [5159], [185], [999], [5444], [5979], [6514], [6262], [6934], [5329], [3630], [23405], [2155], [7471], [7132], [3106], [3784], [5624], [841], [4323], [4436], [5315], [3767], [7045], [2167], [249], [2475], [1394], [6716], [3291], [4287], [85363], [3856], [5340], [3558], [7486], [4023], [169026], [23569], [1734], [54901], [1528], [8644], [780], [27032], [3043], [383], [650], [6768], [2629], [5730], [2524], [7040], [7124], [9370], [3283], [6715], [3284], [80312], [6647], [6606], [7157], [5961], [3738], [6622], [1733], [4322], [326625], [351], [11240], [5211], [5160], [5019], [5621], [226], [229], [335], [1646], [581], [11251], [857], [1471], [23435], [4763], [356], [4747], [338], [1956], [5443], [4018], [3717], [79644], [10087], [5176], [1071], [98], [3293], [5243], [3992], [1645], [4137], [672], [2099], [51144], [1585], [3845], [4524], [1636], [2688], [6774], [367], [4609], [207], [627], [57817], [958], [2161], [2147], [567], [56658], [10253], [6833], [242], [7852], [1017], [3606], [1401], [673], [4193], [1080], [3553], [5310], [7015], [960], [1109], [572], [1312], [29126], [596], [2324], [3082], [2516], [1788], [2100], [29925], [4153], [3265], [57379], [1373], [7153], [2146], [2243], [7369], [7299], [4088], [3605], [7291], [5395], [5290], [4312], [7498], [28514], [1490], [1565], [50943], [120892], [3119], [1588], [1557], [1543], [3688], [5925], [7057], [9415], [142], [8074], [3953], [7054], [19], [103], [5831], [79589], [6648], [718], [3417], [1756], [1559], [60489], [159], [3934], [10891], [5328]]
hysteria:[[]]
Reaction Conversion:[[3106], [7157], [3569], [348], [7124], [1956], [351], [7040], [627], [2064], [4524], [6622], [5243], [1401], [5621], [4137], [2475], [6647], [672], [2099], [6774], [3845], [367], [673], [1312], [1080], [7015], [2147], [4609], [5468], [999], [29126], [596], [5054], [5444], [3605], [7852], [50943], [1588], [4193], [5888], [23405], [335], [2146], [960], [3606], [142], [3630], [120892], [4353], [3688], [581], [4282], [5925], [1559], [23435], [2157], [19], [60489], [3417], [6934], [338], [1586], [841], [6657], [3949], [356], [2247], [1577], [3320], [2068], [3064], [861], [3265], [1756], [4763], [5347], [7412], [3627], [958], [718], [5340], [6469], [2688], [7153], [3620], [1490], [5806], [1589], [5328], [57817], [1017], [6615], [2896], [1050], [7431], [4683], [567], [7057], [3290], [3375], [1788], [1111], [5159], [875], [57379], [2162], [6382], [2638], [6606], [1555], [361], [4830], [7486], [2159], [100133941], [2571], [1621], [6470], [1048], [1394], [25937], [2934], [4361], [3663], [9615], [55], [3939], [27250], [3251], [1591], [10111], [7299], [3976], [10628], [3156], [7498], [5230], [2191], [104], [7389], [27032], [6223], [921], [4056], [997], [1373], [11251], [1395], [5740], [4504], [8564], [50484], [1733], [1645], [1528], [8277], [132789], [4835], [3906], [2822], [151056], [22934], [1503], [29925], [6723], [51540], [83475], [85007], [79154], [139596]]
Conversion Disorders:[[]]
Psychologic conversion disorder:[[]]
Hysteria Conversion:[[2155], [348], [7157], [351], [7040], [7124], [3569], [1956], [4524], [1636], [6622], [627], [2064], [5243], [4137], [5621], [672], [2099], [9370], [3845], [2475], [4609], [6774], [1401], [367], [673], [207], [6647], [1080], [3553], [5468], [7015], [2147], [3106], [1312], [29126], [596], [999], [5444], [7852], [5054], [4193], [3717], [23405], [2146], [960], [3605], [5290], [1565], [50943], [1588], [120892], [3119], [335], [1557], [3688], [581], [2100], [3606], [3630], [5925], [4153], [23435], [142], [5979], [19], [857], [4023], [1543], [60489], [3417], [6648], [3043], [10413], [4312], [1559], [10891], [3934], [185], [6934], [3075], [338], [856], [4282], [6657], [3949], [406938], [3082], [2157], [2247], [1577], [3320], [2068], [3356], [3064], [861], [841], [10], [1585], [1071], [3558], [7291], [3265], [4436], [1471], [4353], [4763], [8074], [3953], [5347], [3627], [650], [7132], [5888], [4088], [5460], [5340], [718], [2629], [3784], [356], [5329], [2688], [59272], [1756], [1490], [11200], [103], [1589], [4018], [5328], [1017], [7412], [1586], [6615], [958], [8878], [862], [3600], [2896], [860], [6469], [1050], [7431], [4323], [3620], [5806], [567], [9518], [57817], [8678], [7057], [2643], [4087], [3375], [5315], [54790], [7153], [3689], [2521], [1788], [345], [1111], [5950], [5159], [79001], [9212], [10018], [3290], [2243], [5624], [652], [57379], [3570], [10631], [4683], [23621], [3767], [6382], [65018], [1789], [2638], [6464], [5228], [7056], [6606], [875], [5176], [2162], [1555], [7534], [2645], [7037], [6720], [361], [4830], [7045], [2158], [7528], [8877]]
