Creutzfeldt-Jakob disease unspecified:[[5621], [351], [348], [5594], [7529]]
Subacute Spongiform Encephalopathies:[[]]
Syndrome Creutzfeldt-Jakob:[[5621], [348], [3119], [4137], [5594], [351], [11075], [5243], [3605], [1832], [2688], [361], [23621], [1113], [1509], [7018], [102], [358], [2026], [10971], [4747], [7532], [345557]]
Jakob-Creutzfeldt disease unspecified:[[]]
Jakob-Creutzfeldt disease:[[]]
Transmissible virus dementia:[[4137], [6622]]
Subacute Spongiform Encephalopathy:[[]]
Disease Creutzfeldt-Jakob:[[5621], [3119], [11315], [351], [348], [4137], [4747], [5243], [11075], [5594], [4862], [102], [3605], [63876], [23621], [9108], [1509], [2688], [7018], [361], [358], [199], [1113], [43], [10763], [2023], [2026], [1832], [10971], [7529], [7532], [1114], [7533], [255022], [23627], [2918], [260293], [503542], [143279], [345557]]
CJD - Creutzfeldt-Jakob disease:[[]]
Creutzfeldt-Jakob disease:[[5621], [3119], [4137], [348], [351], [5243], [11075], [5594], [3605], [1509], [2688], [11315], [23621], [7018], [361], [358], [1113], [10763], [102], [43], [10971], [2023], [4747], [2026], [7529], [1832], [7532], [7533], [199], [1114], [255022], [23627], [2918], [260293], [143279], [503542], [345557]]
JCD - Jakob-Creutzfeldt disease:[[]]
Syndrome Jakob-Creutzfeldt:[[5621], [348], [4137], [3119], [5594], [351], [5243], [3605], [1832], [11075], [2688], [361], [23621], [1113], [1509], [7018], [102], [358], [2026], [10971], [4747], [7532], [345557]]
CJD (Creutzfeldt-Jakob Disease):[[5621], [348], [4137], [351], [11075], [43], [10971]]
Jakob Creutzfeldt Disease:[[]]
Jakob Creutzfeldt Syndrome:[[]]
CJD (Creutzfeldt Jakob Disease):[[5621], [348], [4137], [351], [11075], [43], [10971]]
Subacute spongiform encephalopathy:[[]]
CJD:[[5621], [348], [351], [4137], [581], [5610], [5915], [43], [5649], [10971], [3921], [11075]]
CREUTZFELDT-JAKOB DISEASE:[[5621], [3119], [4137], [348], [351], [5243], [11075], [5594], [3605], [1509], [2688], [11315], [23621], [7018], [361], [358], [1113], [10763], [102], [43], [10971], [2023], [4747], [2026], [7529], [1832], [7532], [7533], [199], [1114], [255022], [23627], [2918], [260293], [143279], [503542], [345557]]
Jakob-Creutzfeldt Disease:[[]]
Jacob Disease Creutzfeldt:[[5621], [253461], [5922]]
