Chalazodermia:[[]]
Cutis Laxa:[[10516], [2006], [5831], [5832], [538], [23545], [30008], [8425], [523], [529], [54453], [2677], [92344]]
Cutaneous laxity:[[3479]]
Dermatolysis:[[]]
Lax skin:[[1493], [4218], [29920]]
Loose skin:[[3265], [23435], [820], [6469], [5500], [8036], [23621], [5727], [1269], [1855], [25825], [9119]]
Primary elastolysis:[[5581]]
Dermatomegaly:[[]]
Cutis laxa (hyperelastica):[[]]
Dermatolyses:[[]]
Skin laxity:[[1278], [3479], [3835], [55790], [64324], [23233], [126792], [64412], [51199]]
Cutis laxa:[[10516], [2006], [5831], [5832], [538], [23545], [30008], [8425], [523], [529], [54453], [2677], [92344]]
