Decompression sickness:[[]]
Compressed air disease:[[1956]]
Bends:[[4436], [6908], [7019], [4647], [4437]]
Divers' paralysis:[[6329], [3759], [100134444], [779], [7422], [7939], [112272595], [6647], [57679], [23435], [8743], [4282], [6331], [3315], [3308], [2521], [6794], [1410], [773], [590], [59341], [4747], [4359], [3603], [6559], [477], [55636], [3773], [10801], [4938], [6507], [9097], [10060], [4593], [259232], [10008], [8898], [57716], [23321], [60386], [149461], [9895]]
Compressed-air disease:[[1956]]
Diver's palsy or paralysis:[[6329], [4137], [3759], [100134444], [348], [779], [7124], [3569], [3558], [8878], [7422], [4524], [59067], [3553], [1499], [3576], [6622], [6647], [619408], [60502], [2475], [3479], [3952], [7852], [7939], [100038248], [112272595], [3662], [23435], [9451], [120892], [3606], [2153], [2571], [6696], [4843], [1630], [57679], [4153], [8743], [4282], [5663], [6331], [10], [4128], [3486], [64221], [3315], [3308], [2521], [6794], [4049], [5300], [6579], [5624], [5478], [6093], [847], [5376], [4842], [604], [23189], [1410], [113278], [7080], [2066], [6198], [5788], [84617], [10228], [1020], [773], [590], [1394], [59341], [120], [91754], [10563], [4747], [5354], [406907], [1440], [8929], [1282], [926], [5664], [4359], [9475], [6311], [4129], [3603], [3708], [6506], [1082], [6362], [6559], [477], [7432], [55636], [1129], [3773], [1639], [7846], [10801], [1667], [10452], [9790], [4938], [1128], [6507], [2879], [4336], [64750], [51062], [9097], [2936], [10215], [10060], [4593], [9516], [111], [116443], [5309], [55605], [285489], [1668], [259232], [4619], [10008], [401], [1132], [11221], [8898], [57716], [3211], [23321], [81559], [79791], [60386], [149461], [50488], [8927], [10717], [9179], [23431], [9761], [51294], [9895], [54923], [11154], [406939], [574487], [6775083]]
Caisson disease:[[]]
Caisson disease [decompression sickness]:[[]]
Rapture of the deep syndrome:[[7157], [348], [80184], [3845], [673], [5728], [8481], [7486], [54658], [367], [7490], [2261], [2263], [207], [7399], [1029], [10804], [5428], [5080], [338], [6513], [3265], [2153], [1401], [672], [4893], [6774], [7401], [3717], [4137], [2475], [5885], [675], [4193], [999], [4851], [4524], [100188856], [1287], [324], [8517], [27019], [2099], [7124], [171023], [1588], [3569], [7428], [857], [7040], [1956], [11093], [5621], [718], [7422], [7048], [11200], [4318], [1499], [1636], [5054], [3586], [627], [2147], [3553], [7056], [9370], [998], [6598], [2247], [4846], [4790], [4313], [54790], [3576], [2776], [4854], [5743], [7852], [6387], [3091], [1080], [6347], [2100], [3606], [1813], [3146], [4609], [2064], [3077], [335], [177], [6696], [2157], [2152], [1000], [5133], [6622], [183], [3557], [4282], [29126], [596], [10311], [6777], [56729], [27161], [861], [54106], [1471], [6514], [59272], [7076], [4843], [4508], [26047], [1803], [3690], [3417], [23314], [4210], [796], [3082], [6285], [10673], [142], [3791], [4314], [4233], [9126], [5241], [1027], [581], [5925], [120892], [213], [217], [4072], [5329], [4552], [3752], [5265], [5071], [1268], [6352], [4018], [9021], [24], [51561], [1756], [6403], [9365], [94025], [5340], [10735], [5624], [6559], [308], [7077], [6868], [6376], [2155], [7035], [2160], [860], [10664], [51206], [10544], [2162], [64805], [11124], [3418], [5300], [79001], [50507], [4915], [125], [4852], [135], [1524], [4057], [8038], [3718], [1392], [4771], [8910], [462], [5175], [2717], [3624], [102], [3485], [2158], [4092], [4586], [6833], [7345], [8289], [5196], [7471]]
Sickness Decompression:[[7422]]
Disease Caisson:[[1493], [5979], [64127], [11315], [351], [8792], [348], [5071], [1910], [3064], [3586], [6774], [3123], [1029], [6622], [4137], [540], [5310], [3717], [6347], [24], [1201], [6387], [3119], [120892], [335], [7450], [5621], [7422], [3569], [338], [5311], [3949], [3107], [4287], [19], [4023], [5664], [57623], [1071], [3558], [4314], [255738], [4088], [356], [3117], [26191], [1191], [653361], [1586], [958], [26503], [1401], [2629], [4018], [3593], [116519], [6927], [4688], [729230], [3106], [864], [3570], [80339], [7415], [6597], [2244], [59067], [345], [8651], [3115], [10577], [149233], [5314], [6261], [3592], [7957], [1030], [28], [10320], [1234], [3659], [246778], [3990], [4041], [1378], [100048912], [3077], [3383], [6775], [5376], [9173], [2161], [55600], [26058], [7439], [1138], [4361], [4582], [7369], [1956], [1282], [3122], [6653], [4747], [51752], [7124], [4359], [538], [55054], [1136], [6311], [5663], [3931], [3992], [2646], [6584], [337], [9966], [4321], [56606], [217], [1235], [274], [5734], [2524], [7040], [341], [7292], [3953], [4524], [1232], [6272], [5966], [5771], [2308], [54901], [4068], [7332], [8878], [3562], [100507436], [9388], [3084], [2099], [10452], [3559], [6583], [5328], [8301], [1636], [3635], [4693], [1230], [2212], [945], [4318], [29881], [9370], [5243], [367], [4790], [7128], [7421], [64241], [54332], [6403], [1373], [7077], [4846], [94103], [51085], [2243], [10019], [345611], [7015], [4311], [2581], [10221], [56731], [7840], [2876], [940], [6606], [60468], [3595], [2266], [50941], [100359403], [3458], [221692], [10347], [3658], [3133], [2904], [64478], [1394], [64170], [64399], [5594]]
The bends:[[4436], [6908], [7019], [4647], [4437]]
Diseases Caisson:[[367], [3123], [1029], [7157], [64127], [5621], [5071], [23435], [7124], [6262], [348], [79068], [26191], [7422], [3569], [7040], [4524], [1012], [5781], [3091], [3586], [3690], [1636], [3117], [4318], [9370], [5243], [1401], [627], [6934], [351], [4790], [1956], [7421], [3553], [2099], [7099], [3576], [6622], [5468], [4846], [4137], [149233], [2475], [3479], [1950], [3952], [6774], [3458], [3717], [4313], [2034], [5444], [1234], [6347], [3605], [4780], [406991], [7097], [23411], [1493], [207], [3146], [1080], [2064], [3077], [3162], [4609], [6696], [50943], [3606], [2065], [120892], [3135], [672], [29126], [3565], [4879], [7015], [177], [5728], [2944], [1499], [51738], [6598], [999], [5133], [5054], [1312], [335], [10320], [4000], [3106], [1030], [596], [114548], [2952], [3133], [406938], [929], [284], [7852], [5743], [26053], [673], [4282], [7369], [4582], [2932], [3572], [54106], [4312], [6647], [7010], [10643], [5594], [5915], [6387], [5265], [4153], [332], [2120], [4982], [6532], [3383], [675], [3105], [4599], [90865], [406947], [1543], [79728], [3119], [8878], [3958], [3815], [2908], [7490], [2896], [920], [5970], [1859], [3791], [2950], [4851], [355], [1131], [9759], [338], [472], [5771], [10673], [5290], [1116], [7450], [85363], [10413], [10135], [7515], [6584], [27086], [8434], [6772], [1565], [55054], [1557], [6331], [56729], [4233], [5587], [595], [5925], [3627], [7132], [8600], [368], [22926], [1026], [10371], [5465], [2737], [5027], [5979], [3934], [19], [3596], [3557], [3552], [2706], [2147], [2100], [3490], [958], [217], [1906], [84868], [682], [6667], [5879], [183]]
Divers' palsy:[[4137], [348], [7124], [3569], [3558], [8878], [4524], [7422], [59067], [3553], [1499], [3576], [6622], [619408], [60502], [2475], [3479], [3952], [7852], [100038248], [3662], [9451], [6647], [120892], [3606], [2153], [2571], [23435], [6696], [4843], [1630], [4153], [5663], [10], [4128], [3486], [64221], [4049], [5300], [6579], [5624], [5478], [6093], [847], [5376], [4842], [604], [23189], [113278], [7080], [2066], [6198], [5788], [84617], [10228], [1020], [1394], [120], [91754], [10563], [5354], [406907], [1440], [8929], [1282], [926], [4747], [5664], [9475], [6311], [4129], [3708], [6506], [1082], [6362], [7432], [1129], [1639], [7846], [1667], [10452], [9790], [1128], [2879], [4336], [64750], [51062], [2936], [10215], [9516], [111], [116443], [5309], [55605], [285489], [1668], [4619], [401], [1132], [11221], [3211], [81559], [79791], [50488], [8927], [10717], [9179], [23431], [9761], [51294], [54923], [11154], [406939], [574487], [6775083]]
