Deglutition Disorder:[[]]
Poor swallowing:[[348], [6863]]
Difficulty swallowing:[[348], [8221]]
Swallowing Disorder:[[348], [6863], [8221]]
Swallowing difficulties:[[348]]
Swallowing difficulties (dysphagia):[[]]
Swallowing Disorders:[[348], [6863]]
Disorders Deglutition:[[7124], [348], [7422], [3569], [4524], [7157], [7750], [3630], [775], [7040], [4318], [9370], [627], [3481], [5728], [367], [1956], [1312], [6622], [5468], [6532], [2697], [3586], [4137], [2475], [3479], [3553], [3952], [6774], [7099], [8842], [283120], [3717], [2212], [2099], [3091], [1636], [2214], [354], [4297], [673], [4846], [351], [1813], [7421], [4684], [2908], [207], [1080], [4313], [29126], [947], [5743], [1499], [51738], [3123], [4790], [5054], [5444], [120892], [6925], [6531], [8626], [5243], [7054], [1401], [3845], [6347], [2932], [3576], [672], [1029], [7015], [3162], [2332], [2706], [4204], [3146], [9759], [3356], [2903], [4879], [110806262], [5919], [406928], [23411], [2944], [4609], [3458], [6331], [3606], [4128], [43], [79068], [1815], [7035], [1806], [3605], [3565], [5290], [596], [3815], [23435], [6696], [4000], [4179], [1493], [4233], [2919], [3106], [999], [3135], [2153], [79728], [4916], [4780], [3077], [91752], [10371], [1565], [7097], [2147], [7852], [2023], [4851], [675], [4193], [1234], [114548], [6285], [2952], [3992], [4982], [406991], [5021], [1482], [81], [2146], [355], [5621], [472], [1129], [4547], [1432], [3119], [406938], [332], [7450], [1268], [6647], [2778], [1557], [2200], [2950], [3383], [154], [8074], [960], [2100], [6595], [50943], [64127], [3350], [5133], [1280], [3105], [5265], [6387], [5925], [6323], [7132], [217], [1906], [6648], [177], [5027], [5428], [23314], [5970], [3557], [4988], [2289], [288], [4627], [4282], [3054], [4153], [3084], [6667], [2321], [10135], [5879], [3958], [2629], [3480], [3043], [2261], [3082], [183], [324]]
Difficulties swallowing:[[348]]
Difficulty in swallowing:[[348], [8221]]
Difficulty in swallowing NOS:[[]]
Swallowing difficult:[[]]
Dysphagia:[[627], [1029], [1312], [5663], [84466], [6329], [8106], [56652], [3798], [23515]]
Dysphagia unspecified:[[1029]]
