Enamel Ageneses:[[]]
Hypoplasias Enamel:[[9622], [9313], [258], [1956], [7422], [7040], [596], [1487], [4233], [4487], [6786], [2308], [581], [5465], [6772], [3265], [3315], [2263], [650], [4763], [5328], [7052], [265], [7474], [775], [5189], [84876], [632], [4322], [10117], [80781], [6304], [3694], [3918], [5818], [3909], [1834], [6899], [10312], [1758], [1747], [286077], [3263], [5684], [56975], [2103], [26504], [6779], [54757], [8111], [5190], [266], [7286], [401138], [9119], [256764], [123041], [152816], [395]]
Enamel hypoplasia:[[5189], [4763], [1747]]
Enamel agenesis:[[]]
Hypoplastic enamel:[[4487]]
Hypoplasia Dental Enamel:[[4763]]
Dental enamel hypoplasia:[[4763]]
Enamel Agenesis:[[]]
Hypoplasia Enamel:[[5189], [4763], [1747]]
Hypoplastic Enamel:[[4487]]
