Dead pulp:[[7124], [7157], [7422], [3569], [5743], [1499], [4609], [7099], [596], [836], [4088], [121340]]
Devitalised pulp:[[7124], [7157], [7422], [7040], [3569], [7852], [3091], [2099], [6774], [3479], [3553], [1029], [5743], [627], [4846], [23411], [5728], [4609], [1499], [7099], [6387], [1312], [2475], [596], [5594], [406991], [4851], [4780], [5460], [3480], [64127], [9429], [177], [3162], [2146], [2100], [114548], [1432], [6667], [6714], [836], [5621], [1906], [5879], [5595], [3082], [10413], [4843], [2247], [3552], [650], [406938], [860], [929], [2697], [2033], [3627], [6657], [718], [3309], [3486], [2263], [4088], [7291], [10135], [4323], [5806], [11200], [1786], [3315], [5328], [846], [2212], [1385], [1268], [648], [2200], [2214], [5300], [4087], [4854], [7189], [4615], [1111], [9021], [133], [249], [6662], [2534], [7442], [7046], [6678], [9314], [652], [59341], [1051], [8829], [2149], [2150], [5327], [842], [3925], [3678], [92140], [84876], [4804], [5604], [834], [79923], [54790], [4322], [7042], [1236], [2833], [4254], [5654], [406935], [407008], [5744], [55384], [890], [5649], [7082], [2668], [1649], [6335], [54822], [7043], [1513], [10392], [8989], [89780], [4129], [1948], [79054], [6283], [6366], [7220], [4487], [2050], [80312], [5008], [2746], [87], [2274], [4017], [9447], [2048], [5251], [896], [7114], [23657], [407048], [407009], [10457], [406943], [4856], [1834], [8639], [9241], [5028], [10507], [140885], [28514], [54829], [29843], [7130], [10663], [4052], [1947], [9444], [1758], [4745], [649], [56339], [5024], [51547], [10215], [80326], [94234], [5737], [466], [265], [121340], [8481], [9260], [1747], [574511], [5364], [7480], [574434], [100033819], [8482], [10863], [8490], [3381], [11127], [27202], [29109], [56975]]
Necrosis of pulp:[[7124], [5806], [7130], [7157], [3569], [7422], [7040], [7099], [3553], [3091], [3479], [6774], [64127], [7189], [7852], [1432], [23411], [5594], [5743], [596], [836], [59341], [4780], [4846], [177], [1029], [3552], [5728], [929], [627], [4609], [1499], [1906], [5595], [406991], [7291], [4851], [114548], [3162], [3082], [3627], [6667], [3315], [2146], [2100], [650], [406938], [4843], [2247], [5879], [10413], [4804], [10135], [4615], [2214], [2150], [1786], [2212], [834], [7442], [7046], [6678], [92140], [9314], [1051], [2149], [3678], [10392], [140885], [6366], [2668], [1649], [9447], [7114], [406943], [2048], [896], [4052], [27202], [574441], [192343]]
Pulpal gangrene:[[]]
Pulp Necroses:[[]]
Necrosis of the pulp:[[7124], [5806], [7130], [7157], [3569], [7422], [7040], [7099], [3553], [3091], [3479], [6774], [64127], [7189], [7852], [1432], [23411], [5594], [5743], [596], [836], [59341], [4780], [4846], [177], [1029], [3552], [5728], [929], [627], [4609], [1499], [1906], [5595], [406991], [7291], [4851], [114548], [3162], [3082], [3627], [6667], [3315], [2146], [2100], [650], [406938], [4843], [2247], [5879], [10413], [4804], [10135], [4615], [2214], [2150], [1786], [2212], [834], [7442], [7046], [6678], [92140], [9314], [1051], [2149], [3678], [10392], [140885], [6366], [2668], [1649], [9447], [7114], [406943], [2048], [896], [4052], [27202], [574441], [192343]]
Pulp Necrosis:[[]]
Pulp necrosis:[[]]
Necrotic pulp:[[7157], [7124], [3569], [3553], [1029], [5743], [7099], [2475], [596], [5594], [64127], [114548], [3552], [836], [5595], [650], [860], [834], [1385], [407008], [1649], [407048], [9447]]
Pulpal necrosis:[[3576], [7099], [7040], [3146], [7097], [5743], [177], [5468], [7442], [6364]]
Putrescent pulpitis:[[4318], [407008], [9260], [55870]]
Pulp Necroses Dental:[[]]
Pulp Necrosis Dental:[[]]
Devitalized pulp:[[7124], [7157], [7422], [7040], [3569], [7852], [3091], [2099], [6774], [3479], [3553], [1029], [5743], [627], [4846], [23411], [5728], [4609], [1499], [7099], [6387], [1312], [2475], [596], [5594], [406991], [4851], [4780], [5460], [3480], [64127], [9429], [177], [3162], [2146], [2100], [114548], [1432], [6667], [6714], [836], [5621], [1906], [5879], [5595], [3082], [10413], [4843], [2247], [3552], [650], [406938], [860], [929], [2697], [2033], [3627], [6657], [718], [3309], [3486], [2263], [4088], [7291], [10135], [4323], [5806], [11200], [1786], [3315], [5328], [846], [2212], [1385], [1268], [648], [2200], [2214], [5300], [4087], [4854], [7189], [4615], [1111], [9021], [133], [249], [6662], [2534], [7442], [7046], [6678], [9314], [652], [59341], [1051], [8829], [2149], [2150], [5327], [842], [3925], [3678], [92140], [84876], [4804], [5604], [834], [79923], [54790], [4322], [7042], [1236], [2833], [4254], [5654], [406935], [407008], [5744], [55384], [890], [5649], [7082], [2668], [1649], [6335], [54822], [7043], [1513], [10392], [8989], [89780], [4129], [1948], [79054], [6283], [6366], [7220], [4487], [2050], [80312], [5008], [2746], [87], [2274], [4017], [9447], [2048], [5251], [896], [7114], [23657], [407048], [407009], [10457], [406943], [4856], [1834], [8639], [9241], [5028], [10507], [140885], [28514], [54829], [29843], [7130], [10663], [4052], [1947], [9444], [1758], [4745], [649], [56339], [5024], [51547], [10215], [80326], [94234], [5737], [466], [265], [121340], [8481], [9260], [1747], [574511], [5364], [7480], [574434], [100033819], [8482], [10863], [8490], [3381], [11127], [27202], [29109], [56975]]
