Photoallergic Dermatitis:[[]]
Photocontact Dermatitides:[[]]
Photosensitive Contact Dermatitis:[[]]
Photocontact Dermatitis:[[]]
Photoallergic dermatitis:[[]]
Photoallergic eczema:[[7454], [7124], [7040], [4524], [3553], [4318], [6774], [1401], [7099], [3458], [999], [3596], [2312], [7097], [3605], [406991], [5970], [1493], [3146], [2908], [154], [3565], [8626], [4843], [406938], [929], [406947], [54106], [5329], [26191], [10673], [3566], [820], [5328], [2625], [85480], [7046], [5478], [6778], [3661], [246778], [406907], [8742], [1514], [8741], [6869], [7100], [1282], [10392], [3992], [360], [406911], [3459], [386653], [7096], [6362], [9415], [2205], [3665], [1215], [64581], [11005], [387129], [6367], [10333], [5650], [81704], [1300], [3497], [3568], [3660], [11127], [6036], [23581], [10850], [27063], [57628], [1295], [6707], [256076], [60481], [51131], [59344], [5097], [50509], [5017], [143662], [151516], [6701], [284382]]
Photoallergic contact dermatitis:[[]]
Photoallergic Contact Dermatitis:[[]]
Allergic photocontact eczema:[[85480], [7454], [3596], [7124], [7040], [7099], [3458], [7097], [2312], [3605], [6778], [4524], [6774], [3565], [4318], [1401], [3553], [929], [1493], [999], [3566], [406991], [5970], [7096], [3146], [4843], [406947], [54106], [2625], [10333], [26191], [10673], [820], [2205], [386653], [246778], [6362], [10392], [3459], [6869], [7100], [3992], [387129], [6367], [64581], [9415], [3665], [11005], [3497], [81704], [6036], [10850], [5097]]
Photoallergic Contact Dermatitides:[[]]
Photoallergic Dermatitides:[[]]
Photosensitive Contact Dermatitides:[[]]
