Ketoacidosis due to diabetes mellitus:[[3630], [3767], [1401], [3553], [6347], [3119], [4318], [177], [3479], [3576], [213], [9332], [6285], [7137], [4317], [2026], [6524]]
Diabetic Acidosis:[[]]
Ketoses Diabetic:[[6652]]
Ketosis Diabetic:[[7124], [348], [3553], [26291], [217], [6927], [718], [2539], [5078], [6720], [2026]]
Ketoacidosis in diabetes mellitus:[[3630], [3767], [1401], [3553], [6347], [3119], [4318], [177], [3479], [3576], [213], [9332], [6285], [7137], [4317], [2026], [6524]]
DKA - diabetic ketoacidosis:[[4318], [3479], [3119], [4317]]
Diabetic Acidoses:[[]]
Diabetic acidosis:[[]]
Diabetes mellitus with ketoacidosis:[[3630], [3767], [1401], [3553], [6347], [3119], [4318], [177], [3479], [3576], [213], [9332], [6285], [7137], [4317], [2026], [6524]]
Diabetic ketoacidosis:[[4318], [1401], [3553], [3576], [3479], [6347], [3119], [177], [3630], [213], [6285], [3767], [7137], [9332], [2670], [2919], [4317], [2026], [359], [65010]]
Ketoacidosis Diabetic:[[4318], [1401], [3553], [3479], [6347], [3576], [3630], [177], [213], [3119], [3767], [6285], [9332], [7137], [4317], [2670], [2026], [2919], [359], [6524], [65010]]
Diabetes with ketoacidosis:[[3630], [3767], [3479], [4318], [1401], [3553], [6347], [3576], [3119], [359], [177], [213], [6285], [9332], [7137], [4317], [2670], [6524], [2026], [2919], [6566], [65010], [5019]]
Ketoacidoses Diabetic:[[2645], [7124], [348], [7422], [7157], [3569], [7040], [4524], [3091], [3586], [1636], [4627], [3643], [4318], [9370], [1401], [627], [7421], [3553], [7099], [4846], [5468], [5743], [207], [1956], [3479], [3952], [2944], [8091], [5728], [4790], [5054], [5444], [6347], [3576], [3605], [4780], [4313], [4879], [2952], [406991], [6647], [7097], [23411], [5467], [3146], [6774], [3383], [3606], [57818], [1029], [335], [183], [177], [1499], [51738], [3123], [3630], [79068], [1432], [1906], [6648], [4153], [2064], [3934], [185], [5243], [338], [2475], [114548], [4982], [169026], [6934], [4137], [367], [999], [4023], [23771], [3039], [213], [406938], [2950], [1471], [6696], [4353], [5594], [1493], [3458], [56729], [6513], [3119], [3565], [1080], [10135], [59272], [8743], [10891], [3791], [1490], [2247], [6925], [1803], [6387], [3106], [1234], [7132], [29126], [596], [2321], [142], [3162], [4314], [7852], [3690], [4018], [3105], [4282], [406947], [7412], [2932], [3717], [6667], [3480], [1116], [2056], [7515], [2697], [3240], [9365], [5806], [4851], [4233], [2308], [2335], [5950], [2153], [387], [3077], [7450], [4312], [1268], [5970], [3725], [10000], [8074], [378938], [2147], [960], [7133], [355], [50943], [836], [472], [1813], [3135], [7351], [54106], [1071], [7292], [3784], [3815], [2908], [6401], [6772], [5176], [4843], [26291], [1557], [3309], [3552], [3075], [9844], [2641], [5133], [406913], [1459], [133], [255738], [5925], [1535], [217], [3172], [9429], [6927], [3958], [5595], [252995], [1559], [7490], [7076], [26191], [19], [3953], [6352], [2167], [3688], [581], [2706], [3486], [2022]]
