Diaper erythema:[[]]
Rashes Diaper:[[]]
Nappy rash - irritant:[[]]
Ammoniacal napkin dermatitis:[[2312], [3596], [7124], [56946], [23197], [3586], [3107], [7422], [3458], [84433], [1956], [7040], [7099], [3605], [7097], [627], [3606], [3565], [3553], [2064], [6774], [11127], [3123], [1636], [7421], [6532], [2944], [4318], [9173], [5243], [3952], [3106], [1591], [3576], [5468], [90865], [999], [64069], [3717], [117188], [114477], [117187], [105463126], [105463125], [100310755], [4313], [2952], [920], [10111], [50943], [64127], [3105], [3146], [4780], [1026], [7515], [2950], [1493], [4282], [196], [6387], [3119], [3162], [5970], [6696], [3552], [3135], [10], [4153], [50616], [335], [2720], [85480], [3688], [3690], [836], [1543], [406938], [9429], [929], [8626], [3557], [406947], [3356], [114548], [5017], [19], [6352], [7098], [213], [841], [217], [1116], [4088], [1959], [2152], [4314], [1786], [56729], [7052], [3627], [718], [7161], [7919], [10135], [5329], [7076], [3559], [1571], [1803], [8878], [7148], [796], [6307], [3600], [5465], [2629], [30835], [3566], [4803], [4689], [5328], [3593], [6280], [2150], [8809], [302], [6401], [4049], [10631], [6361], [3350], [6778], [3329], [9021], [7442], [6786], [4087], [3570], [23274], [6403], [8856], [6376], [820], [59067], [216], [11136], [2149], [3551], [125], [1672], [3002], [386653], [4852], [1524], [8837], [3661], [4914], [3592], [84876], [4804], [3290], [9076], [1673], [6367], [1437], [1113], [3575], [6279], [7345], [102], [3484], [1392], [2615], [8862], [1394], [11005], [2833], [3716], [406986], [2934], [57162], [407008], [59277], [3603], [27178], [8807], [3578], [6777], [4254], [6356], [834], [2205], [55600], [26762], [5168], [3691], [1003], [1910], [6863]]
Diaper dermatitis:[[]]
Diaper rash:[[]]
Ammonia dermatitis:[[63826], [4780], [3162], [9429]]
Nappy rash:[[]]
Rash Diaper:[[]]
Diaper or napkin rash:[[1956], [7124], [4524], [2064], [2099], [3586], [5243], [3106], [673], [5468], [3105], [5054], [3146], [1565], [1557], [3565], [64127], [9429], [54106], [2261], [9935], [7249], [6119], [1244], [10320], [64135], [3684], [943], [54535], [1594], [53616], [1832], [7297], [712], [22861], [6792], [5266], [5004], [4598], [10622], [63027], [58484], [2533], [5005], [25780], [729852], [121260], [161357]]
Irritant napkin dermatitis:[[2312], [7124], [3586], [3553], [3576], [3552], [6352], [8989], [10850], [5333], [128]]
Jacquet's dermatitis:[[2312], [3596], [7124], [56946], [23197], [3586], [3107], [7422], [3458], [84433], [1956], [7040], [7099], [3605], [7097], [627], [3606], [3565], [3553], [2064], [6774], [11127], [3123], [1636], [7421], [6532], [2944], [4318], [9173], [5243], [3952], [3106], [1591], [3576], [5468], [90865], [999], [64069], [3717], [117188], [114477], [117187], [105463126], [105463125], [100310755], [4313], [2952], [920], [10111], [50943], [64127], [3105], [3146], [4780], [1026], [7515], [2950], [1493], [4282], [196], [6387], [3119], [3162], [5970], [6696], [3552], [3135], [10], [4153], [50616], [335], [2720], [85480], [3688], [3690], [836], [1543], [406938], [9429], [929], [8626], [3557], [406947], [3356], [114548], [5017], [19], [6352], [7098], [213], [841], [217], [1116], [4088], [1959], [2152], [4314], [1786], [56729], [7052], [3627], [718], [7161], [7919], [10135], [5329], [7076], [3559], [1571], [1803], [8878], [7148], [796], [6307], [3600], [5465], [2629], [30835], [3566], [4803], [4689], [5328], [3593], [6280], [2150], [8809], [302], [6401], [4049], [10631], [6361], [3350], [6778], [3329], [9021], [7442], [6786], [4087], [3570], [23274], [6403], [8856], [6376], [820], [59067], [216], [11136], [2149], [3551], [125], [1672], [3002], [386653], [4852], [1524], [8837], [3661], [4914], [3592], [84876], [4804], [3290], [9076], [1673], [6367], [1437], [1113], [3575], [6279], [7345], [102], [3484], [1392], [2615], [8862], [1394], [11005], [2833], [3716], [406986], [2934], [57162], [407008], [59277], [3603], [27178], [8807], [3578], [6777], [4254], [6356], [834], [2205], [55600], [26762], [5168], [3691], [1003], [1910], [6863]]
Jacquet's erythema:[[7124], [7422], [3569], [7040], [1508], [2064], [3553], [4318], [5243], [4846], [3458], [3896], [3852], [3605], [7515], [2950], [472], [1557], [4282], [6648], [3557], [54106], [2068], [6352], [4210], [796], [331], [2312], [4049], [4157], [7517], [6401], [4842], [125], [2938], [2209], [6361], [6374], [1308], [7051], [3587], [566], [2222], [4065], [339345]]
