Diarrhoea:[[6532], [1080], [54658], [998], [1113], [6279], [2524], [6550], [1811], [2984], [8694], [50674], [30010]]
Observation of diarrhoea:[[998]]
D - Diarrhoea:[[2524], [6532], [1080], [6279], [1113]]
D - Diarrhea:[[2524], [7124], [348], [1956], [50943], [3586], [3576], [4318], [5243], [627], [2064], [9370], [3952], [920], [7099], [5743], [1080], [4982], [3119], [9429], [929], [51738], [64127], [5621], [56729], [5315], [3315], [4803], [3575], [4057], [64581], [2264], [6523], [773], [406911], [54210], [3938], [1072], [3718], [3359], [4638], [5873], [1158], [9075], [7122], [406978], [6560], [285242], [24146], [192343]]
Diarrheas:[[]]
Diarrhea unspecified:[[1956], [348], [7124], [2064], [5743], [64127], [5621], [4869], [3315], [5315], [4803], [773], [7187], [1158]]
Diarrhoea symptom:[[6532], [1080], [54658], [6279]]
Observation of diarrhea:[[348], [7124], [1956], [2064], [627], [7099], [9370], [5243], [5743], [929], [5621], [4982], [4869], [773], [5052], [6523], [81704], [6813]]
Diarrhea NOS:[[1956], [5243], [5743], [56729]]
Diarrhea symptom:[[348], [7124], [3586], [2064], [9370], [627], [3952], [1080], [54658], [3119], [5621], [56729], [6280], [7442], [3359], [1158]]
Diarrhea:[[50943], [348], [7124], [1956], [2064], [4072], [3586], [3576], [4318], [9370], [5243], [627], [3952], [5743], [7099], [1080], [54658], [920], [1811], [3119], [6550], [9429], [10653], [51738], [64127], [5621], [929], [2984], [4982], [4869], [56729], [2778], [3315], [50674], [6280], [5315], [8694], [2065], [7442], [3767], [4057], [2264], [4803], [3575], [7482], [773], [29110], [1806], [6777], [54210], [1072], [6863], [7439], [5052], [10257], [3718], [406950], [6337], [3938], [7187], [406911], [7414], [9966], [4925], [2524], [1364], [83483], [9965], [3359], [6338], [5029], [4638], [5873], [6523], [64581], [2525], [1158], [4508], [5028], [7122], [6340], [9075], [81704], [7361], [6813], [152831], [4645], [406978], [2863], [55898], [56479], [6560], [9073], [3669], [5651], [9652], [4509], [24146], [23315], [51028], [105371045], [7016], [285242], [55765], [116328], [115253417], [192343]]
Loose stools:[[]]
