Shprintzen Golberg craniosynostosis:[[26229]]
Shprintzen Goldberg craniosynostosis syndrome:[[26229]]
Third and Fourth Pharyngeal Pouch Syndrome:[[]]
DiGeorge Sequence:[[54487], [26220], [9993], [7290], [8220], [8214], [23617], [85359], [8026], [1714], [29799], [388403], [142], [6899], [25786], [23405], [25784], [102724770], [3574], [1399], [29102], [406961], [5625], [6909], [22807], [6525], [108449888], [56979], [51586], [23641], [8216], [8218], [5413], [100188856], [64976], [54584], [2928], [116309126]]
Pharyngeal pouch syndrome:[[]]
Microdeletion 22q11.2:[[8220], [284058]]
Pharyngeal Pouch Syndrome:[[]]
DIGEORGE SYNDROME:[[54487], [26220], [9993], [8220], [8214], [23617], [85359], [8026], [1714], [29799], [388403], [6899], [25786], [23405], [25784], [102724770], [3574], [1399], [29102], [406961], [6909], [22807], [6525], [7290], [108449888], [51586], [8216], [8218], [100188856], [64976], [54584], [2928], [116309126]]
Shprintzen-Goldberg Syndrome:[[2200], [6497], [26229]]
SHPRINTZEN-GOLDBERG CRANIOSYNOSTOSIS SYNDROME:[[26229]]
Shprintzen syndrome:[[54487], [2200], [9993], [8220], [8214], [6899], [6497], [1714], [26128], [26229]]
Craniosynostosis with arachnodactyly and abdominal hernias:[[]]
Autosomal Dominant Opitz G-Bbb Syndrome:[[23384]]
Thymic Aplasia Syndrome:[[6469], [54361]]
Conotruncal anomaly face syndrome:[[9993], [8220], [1714]]
Shprintzen-Goldberg Craniosynostosis Syndrome:[[26229]]
Marfanoid craniosynostosis syndrome:[[]]
DiGeorge syndrome:[[54487], [26220], [9993], [8220], [8214], [23617], [85359], [8026], [1714], [29799], [388403], [6899], [25786], [23405], [25784], [102724770], [3574], [1399], [29102], [406961], [6909], [22807], [6525], [7290], [108449888], [51586], [8216], [8218], [100188856], [64976], [54584], [2928], [116309126]]
Cayler cardiofacial syndrome:[[387569]]
CHROMOSOME 22q11.2 DELETION SYNDROME:[[100188856], [100240738], [54487], [2812], [8220], [1714], [1312], [9993], [6899], [5594], [8214], [7122], [64976], [8216], [3627], [284058], [8318], [1399], [23384], [5297], [406961], [221037], [84864], [6239], [2781], [51807], [80853]]
Autosomal Dominant Opitz G Bbb Syndrome:[[2475], [6469], [23384]]
Familial Third and Fourth Pharyngeal Pouch Syndrome:[[]]
HYPOPLASIA OF THYMUS AND PARATHYROIDS:[[]]
CRANIOSYNOSTOSIS WITH ARACHNODACTYLY AND ABDOMINAL HERNIAS:[[]]
Catch22:[[6899], [1714], [5625]]
MARFANOID CRANIOSYNOSTOSIS SYNDROME:[[]]
SGS:[[2200], [6497], [7040], [3553], [5743], [23435], [1017], [2521], [361], [5610], [10013], [1113], [27185], [10146], [3190], [64135], [1965], [27101], [27044], [10910], [6406], [1114], [26040], [5798], [170506], [6813], [7073], [9908], [7857], [8666], [2733], [22794], [8224], [6407], [9545], [29106], [84944]]
Shprintzen Golberg craniosynostosis syndrome:[[26229]]
CATCH22:[[6899], [1714], [5625]]
CATCH 22:[[1636], [3479], [2475], [2908], [3481], [283120], [7353], [3689], [6401], [9993], [8214], [6385], [1523], [85359], [7262]]
Di George's syndrome:[[]]
DGS:[[6899], [1714], [9993], [26220], [8220], [23617], [2928], [25786], [25784]]
MARFANOID DISORDER WITH CRANIOSYNOSTOSIS TYPE I:[[]]
Sedlackova syndrome:[[3757], [1280], [114548], [3753], [2074], [7157], [348], [1281], [51085], [546], [80184], [7466], [3845], [673], [8481], [5728], [8195], [7486], [641], [2706], [2317], [4292], [91147], [8626], [1540], [4000], [54658], [1161], [7490], [2033], [6331], [4023], [1071], [5781], [4436], [2263], [3643], [7291], [3784], [2261], [2260], [582], [10806], [8085], [10083], [367], [4683], [207], [84062], [3123], [7468], [4647], [4952], [2200], [1029], [7399], [4810], [201163], [2969], [10804], [6949], [7227], [2492], [775], [7840], [2316], [5428], [3730], [5080], [585], [1278], [54487], [5604], [55612], [2121], [811], [5290], [132884], [4281], [116442], [84100], [2812], [5077], [64127], [79068], [6663], [783], [338], [57167], [1130], [9968], [2332], [1277], [3990], [10743], [7456], [19], [2122], [3265], [6737], [84059], [6741], [3481], [6513], [4089], [23111], [2646], [356], [1285], [1387], [26585], [8976], [7504], [1827], [331], [23405], [9401], [65217], [4893], [672], [4692], [9569], [5894], [4277], [6774], [3117], [1401], [1788], [7401], [7128], [3570], [545], [10163], [583], [10682], [124590], [129880], [54808], [27241], [2138], [79738], [4137], [2475], [60], [3897], [5159], [1364], [8091], [5885], [79803], [2811], [2956], [9993], [5460], [4286], [675], [3717], [8220], [80144], [80025], [999], [3973], [79621], [4193], [64135], [1145], [55212], [2645], [27031], [4851], [1493], [10535], [2131], [1910], [7122], [9031], [4853], [1134], [2146], [100188856], [355], [50943], [105259599], [2153], [9652], [10908], [3664], [7020], [8214], [5308], [10062], [8517], [5076], [27019], [5189], [5395], [1287], [1906], [25825], [3759]]
Syndrome DiGeorge:[[54487], [9993], [8220], [8214], [26220], [8026], [85359], [1714], [23617], [29799], [23405], [6899], [388403], [25786], [25784], [100188856], [102724770], [7290], [64976], [8216], [142], [3574], [1399], [29102], [406961], [22807], [6909], [108449888], [6525], [56979], [51586], [23641], [8218], [54584], [2928], [116309126]]
Hypoplasia of Thymus and Parathyroids:[[]]
DiGeorge Anomaly:[[9993], [8220], [1714], [142], [23641]]
Digeorge's syndrome:[[3757], [1280], [114548], [3753], [2074], [7157], [348], [1281], [51085], [546], [80184], [7466], [3845], [673], [8481], [5728], [8195], [7486], [641], [2706], [2317], [4292], [91147], [8626], [1540], [4000], [54658], [1161], [7490], [2033], [6331], [4023], [1071], [5781], [4436], [2263], [3643], [7291], [3784], [2261], [2260], [582], [10806], [8085], [10083], [367], [4683], [207], [84062], [3123], [7468], [4647], [4952], [2200], [1029], [7399], [4810], [201163], [2969], [10804], [6949], [7227], [2492], [775], [7840], [2316], [5428], [3730], [5080], [585], [1278], [54487], [5604], [55612], [2121], [811], [5290], [132884], [4281], [116442], [84100], [2812], [5077], [64127], [79068], [6663], [783], [338], [57167], [1130], [9968], [2332], [1277], [3990], [10743], [7456], [19], [2122], [3265], [6737], [84059], [6741], [3481], [6513], [4089], [23111], [2646], [356], [1285], [1387], [26585], [8976], [7504], [1827], [331], [23405], [9401], [65217], [4893], [672], [4692], [9569], [5894], [4277], [6774], [3117], [1401], [1788], [7401], [7128], [3570], [545], [10163], [583], [10682], [124590], [129880], [54808], [27241], [2138], [79738], [4137], [2475], [60], [3897], [5159], [1364], [8091], [5885], [79803], [2811], [2956], [9993], [5460], [4286], [675], [3717], [8220], [80144], [80025], [999], [3973], [79621], [4193], [64135], [1145], [55212], [2645], [27031], [4851], [1493], [10535], [2131], [1910], [7122], [9031], [4853], [1134], [2146], [100188856], [355], [50943], [105259599], [2153], [9652], [10908], [3664], [7020], [8214], [5308], [10062], [8517], [5076], [27019], [5189], [5395], [1287], [1906], [25825], [3759]]
Marfanoid-Craniosynostosis Syndrome:[[]]
DiGeorge sequence:[[54487], [26220], [9993], [7290], [8220], [8214], [23617], [85359], [8026], [1714], [29799], [388403], [142], [6899], [25786], [23405], [25784], [102724770], [3574], [1399], [29102], [406961], [5625], [6909], [22807], [6525], [108449888], [56979], [51586], [23641], [8216], [8218], [5413], [100188856], [64976], [54584], [2928], [116309126]]
Takao syndrome:[[1714]]
Craniosynostosis and Marfanoid disorder type 1:[[]]
Shprintzen-Goldberg syndrome:[[2200], [6497], [26229]]
Velocardiofacial syndrome:[[2812], [7122], [421], [8026], [64976], [1714], [9993], [8220], [6899], [1312], [7082], [56979], [2928]]
THIRD AND FOURTH PHARYNGEAL POUCH SYNDROME:[[]]
Marfanoid Disorder With Craniosynostosis Type I:[[]]
22q11.2 deletion syndrome:[[100188856], [100240738], [54487], [2812], [8220], [9993], [1312], [6899], [8214], [7122], [5594], [64976], [8216], [3627], [1714], [8318], [284058], [1399], [23384], [5297], [406961], [221037], [84864], [6239], [2781], [51807], [80853]]
