Stilling Turk Duane Syndrome:[[]]
Duane Anomaly:[[57167], [3198]]
DUANE SYNDROME:[[668], [57167], [9935], [1123], [3232], [84570], [27319]]
Duane's retraction syndrome:[[10674], [1123]]
Duane anomaly:[[57167], [3198]]
Syndromes Retraction:[[7157], [7422], [3091], [4137], [999], [5594], [960], [3690], [2932], [3198], [3689], [2811], [57167], [5906], [26040]]
Syndrome Duane's:[[10674], [1123]]
Duanes Syndrome:[[]]
Eye retraction syndrome:[[7157], [7422], [57167], [4137], [857], [627], [3091], [4582], [2064], [120892], [94025]]
Syndromes Co-Contractive Retraction:[[]]
Syndrome Retraction:[[7157], [10674], [57167], [4137], [2811], [999], [5594], [857], [7422], [867], [1123], [998], [627], [9935], [25], [3064], [4323], [3091], [54345], [2064], [4582], [3690], [2932], [387], [120892], [5879], [7161], [94025], [3689], [3674], [26040], [5340], [6868], [6093], [8678], [23396], [64805], [135], [5579], [1508], [3691], [2621], [9509], [5906], [3198], [9475], [2739], [5563], [1808], [1627], [976], [1142], [5799], [57094]]
DRS:[[5411], [8406], [8795], [8797], [1487], [3737], [1936], [1123], [1615], [10455]]
DUS:[[10674], [54920], [56931], [64118], [11062], [115253422]]
DUANE ANOMALY:[[57167], [3198]]
Duane retraction syndrome:[[10674], [9935], [1123], [57167], [3198], [1142], [5799], [57094]]
Syndromes Stilling-Turk-Duane:[[]]
Syndrome Duane:[[57167], [10674], [100885787], [1123], [9935], [668], [3198], [1142], [3232], [5799], [84570], [57094], [27319]]
Syndrome Ocular Retraction:[[7157], [57167], [7422], [387], [1123], [4582], [94025]]
Syndrome Duane Retraction:[[10674], [57167], [1123], [9935], [3198], [1142], [5799], [57094]]
Syndrome Stilling-Turk-Duane:[[]]
Stilling-Turk-Duane syndrome:[[]]
RETRACTION SYNDROME:[[7157], [10674], [57167], [4137], [2811], [999], [5594], [857], [7422], [867], [1123], [998], [627], [9935], [25], [3064], [4323], [3091], [54345], [2064], [4582], [3690], [2932], [387], [120892], [5879], [7161], [94025], [3689], [3674], [26040], [5340], [6868], [6093], [8678], [23396], [64805], [135], [5579], [1508], [3691], [2621], [9509], [5906], [3198], [9475], [2739], [5563], [1808], [1627], [976], [1142], [5799], [57094]]
Duane syndrome:[[668], [57167], [9935], [1123], [3232], [84570], [27319]]
Syndromes Ocular Retraction:[[7157], [7422], [960], [57167]]
Isolated Duane Anomalies:[[]]
Isolated Duane Anomaly:[[3198]]
Isolated Duane Retraction Syndrome:[[3198]]
Co Contractive Retraction Syndrome:[[]]
Duane's syndrome:[[]]
Syndrome Co-Contractive Retraction:[[]]
