Period pain present:[[3569], [7124], [7422], [3586], [348], [7099], [5243], [6532], [627], [4318], [1312], [1401], [9370], [3553], [2099], [5743], [3479], [4988], [6347], [3952], [3576], [351], [2475], [4790], [1906], [3106], [4846], [3605], [4879], [7097], [999], [51738], [1813], [29126], [5468], [3458], [3717], [1432], [1576], [3082], [23411], [3606], [6531], [796], [5133], [1588], [4128], [4314], [6331], [4312], [6285], [2321], [6280], [3557], [2335], [8600], [3725], [406937], [6696], [56729], [2908], [3934], [7139], [2643], [650], [4353], [9518], [2263], [1280], [4210], [4157], [23621], [5649], [1116], [551], [2289], [3303], [7137], [7133], [1814], [2784], [3579], [361], [10599], [2243], [3358], [94025], [2911], [1392], [6548], [3574], [2717], [26762], [7494], [3554], [10563], [3359], [1141], [5047], [7364], [3625], [57468], [192343]]
Painful Menstruation:[[]]
Dysmenorrhoea:[[7124], [5021], [5047], [57178]]
Period pain:[[8863], [3569], [7124], [3586], [7422], [6532], [348], [5243], [627], [4318], [1312], [1401], [9370], [7099], [3553], [4988], [3479], [2099], [6347], [3952], [1906], [3576], [4879], [351], [5743], [2475], [4790], [3106], [796], [51738], [4846], [3605], [7097], [1813], [999], [29126], [5468], [3458], [3717], [1432], [6280], [3606], [1576], [2908], [23411], [6531], [2643], [6696], [4128], [7139], [4312], [3557], [5133], [1588], [6285], [3082], [3934], [3725], [650], [4314], [56729], [6331], [2263], [2335], [4210], [2321], [4353], [8600], [23621], [1116], [406937], [4157], [7133], [9518], [7137], [2784], [5020], [551], [2289], [3303], [5649], [94025], [1280], [10599], [6548], [1814], [2243], [2911], [361], [1392], [3574], [3358], [3579], [2717], [3554], [7494], [26762], [10563], [1141], [3359], [7364], [5047], [2695], [54], [3625], [57468], [55584], [192343]]
Menstrual cramps:[[3952]]
Dysmenorrhea:[[7124], [7422], [3569], [2099], [7040], [3091], [5743], [627], [1499], [4846], [2944], [2952], [2950], [5054], [1543], [857], [4282], [3557], [6352], [4988], [4210], [302], [5021], [1268], [4323], [268], [1789], [7442], [4684], [94025], [4803], [4915], [240], [2660], [5368], [1230], [552]]
Painful Menstruations:[[]]
Menorrhalgia:[[]]
Pain Menstrual:[[7124], [3569], [2099], [7422], [5243], [1401], [627], [3553], [1312], [6347], [3350], [7852], [6387], [4988], [3952], [4318], [7040], [7099], [5743], [9370], [3479], [999], [3146], [1268], [1588], [7442], [7097], [50943], [51738], [4282], [3557], [4312], [3725], [2321], [4353], [2263], [2150], [1269], [94025], [2289], [10855], [133], [6348], [2166], [6376], [1524], [51561], [3554], [885], [5047], [8863], [54], [3625], [4758], [192343]]
Dysmenorrhea unspecified:[[2099], [7422], [7040], [7124], [3091], [5743], [1499], [1268], [4803], [1230]]
Dysmenorrheas:[[]]
Painful menstruation:[[]]
Pains Menstrual:[[]]
Menstrual cramp:[[3091]]
