Dysfunctional labor:[[7422], [3569], [4318], [2099], [7099], [9370], [1312], [6774], [4846], [4790], [2475], [4313], [3576], [3952], [7852], [7097], [5021], [23411], [3557], [54106], [114548], [3552], [2155], [5327], [4842], [6439], [79679], [10468]]
Labor problem:[[1312], [1394]]
Dysfunctional labour:[[7422], [4318], [351], [4790], [7099], [3576], [3952], [5444], [4879], [7097], [3162], [3552], [3757], [5021]]
Difficult labour:[[3952], [4879]]
Dystocia NOS:[[]]
Unspecified abnormality of labor:[[7124], [2099], [5743], [4790], [2908], [960], [2100], [5566], [5467]]
Delivery problem:[[3091], [1636], [627], [1312], [6532], [1815], [216]]
Dystocia:[[]]
Difficult labor:[[3586], [4313], [5468], [3952], [2908]]
Dystocias:[[]]
Labour problem:[[1394]]
