Dysplasia Chondroectodermal:[[465], [132884]]
Ellis-Van Creveld Dysplasia:[[132884], [57539], [55351]]
Mesoectodermal Dysplasia:[[4000], [1311], [8626], [10913], [2697], [1836], [1896], [10804], [1280], [2316], [59341], [5818], [7040], [203859], [2261], [2200], [2475], [1636], [4148], [2245], [7157], [65057], [860], [176], [257], [4792], [4233], [6662], [183], [2263], [4318], [2335], [1029], [8517], [185], [5743], [128178], [7422], [2260], [7421], [1956], [387], [673], [2064], [7227], [7124], [3569], [3930], [4524], [6023], [1302], [7249], [3586], [89846], [79977], [1499], [5566], [2272], [2099], [3091], [7099], [3350], [3845], [6720], [50964], [4790], [4322], [124583], [6885], [7015], [6774], [7248], [999], [29119], [3576], [3553], [4288], [1000], [4609], [627], [465], [424], [8200], [4313], [9131], [5548], [6262], [1028], [5728], [5972], [6473], [4879], [596], [4882], [1913], [6532], [1832], [57539], [2778], [7043], [5925], [414058], [260403], [81866], [54114], [50947], [10305], [7085], [425], [3479], [5318], [23411], [960], [7852], [10381], [5594], [2944], [4292], [3458], [595], [5054], [4193], [3146], [3717], [1026], [27038], [103875461], [102775567], [101101771], [101101770], [101101769], [101101768], [100885788], [100505394], [100188821], [100187749], [780896], [4364], [1914], [9451], [406932], [7097], [6696], [4851], [8838], [5587], [2022], [332], [5290], [2952], [5745], [4921], [50485], [324], [56172], [3162], [10597], [2950], [203068], [6387], [4582], [6657], [217], [3815], [2908], [3934], [5426], [4869], [3383], [355], [2879], [633], [3565], [9429], [10413], [658], [6399], [1027], [1277], [3557], [3688], [2706], [836], [1543], [80326], [3549], [2625], [5879], [1045], [2317], [3791], [8074], [2247], [581], [4282], [861], [4255], [1824], [54658], [4982]]
ELLIS-VAN CREVELD SYNDROME:[[2121], [132884], [57539], [55081], [55351]]
Ellis Van Creveld Dysplasia:[[132884], [57539], [55351]]
EVC:[[2121], [132884], [3191], [7343], [201294], [10482], [6472], [117531], [23163], [1400], [57539], [25962], [51626], [55351], [84455], [10141]]
Ellis-van Creveld syndrome:[[2121], [132884], [57539], [55081], [55351]]
CHONDROECTODERMAL DYSPLASIA:[[465], [132884]]
MESOECTODERMAL DYSPLASIA:[[4000], [1311], [8626], [10913], [2697], [1836], [1896], [10804], [1280], [2316], [59341], [5818], [7040], [203859], [2261], [2200], [2475], [1636], [4148], [2245], [7157], [65057], [860], [176], [257], [4792], [4233], [6662], [183], [2263], [4318], [2335], [1029], [8517], [185], [5743], [128178], [7422], [2260], [7421], [1956], [387], [673], [2064], [7227], [7124], [3569], [3930], [4524], [6023], [1302], [7249], [3586], [89846], [79977], [1499], [5566], [2272], [2099], [3091], [7099], [3350], [3845], [6720], [50964], [4790], [4322], [124583], [6885], [7015], [6774], [7248], [999], [29119], [3576], [3553], [4288], [1000], [4609], [627], [465], [424], [8200], [4313], [9131], [5548], [6262], [1028], [5728], [5972], [6473], [4879], [596], [4882], [1913], [6532], [1832], [57539], [2778], [7043], [5925], [414058], [260403], [81866], [54114], [50947], [10305], [7085], [425], [3479], [5318], [23411], [960], [7852], [10381], [5594], [2944], [4292], [3458], [595], [5054], [4193], [3146], [3717], [1026], [27038], [103875461], [102775567], [101101771], [101101770], [101101769], [101101768], [100885788], [100505394], [100188821], [100187749], [780896], [4364], [1914], [9451], [406932], [7097], [6696], [4851], [8838], [5587], [2022], [332], [5290], [2952], [5745], [4921], [50485], [324], [56172], [3162], [10597], [2950], [203068], [6387], [4582], [6657], [217], [3815], [2908], [3934], [5426], [4869], [3383], [355], [2879], [633], [3565], [9429], [10413], [658], [6399], [1027], [1277], [3557], [3688], [2706], [836], [1543], [80326], [3549], [2625], [5879], [1045], [2317], [3791], [8074], [2247], [581], [4282], [861], [4255], [1824], [54658], [4982]]
Ellis Van Creveld Syndrome:[[2121], [132884], [57539], [55081], [55351]]
Chondroectodermal dysplasia:[[465], [132884]]
Chondroectodermal Dysplasias:[[]]
EVC - Ellis-van Creveld syndrome:[[2121], [132884], [57539], [55351]]
Syndrome Ellis-Van Creveld:[[132884], [2121], [55081], [57539], [55351]]
Mesoectodermal Dysplasias:[[7157], [7040], [5728], [3605], [8626], [324], [2697], [2261], [2200], [6794], [59341], [1280], [7249], [1045], [50964], [6279], [1147], [7248], [7166], [3664], [3351], [1311], [6473], [3339], [794], [3977], [23765], [2317], [10312], [8838], [2201], [1747], [1836], [117581], [4927], [8323], [55315], [83452], [55764], [23761], [3891], [26160], [23169]]
