Traumatic epilepsy:[[4524], [3084], [4907], [2030], [132]]
Seizure Disorder Post-Traumatic:[[]]
Post-Traumatic Epilepsy:[[4524], [3084], [4907], [2030], [132]]
Post-Traumatic Epilepsies:[[]]
Seizure Disorders Post-Traumatic:[[]]
Traumatic Epilepsies:[[]]
PTE - Post-traumatic epilepsy:[[4524]]
Traumatic Epilepsy:[[4524], [3084], [4907], [2030], [132]]
Seizure Disorder Post Traumatic:[[]]
Post-traumatic epilepsy:[[4524], [3084], [4907], [2030], [132]]
Epilepsy Post Traumatic:[[348], [627], [3569], [6532], [3553], [2475], [7157], [7124], [4137], [4524], [5243], [3091], [4318], [351], [1312], [3479], [5743], [4790], [3576], [4879], [3146], [2908], [6285], [51738], [5054], [4780], [9429], [6531], [6347], [3557], [1906], [3084], [2670], [836], [3552], [1244], [3350], [718], [7345], [2026], [1268], [361], [4852], [959], [551], [847], [121278], [3579], [1621], [1509], [4907], [467], [2081], [6446], [80781], [2571], [2030], [6571], [8864], [6507], [134], [132], [407002], [407003]]
