Observation of bleeding of nose:[[]]
Nasal Bleeding:[[7422], [7124], [3569], [7040], [4318], [5243], [6774], [5743], [4313], [64805], [4790], [3553], [5054], [5728], [4846], [7097], [2950], [6863], [3952], [5444], [5925], [3162], [3552], [836], [338], [9518], [133], [213], [2162], [5742], [796], [947], [3685], [6401], [7077], [6382], [5327], [3290], [4317]]
Nasal haemorrhage:[[3569], [4318], [7099], [3565], [7097], [5054], [4879], [177], [682], [1116], [2162], [3572]]
Epistaxis:[[3569], [94], [2533]]
Nasal hemorrhage:[[3569], [7422], [7124], [4318], [7157], [7040], [7099], [3091], [4846], [4313], [3605], [351], [4790], [3146], [3553], [332], [627], [3162], [5728], [4843], [4879], [3383], [5054], [90865], [3952], [6696], [5444], [4582], [4780], [406991], [154], [10631], [177], [1027], [7076], [3075], [338], [836], [133], [2247], [6280], [2321], [56729], [7132], [796], [5327], [7077], [5806], [1116], [947], [4316], [84868], [3685], [7048], [7128], [3570], [2162], [6279], [5742], [358], [4842], [3371], [5294], [50507], [55600], [54210], [3572], [7082], [406907], [2026], [6362], [7030], [192343]]
Nosebleeds:[[]]
Nasal Bleedings:[[4318], [5243]]
Nose Bleed:[[]]
Bleeding from nose:[[]]
Hemorrhage from nose:[[]]
Nose Bleeds:[[]]
Nosebleed:[[5329], [5328]]
Finding of bleeding of nose:[[]]
