Dyskinesia of esophagus:[[627], [1312], [112476], [3586], [2950], [3778], [2944], [4846], [6648], [25911], [2952], [111], [2932], [6513], [1728], [1576], [25953], [1471], [4128], [1268], [3667], [54919], [4842], [8701], [5428], [161582], [27185], [1812], [409], [10522], [3164], [3339], [6311], [5138], [25981], [2736], [6103], [5074], [3359], [2622], [1476], [6674], [115948], [6571], [10309], [54970], [339829], [6567], [5142], [123872], [56683], [152110], [6575], [83861], [5305], [55172], [3779], [8237], [83544], [2802], [115399], [2675], [27094], [282809], [200162], [80709], [5991], [79925], [122481]]
Esophageal Dysmotilities:[[]]
Esophageal Dysmotility:[[7039]]
Oesophageal motility disorder:[[1956], [7124], [7422], [2099], [207], [3569], [4524], [4318], [6774], [4233], [3091], [5743], [5594], [4790], [3486], [9370], [3717], [2475], [3576], [4780], [1493], [3162], [4312], [2065], [3934], [3481], [3320], [841], [2149], [6868], [6850], [100124700], [4853]]
Motility Disorder Esophageal:[[7157], [861], [1956], [7124], [7422], [3845], [7040], [207], [3569], [4524], [4318], [301], [5728], [6774], [4233], [2099], [3091], [4313], [7421], [6657], [5743], [1565], [3486], [7852], [4790], [1499], [3586], [2475], [5328], [5594], [51738], [3479], [7015], [5058], [7099], [627], [6934], [4851], [3553], [3576], [1000], [596], [5290], [960], [2289], [5578], [387], [367], [1950], [6387], [1191], [841], [2932], [9370], [4609], [673], [1080], [3717], [3952], [7291], [10631], [3605], [4780], [406991], [5580], [10397], [672], [6347], [5595], [3458], [7534], [3146], [355], [655], [1493], [5054], [5444], [3162], [23411], [6696], [51741], [857], [3135], [4312], [1027], [1385], [4843], [2247], [3106], [3481], [7097], [2706], [4017], [1268], [302], [3315], [2335], [6667], [177], [3383], [4314], [6513], [4282], [4627], [5894], [2697], [100124700], [3309], [2065], [283120], [1969], [8878], [5781], [2896], [2033], [4353], [8743], [6869], [1803], [811], [7046], [846], [196], [5156], [5315], [6868], [1387], [1490], [650], [6794], [2149], [104], [2309], [2066], [958], [4854], [3691], [7052], [4684], [5604], [6401], [406907], [7133], [6597], [4026], [5175], [5654], [7471], [5294], [1269], [5317], [9001], [6606], [4853], [79923], [10059], [27161], [9839], [760], [23705], [1138], [1364], [382], [5906], [885], [3939], [5076], [55636], [6497], [406909], [407041], [2296], [887], [55799], [54567], [3927], [407019], [7122], [7472], [2922], [55612], [407017], [406994], [81607], [7103], [9723], [1400]]
Oesophageal dysmotility:[[]]
Esophageal motor disorder:[[6606], [1312], [7422], [7124], [3569], [3315], [1401], [627], [7040], [207], [3479], [5728], [3586], [6774], [27086], [3091], [6647], [4233], [3553], [2952], [4627], [2289], [367], [2950], [2668], [3576], [7852], [3605], [3098], [2932], [4803], [355], [3123], [5290], [1000], [51738], [1080], [10397], [8678], [4691], [3146], [6696], [6648], [6469], [5444], [104], [57167], [1268], [79068], [114548], [3162], [2247], [154], [2260], [6513], [4968], [2915], [10000], [65018], [335], [2896], [4282], [3627], [2697], [1387], [10891], [1116], [598], [2539], [3570], [103], [9131], [7486], [5478], [5727], [2353], [59341], [7046], [8772], [2066], [6659], [7345], [10280], [2643], [382], [8140], [3800], [9241], [5660], [6709], [886], [1291], [1123], [6581]]
Esophageal dysmotility:[[7039]]
Esophageal dyskinesia:[[7124], [2944], [3586], [5243], [627], [2950], [2952], [6648], [1312], [1543], [1728], [1080], [1565], [2932], [6513], [4843], [1576], [1471], [4988], [1268], [1544], [3667], [2066], [5074], [2736], [3885]]
Dyskinesia of oesophagus:[[]]
Oesophageal motor disorder:[[7422], [7124], [3569], [207], [4803], [6774], [3091], [4233], [3576], [27086], [3162], [6648], [5727], [1356]]
Motility Disorders Esophageal:[[7157], [7422], [1956], [861], [7124], [7040], [4318], [6774], [9844], [5728], [3569], [4524], [3091], [207], [4313], [2475], [5743], [999], [4233], [1499], [7852], [6657], [3479], [3481], [4790], [5468], [7099], [367], [2099], [3586], [5290], [7421], [51738], [29126], [7015], [3845], [4851], [3576], [8626], [8842], [9370], [627], [283120], [387], [2697], [960], [4609], [673], [1950], [3553], [6387], [596], [4780], [4193], [5054], [3717], [3952], [406991], [1080], [3605], [5879], [2932], [3480], [4684], [3162], [947], [3082], [3146], [6696], [2146], [2706], [5444], [672], [5595], [355], [6347], [5970], [23411], [3135], [6714], [1493], [3486], [3958], [857], [998], [9759], [4312], [1027], [7097], [3458], [1432], [2100], [2247], [3106], [6093], [4627], [1565], [1268], [3315], [2023], [6513], [331], [6667], [7442], [177], [2321], [6624], [3383], [4843], [4282], [2335], [7057], [3725], [4314], [581], [5265], [6615], [10135], [558], [6772], [2289], [1385], [5156], [6868], [1803], [2308], [811], [1191], [7046], [846], [2022], [4322], [5894], [1969], [5781], [2150], [4353], [1490], [5300], [1021], [3757], [5328], [1457], [5599], [682], [5315], [2033], [3579], [9475], [196], [958], [5228], [6786], [2896], [10631], [7189], [208], [7052], [10643], [2066], [1236], [10013], [5580], [5175], [9817], [4854], [7133], [6382], [5604], [11315], [1977], [729230], [5654], [3676], [7534], [407018], [9927], [8877], [6869], [27250], [6401], [8856], [5155], [9232], [6597], [84876], [1269], [10059], [3814], [3732], [4602], [7045], [9971], [9076], [51741], [9839], [2597], [7471], [406931], [5245]]
Esophageal motility disorder:[[]]
