Atresia of esophagus NOS:[[7422], [1499]]
Esophageal atresia:[[3845], [673], [2944], [675], [2950], [6657], [6469], [4613], [79728], [2177], [2737], [2175], [2072], [2736], [55636], [83990], [2176], [5889], [9241], [2189], [4281], [2294], [9343], [4026], [55215], [84464], [55120], [2188], [9723], [4990], [2178], [2187]]
Oesophageal atresia:[[7422], [3569], [9370], [3576], [5594], [8626], [406937], [4853], [2294], [9343]]
Congenital atresia of oesophagus:[[6469], [7076]]
Imperforate esophagus:[[79228], [64641]]
OA - Esophageal atresia:[[6657]]
Esophageal Atresias:[[]]
Congenital atresia of esophagus:[[7422], [5339], [7040], [3569], [3845], [182], [673], [2950], [9370], [2944], [1499], [3383], [406991], [8626], [1490], [1277], [7098], [10194], [55636], [59], [2737], [4853], [2736], [2177], [5154], [5325], [9343], [6016]]
Esophageal Atresia:[[3845], [673], [2944], [675], [2950], [6657], [6469], [4613], [79728], [2177], [2737], [2175], [2072], [2736], [55636], [83990], [2176], [5889], [9241], [2189], [4281], [2294], [9343], [4026], [55215], [84464], [55120], [2188], [9723], [4990], [2178], [2187]]
Imperforate oesophagus:[[]]
OA - Oesophageal atresia:[[7422], [3569], [9370], [3576], [8626]]
