Rash and other nonspecific skin eruption:[[]]
Eruption of skin:[[1277], [7422], [3553], [3458], [652], [3106], [3606], [2944], [3552], [2950], [132], [2952], [3759], [8600], [1896], [7414], [3557], [3791], [5133], [10642], [860], [5889], [783], [943], [813], [386653], [6361], [84962], [611], [6688], [3578], [26985], [50937], [79092], [10312], [58508], [60686], [54757]]
Exanthema:[[3106], [3105], [3075], [3107], [10877]]
Breaking out - eruption:[[]]
Skin Rash:[[1956], [2099], [3106], [3105], [3146], [64127], [9429], [9935], [6119], [1244], [1594], [53616], [4598], [63027], [729852]]
rash NOS:[[1956], [2099], [5243]]
Skin rashes:[[1956], [356], [998]]
Eruption:[[8091], [7422], [5745], [652], [3106], [3553], [2944], [3458], [2950], [132], [3759], [2952], [7414], [1277], [8600], [3606], [10642], [1896], [5133], [860], [1559], [3791], [3557], [5889], [3552], [779], [783], [813], [5744], [943], [84962], [6688], [253827], [611], [3578], [26985], [11096], [6361], [3773], [7141], [50937], [386653], [10312], [58508], [79092], [56155], [220107], [60686], [54757], [29887], [100874074]]
Exanthem:[[]]
Skin rash:[[1956], [2099], [3106], [3105], [3146], [64127], [9429], [9935], [6119], [1244], [1594], [53616], [4598], [63027], [729852]]
Skin eruption:[[1277], [7422], [3553], [3458], [652], [3106], [3606], [2944], [3552], [2950], [132], [2952], [3759], [8600], [1896], [7414], [3557], [3791], [5133], [10642], [860], [5889], [783], [943], [813], [386653], [6361], [84962], [611], [6688], [3578], [26985], [50937], [79092], [10312], [58508], [60686], [54757]]
Rash:[[1956], [7124], [4524], [2064], [2099], [3586], [5243], [3106], [673], [5468], [3105], [5054], [3146], [1565], [1557], [3565], [64127], [9429], [54106], [2261], [9935], [7249], [6119], [1244], [10320], [64135], [3684], [943], [54535], [1594], [53616], [1832], [7297], [712], [22861], [5266], [5004], [4598], [10622], [63027], [58484], [2533], [5005], [25780], [729852], [121260], [161357]]
