Anderson Fabry Disease:[[2717]]
GLA deficiency:[[2717], [2147], [5624], [4256], [5627], [2155], [2159], [2157], [2158], [2539], [348], [2677], [367], [8858], [7015], [7099], [6696], [10413], [120892], [2629], [2152], [2581], [2548], [197], [6609], [7035], [10544], [9415], [5048], [501], [3425], [5226], [2799], [192343]]
FABRY DISEASE:[[2717], [7422], [3569], [1401], [4846], [7421], [5444], [4879], [3162], [3383], [183], [3958], [185], [54658], [4843], [1471], [7412], [2539], [6401], [7137], [7369], [3920], [941], [3783], [5730], [3916], [175], [4671], [53947], [4668], [11346]]
Diffuse Angiokeratoma:[[4609], [999], [3845], [7157], [3553], [3106], [7422], [3119], [3569], [7124], [3586], [6774], [3557], [673], [4790], [1029], [4524], [29126], [596], [2475], [1956], [1436], [1499], [207], [7040], [2064], [3091], [351], [7015], [4318], [7852], [5133], [7421], [2099], [5728], [5243], [1401], [4193], [5290], [3417], [6622], [5743], [4851], [9370], [367], [627], [1080], [3576], [406991], [2146], [7099], [595], [4137], [3717], [332], [3815], [5468], [4233], [135656], [3479], [4255], [4313], [5970], [2944], [8648], [472], [4780], [1026], [5820], [387], [942], [3725], [23411], [960], [5594], [50943], [4615], [4582], [5444], [6347], [2952], [7515], [7097], [2950], [3383], [355], [1493], [3105], [6387], [5925], [120892], [3135], [3146], [238], [9429], [3958], [5979], [604], [581], [836], [406947], [2068], [3565], [3480], [5595], [5663], [10413], [7490], [324], [142], [8626], [3791], [857], [2706], [5347], [5621], [4282], [3418], [407040], [4288], [5071], [6667], [3552], [1828], [213], [5747], [406938], [54658], [2033], [2332], [3953], [6352], [2308], [6513], [2214], [4170], [8842], [4204], [3627], [7132], [2335], [7048], [54106], [5460], [2697], [4311], [6790], [3065], [3620], [1387], [1786], [3481], [846], [2263], [4089], [196], [7128], [4968], [5111], [958], [255738], [8600], [8651], [983], [6657], [2625], [7291], [718], [2305], [6469], [2260], [27086], [4854], [7153], [3559], [1490], [11200], [2778], [1803], [4763], [7298], [7424], [59067], [1457], [6285], [2212], [7080], [796], [6935], [203228], [5156], [2629], [4049], [3662], [60489], [6850], [3308], [2200], [567], [9518]]
Fabry (-Anderson) disease:[[2717]]
Fabry disease:[[2717], [7422], [3569], [1401], [4846], [7421], [5444], [4879], [3162], [3383], [183], [3958], [185], [54658], [4843], [1471], [7412], [2539], [6401], [7137], [7369], [3920], [941], [3783], [5730], [3916], [175], [4671], [53947], [4668], [11346]]
Deficiency of melibiase:[[2717]]
Fabry's disease:[[4846], [2475]]
Sweeley-Klionsky disease:[[1493], [5979], [64127], [11315], [351], [8792], [348], [5071], [1910], [3064], [3586], [6774], [3123], [1029], [6622], [4137], [540], [5310], [3717], [6347], [24], [1201], [6387], [3119], [120892], [335], [7450], [5621], [7422], [3569], [338], [5311], [3949], [3107], [4287], [19], [4023], [5664], [57623], [1071], [3558], [4314], [255738], [4088], [356], [3117], [26191], [1191], [653361], [1586], [958], [26503], [1401], [2629], [4018], [3593], [116519], [6927], [4688], [729230], [3106], [864], [3570], [80339], [7415], [6597], [2244], [59067], [345], [8651], [3115], [10577], [149233], [5314], [6261], [3592], [7957], [1030], [28], [10320], [1234], [3659], [246778], [3990], [4041], [1378], [100048912], [3077], [3383], [6775], [5376], [9173], [2161], [55600], [26058], [7439], [1138], [4361], [4582], [7369], [1956], [1282], [3122], [6653], [4747], [51752], [7124], [4359], [538], [55054], [1136], [6311], [5663], [3931], [3992], [2646], [6584], [337], [9966], [4321], [56606], [217], [1235], [274], [5734], [2524], [7040], [341], [7292], [3953], [4524], [1232], [6272], [5966], [5771], [2308], [54901], [4068], [7332], [8878], [3562], [100507436], [9388], [3084], [2099], [10452], [3559], [6583], [5328], [8301], [1636], [3635], [4693], [1230], [2212], [945], [4318], [29881], [9370], [5243], [367], [4790], [7128], [7421], [64241], [54332], [6403], [1373], [7077], [4846], [94103], [51085], [2243], [10019], [345611], [7015], [4311], [2581], [10221], [56731], [7840], [2876], [940], [6606], [60468], [3595], [2266], [50941], [100359403], [3458], [221692], [10347], [3658], [3133], [2904], [64478], [1394], [64170], [64399], [5594]]
Angiokeratoma corporis diffusum universale:[[]]
ALPHA-GALACTOSIDASE A DEFICIENCY:[[2475], [2717], [2629], [120892], [2581], [2548], [6609], [3425]]
Deficiency Ceramide Trihexosidase:[[]]
Deficiency of alpha-galactosidase:[[4668], [2717], [2475], [2629], [120892], [2581], [2548], [6609], [3425]]
ANGIOKERATOMA CORPORIS DIFFUSUM:[[]]
Fabry Disease:[[2717], [7422], [3569], [1401], [4846], [7421], [5444], [4879], [3162], [3383], [183], [3958], [185], [54658], [4843], [1471], [7412], [2539], [6401], [7137], [7369], [3920], [941], [3783], [5730], [3916], [175], [4671], [53947], [4668], [11346]]
Fabry's Disease:[[4846], [2475]]
ANDERSON-FABRY DISEASE:[[2717]]
Anderson-Fabry Disease:[[2717]]
Ceramide trihexosidase deficiency:[[]]
HEREDITARY DYSTOPIC LIPIDOSIS:[[]]
Hereditary dystopic lipidosis:[[]]
Angiokeratoma Corporis Diffusum:[[]]
GLA Deficiency:[[2717], [2147], [5624], [4256], [5627], [2155], [2159], [2157], [2158], [2539], [348], [2677], [367], [8858], [7015], [7099], [6696], [10413], [120892], [2629], [2152], [2581], [2548], [197], [6609], [7035], [10544], [9415], [5048], [501], [3425], [5226], [2799], [192343]]
Anderson-Fabry disease:[[2717]]
Lipidosis Hereditary Dystopic:[[]]
Angiokeratoma corporis diffusum:[[]]
Ceramide lactoside lipidosis:[[]]
Thesaurismosis lipoidica:[[9332]]
Cardiovasorenal syndrome:[[3757], [1280], [114548], [3753], [2074], [7157], [348], [1281], [51085], [546], [80184], [7466], [3845], [673], [8481], [5728], [8195], [7486], [641], [2706], [2317], [4292], [91147], [8626], [1540], [4000], [54658], [1161], [7490], [2033], [6331], [4023], [1071], [5781], [4436], [2263], [3643], [7291], [3784], [2261], [2260], [582], [10806], [8085], [10083], [367], [4683], [207], [84062], [3123], [7468], [4647], [4952], [2200], [1029], [7399], [4810], [201163], [2969], [10804], [6949], [7227], [2492], [775], [7840], [2316], [5428], [3730], [5080], [585], [1278], [54487], [5604], [55612], [2121], [811], [5290], [132884], [4281], [116442], [84100], [2812], [5077], [64127], [79068], [6663], [783], [338], [57167], [1130], [9968], [2332], [1277], [3990], [10743], [7456], [19], [2122], [3265], [6737], [84059], [6741], [3481], [6513], [4089], [23111], [2646], [356], [1285], [1387], [26585], [8976], [7504], [1827], [331], [23405], [9401], [65217], [4893], [672], [4692], [9569], [5894], [4277], [6774], [3117], [1401], [1788], [7401], [7128], [3570], [545], [10163], [583], [10682], [124590], [129880], [54808], [27241], [2138], [79738], [4137], [2475], [60], [3897], [5159], [1364], [8091], [5885], [79803], [2811], [2956], [9993], [5460], [4286], [675], [3717], [8220], [80144], [80025], [999], [3973], [79621], [4193], [64135], [1145], [55212], [2645], [27031], [4851], [1493], [10535], [2131], [1910], [7122], [9031], [4853], [1134], [2146], [100188856], [355], [50943], [105259599], [2153], [9652], [10908], [3664], [7020], [8214], [5308], [10062], [8517], [5076], [27019], [5189], [5395], [1287], [1906], [25825], [3759]]
alpha-Galactosidase A Deficiency:[[2475], [2717], [2629], [120892], [2581], [2548], [6609], [3425]]
GLA DEFICIENCY:[[2717], [2147], [5624], [4256], [5627], [2155], [2159], [2157], [2158], [2539], [348], [2677], [367], [8858], [7015], [7099], [6696], [10413], [120892], [2629], [2152], [2581], [2548], [197], [6609], [7035], [10544], [9415], [5048], [501], [3425], [5226], [2799], [192343]]
alpha Galactosidase A Deficiency Disease:[[]]
alpha-Galactosidase-A deficiency:[[2475], [2717], [2629], [120892], [2581], [2548], [6609], [3425]]
Alpha-galactosidase A deficiency:[[2475], [2717], [2629], [120892], [2581], [2548], [6609], [3425]]
Ruiter-Pompen syndrome:[[3757], [1280], [114548], [3753], [2074], [7157], [348], [1281], [51085], [546], [80184], [7466], [3845], [673], [8481], [5728], [8195], [7486], [641], [2706], [2317], [4292], [91147], [8626], [1540], [4000], [54658], [1161], [7490], [2033], [6331], [4023], [1071], [5781], [4436], [2263], [3643], [7291], [3784], [2261], [2260], [582], [10806], [8085], [10083], [367], [4683], [207], [84062], [3123], [7468], [4647], [4952], [2200], [1029], [7399], [4810], [201163], [2969], [10804], [6949], [7227], [2492], [775], [7840], [2316], [5428], [3730], [5080], [585], [1278], [54487], [5604], [55612], [2121], [811], [5290], [132884], [4281], [116442], [84100], [2812], [5077], [64127], [79068], [6663], [783], [338], [57167], [1130], [9968], [2332], [1277], [3990], [10743], [7456], [19], [2122], [3265], [6737], [84059], [6741], [3481], [6513], [4089], [23111], [2646], [356], [1285], [1387], [26585], [8976], [7504], [1827], [331], [23405], [9401], [65217], [4893], [672], [4692], [9569], [5894], [4277], [6774], [3117], [1401], [1788], [7401], [7128], [3570], [545], [10163], [583], [10682], [124590], [129880], [54808], [27241], [2138], [79738], [4137], [2475], [60], [3897], [5159], [1364], [8091], [5885], [79803], [2811], [2956], [9993], [5460], [4286], [675], [3717], [8220], [80144], [80025], [999], [3973], [79621], [4193], [64135], [1145], [55212], [2645], [27031], [4851], [1493], [10535], [2131], [1910], [7122], [9031], [4853], [1134], [2146], [100188856], [355], [50943], [105259599], [2153], [9652], [10908], [3664], [7020], [8214], [5308], [10062], [8517], [5076], [27019], [5189], [5395], [1287], [1906], [25825], [3759]]
alpha Galactosidase A Deficiency:[[2475], [2717], [2629], [120892], [2581], [2548], [6609], [3425]]
CERAMIDE TRIHEXOSIDASE DEFICIENCY:[[]]
Lactosyl ceramidosis:[[348], [7852]]
Thesaurismosis hereditaria:[[114548], [387570], [100301525], [103], [4693], [10058], [23328], [100], [3852]]
alpha-Galactosidase A Deficiency Disease:[[]]
