Factor VII deficiency:[[2155], [3172]]
Factor Seven Deficiencies:[[7450], [2155], [6772], [11093], [3952], [7157], [2255], [2161], [3084], [5624], [5781], [5728], [26121], [5626], [3690], [672], [5925], [4524], [675], [335], [9037], [6647], [120892], [4204], [3064], [462], [331], [5627], [3674], [5428], [2643], [2539], [2244], [197], [64805], [6716], [259197], [5053], [2006], [6609], [2798], [6833], [5046], [8647], [5873], [291]]
FACTOR VII DEFICIENCY:[[2155], [3172]]
Hypoproconvertinemia:[[]]
Factor 7 deficiency:[[7422], [3479], [7040], [3569], [1956], [2153], [7124], [2068], [3075], [3952], [3091], [90411], [2147], [6774], [5970], [2155], [9370], [4790], [627], [3486], [2157], [3586], [7157], [4609], [355], [3480], [2158], [970], [2071], [2064], [7941], [1080], [2074], [2263], [5624], [7450], [4780], [2159], [6772], [2162], [6667], [1950], [4137], [11315], [7048], [2161], [939], [2160], [11093], [8600], [3576], [2950], [6927], [10135], [2066], [2260], [7852], [7132], [5154], [3661], [3172], [1557], [51592], [861], [6387], [6347], [1977], [629], [8743], [10616], [6868], [948], [6657], [8626], [1147], [3551], [653361], [79001], [7490], [3593], [3606], [356], [3565], [959], [2625], [5449], [10320], [4982], [5191], [4254], [3558], [7043], [7128], [673], [7161], [2516], [9518], [93986], [4879], [1565], [2626], [2896], [10631], [9131], [6597], [468], [860], [207], [6777], [730], [2065], [2152], [4792], [4192], [2067], [5371], [90865], [3934], [6929], [8517], [2821], [4176], [2034], [125170], [4208], [23495], [3077], [1499], [10673], [5054], [405], [4602], [9451], [4524], [4088], [51284], [1839], [4286], [3679], [55294], [3426], [328], [6928], [6688], [348], [5176], [3827], [3575], [2638], [2149], [1045], [7508], [2099], [5626], [3592], [8289], [367], [351], [1604], [285362], [2150], [4521], [6095], [3491], [966], [7187], [6890], [5728], [3662], [3553], [8795], [23411], [3977], [2934], [50616], [2253], [7507], [2313], [4086], [2688], [317], [3664], [6117], [2796], [5345], [6513], [5199], [3953], [6427], [51119], [5069], [3123], [3162], [91574], [2547], [10273], [7520], [3931], [6910], [2494]]
Prothrombin conversion accelerator deficiency:[[2155]]
Stable factor deficiency:[[]]
Hypoproconvertinemias:[[]]
HYPOPROCONVERTINEMIA:[[]]
Factor 7 Deficiencies:[[3952], [7157], [2155], [7450], [6772], [10135], [11093], [2068], [2147], [6662], [959], [3084], [3593], [2161], [207], [5624], [2255], [84062], [5728], [50943], [26121], [5594], [23495], [10594], [672], [5626], [285362], [3690], [5925], [4524], [85476], [5781], [142], [5092], [4193], [675], [7098], [407021], [335], [5194], [120892], [4204], [4968], [2006], [6647], [4615], [3064], [331], [3600], [4153], [2798], [1111], [23213], [2], [462], [5428], [10855], [1644], [5627], [5888], [2643], [7293], [2244], [3674], [5053], [721], [10059], [2539], [6272], [81], [781], [10599], [11128], [197], [7442], [6716], [1399], [23476], [720], [8858], [6770], [51135], [6609], [6833], [51816], [2175], [1674], [5046], [1583], [3981], [3635], [8647], [259197], [2271], [64170], [5873], [1773], [5896], [4719], [81704], [291], [3094], [5352], [55863], [81622], [28976], [55163], [56521], [23379], [10623]]
Deficiency of stable factor:[[]]
Factor Seven Deficiency:[[7422], [7852], [3075], [627], [7124], [3569], [2157], [1956], [5970], [2155], [6774], [3952], [7941], [4609], [5624], [3480], [2064], [7450], [2159], [2263], [4780], [2161], [2160], [629], [11093], [8074], [6772], [6927], [4137], [7048], [7157], [3558], [7128], [3123], [1813], [2065], [2260], [6928], [3172], [5449], [861], [2625], [367], [6657], [348], [4982], [8626], [6387], [79001], [3551], [4792], [2067], [7490], [1952], [2626], [3426], [3934], [6597], [860], [8517], [5371], [2150], [328], [5626], [5176], [7508], [3664], [4286], [2688], [718], [10320], [4524], [2677], [9966], [2099], [7520], [3953], [1392], [5728], [1029], [351], [6890], [7253], [79068], [64127], [3559], [26191], [5627], [727], [1401], [672], [6891], [4089], [3572], [3784], [958], [3717], [1499], [7015], [267], [3077], [3117], [2524], [3630], [595], [1493], [673], [5265], [1071], [79991], [5743], [7099], [3990], [2624], [3690], [5925], [1586], [25836], [717], [7097], [462], [5290], [675], [335], [6469], [4160], [54106], [3845], [3146], [1080], [857], [5771], [846], [2539], [6647], [5443], [2950], [472], [2475], [3815], [2908], [6716], [5071], [1589], [6775], [2693], [2324], [2876], [4915], [2643], [59067], [54790], [4204], [1814], [6532], [4869], [999], [1234], [4914], [3949], [57817], [7054], [10019], [5444], [695], [19], [5966], [7474], [7428], [387], [6531], [338], [25], [1576], [5979], [121278], [6794], [2629], [4436], [5447], [5588], [387715], [3043], [3938], [919], [581], [120892], [2645], [54658], [1268], [324], [5009], [7297], [23405], [331], [3417], [2312], [1471], [3557], [2056]]
Factor VII Deficiency:[[2155], [3172]]
Factor 7 Deficiency:[[7422], [3479], [7040], [3569], [1956], [2153], [7124], [2068], [3075], [3952], [3091], [90411], [2147], [6774], [5970], [2155], [9370], [4790], [627], [3486], [2157], [3586], [7157], [4609], [355], [3480], [2158], [970], [2071], [2064], [7941], [1080], [2074], [2263], [5624], [7450], [4780], [2159], [6772], [2162], [6667], [1950], [4137], [11315], [7048], [2161], [939], [2160], [11093], [8600], [3576], [2950], [6927], [10135], [2066], [2260], [7852], [7132], [5154], [3661], [3172], [1557], [51592], [861], [6387], [6347], [1977], [629], [8743], [10616], [6868], [948], [6657], [8626], [1147], [3551], [653361], [79001], [7490], [3593], [3606], [356], [3565], [959], [2625], [5449], [10320], [4982], [5191], [4254], [3558], [7043], [7128], [673], [7161], [2516], [9518], [93986], [4879], [1565], [2626], [2896], [10631], [9131], [6597], [468], [860], [207], [6777], [730], [2065], [2152], [4792], [4192], [2067], [5371], [90865], [3934], [6929], [8517], [2821], [4176], [2034], [125170], [4208], [23495], [3077], [1499], [10673], [5054], [405], [4602], [9451], [4524], [4088], [51284], [1839], [4286], [3679], [55294], [3426], [328], [6928], [6688], [348], [5176], [3827], [3575], [2638], [2149], [1045], [7508], [2099], [5626], [3592], [8289], [367], [351], [1604], [285362], [2150], [4521], [6095], [3491], [966], [7187], [6890], [5728], [3662], [3553], [8795], [23411], [3977], [2934], [50616], [2253], [7507], [2313], [4086], [2688], [317], [3664], [6117], [2796], [5345], [6513], [5199], [3953], [6427], [51119], [5069], [3123], [3162], [91574], [2547], [10273], [7520], [3931], [6910], [2494]]
F7 DEFICIENCY:[[2155], [2159], [2677], [462], [3553], [2158], [3172], [2152], [7415], [2149], [2150], [468], [501], [51720]]
Factor VII Deficiencies:[[2155]]
F7 - Factor VII deficiency:[[2155], [3172]]
