Owren Disease:[[]]
Factor Five Deficiency:[[7422], [3479], [7040], [2153], [3075], [1956], [7124], [3569], [7941], [3091], [2147], [2157], [2263], [3586], [2155], [2158], [6774], [627], [9370], [3952], [4609], [355], [2064], [7450], [2162], [2066], [2160], [4780], [2161], [1950], [7157], [6667], [4137], [6927], [7048], [7132], [2260], [3565], [2099], [3593], [7852], [6928], [3976], [8626], [959], [10320], [861], [4254], [6387], [629], [79001], [4982], [8743], [9518], [710], [1029], [7161], [2626], [2067], [26291], [4879], [2034], [7035], [7128], [860], [207], [405], [1045], [3661], [328], [3592], [6095], [653361], [4602], [3077], [7508], [2516], [2688], [30009], [9997], [3664], [4088], [4286], [595], [4524], [348], [5728], [6595], [9966], [351], [7037], [1952], [3953], [6473], [2934], [367], [672], [9927], [3162], [3553], [639], [1401], [440275], [4688], [7454], [50943], [3717], [3123], [3815], [5627], [5468], [57492], [920], [7015], [5054], [3054], [596], [81494], [4153], [1814], [10933], [718], [5743], [1588], [7421], [3078], [3990], [675], [7099], [5265], [1071], [673], [10318], [1806], [406991], [2624], [3949], [60468], [1586], [25836], [462], [11069], [5340], [3559], [4846], [5925], [1277], [1080], [3458], [64127], [5290], [6622], [2950], [3845], [10878], [335], [2643], [54106], [5071], [727], [2309], [9837], [2539], [6647], [5015], [5820], [5191], [1589], [114548], [472], [174], [4318], [29126], [7018], [6464], [2475], [3784], [1026], [875], [196], [5747], [5663], [1636], [4193], [3106], [9365], [1312], [4204], [4292], [3570], [2876], [51738], [999], [4915], [650], [4914], [6532], [3630], [1813], [1234]]
Factor 5 Deficiencies:[[959], [5728], [7157], [4524], [7450], [3593], [2161], [2155], [6772], [2068], [11093], [3952], [6716], [6662], [3066], [2147], [2255], [2643], [3084], [207], [5888], [3635], [5624], [10135], [6598], [2], [5626], [50943], [708], [26121], [3094], [5594], [3690], [23495], [10594], [672], [5352], [5925], [285362], [5781], [3065], [85476], [142], [24148], [4193], [335], [5092], [55163], [675], [5194], [7098], [6647], [10059], [3547], [4204], [4615], [3064], [23213], [120892], [5428], [4968], [10855], [4153], [2736], [331], [3600], [462], [1111], [5627], [3674], [1501], [10599], [7442], [6609], [2539], [407021], [7293], [2006], [2244], [23476], [6272], [5053], [6833], [197], [64805], [84062], [51816], [4719], [8858], [5046], [720], [106146144], [106146143], [1644], [6770], [81], [3981], [721], [9037], [2798], [51135], [5896], [5873], [2175], [8647], [81704], [5277], [64170], [781], [2271], [1674], [259197], [1773], [23379], [11128], [291], [55863], [28976], [5805], [9868], [10623], [56521], [79934]]
Labile Factor Deficiency:[[2153], [3479], [7124], [3483], [3091], [1956], [3486], [11093], [3558], [351], [5265], [4353], [3689], [7097], [857], [6647], [142], [57817], [7037], [7515], [5599], [5906], [4170], [5053], [2], [5093], [30061]]
AC globulin deficiency:[[]]
Parahemophilias:[[]]
Owrens Disease:[[]]
OWREN PARAHEMOPHILIA:[[]]
Hereditary hypoproaccelerinemia:[[3077], [5376], [7157], [6654], [672], [26585], [5624], [999], [675], [3845], [3553], [1080], [4089], [3315], [2022], [51062], [324], [1786], [3557], [7421], [7080], [2956], [2157], [1471], [2137], [547], [10558], [6690], [9927], [7048], [4524], [710], [2161], [351], [1029], [7954], [79728], [3329], [7040], [9566], [1436], [7124], [348], [4914], [5644], [7422], [5080], [3569], [408259], [2099], [174], [7424], [54463], [2521], [1636], [5925], [1814], [94], [5979], [6708], [2706], [673], [6720], [4292], [2271], [4072], [2512], [10801], [2064], [5728], [2147], [780916], [110011217], [4137], [4535], [6335], [2158], [2160], [9780], [4318], [5395], [2324], [5354], [1401], [7276], [367], [4846], [207], [2153], [3783], [4436], [1499], [7099], [4149], [2475], [1312], [335], [29126], [3576], [6622], [7015], [11200], [2778], [472], [1282], [5054], [100124414], [619402], [408260], [378888], [246230], [80870], [80768], [64644], [59333], [54115], [50989], [10774], [100188867], [3717], [4780], [3479], [65125], [10481], [6041], [50952], [2944], [100188834], [4193], [3247], [100188865], [101059903], [101027378], [100302560], [100188868], [100188826], [100188809], [100188769], [791087], [7909], [1639], [5290], [3815], [229], [7428], [26580], [3798], [7498], [5444], [6347], [4538], [4879], [657], [2950], [960], [110008579], [4233], [2658], [57817], [6687], [3105], [1813], [120892], [4210], [6521], [3043], [7515], [26353], [1565], [857], [5172], [3075], [1371], [11093], [54658], [142], [4508], [185], [581], [3757], [5133], [3098], [9420], [57679], [4582], [462], [4312], [1027], [8074], [7273], [9897], [5631], [4282], [7132], [1588], [114548], [4255], [718], [5071], [2261]]
Parahemophilia:[[]]
Factor Five Deficiencies:[[7450], [2155], [7157], [3952], [6662], [2147], [959], [3593], [2161], [3084], [207], [5728], [50943], [672], [26121], [5781], [5925], [675], [4524], [4193], [335], [120892], [6272], [6647], [4153], [4204], [2643], [462], [2736], [331], [5888], [3600], [5627], [5428], [2539], [2244], [197], [10059], [5053], [2006], [781], [84062], [2175], [2271], [1674], [3981], [28976]]
Hereditary factor V deficiency disease:[[2153], [2243]]
Labile Factor Deficiencies:[[11093], [142], [6647], [2], [5053]]
Factor V Deficiency:[[2153], [2243]]
Owren's disease:[[]]
Parahemophilia Owren:[[]]
Factor 5 Deficiency:[[7422], [3479], [2153], [7040], [2068], [7124], [3075], [3569], [959], [3091], [2147], [4524], [1956], [2157], [90411], [5728], [2074], [5290], [3586], [5970], [2071], [6774], [9370], [7520], [2155], [4790], [2547], [3952], [627], [2161], [4137], [8795], [5806], [2516], [2158], [7157], [4609], [355], [6716], [6910], [3480], [2073], [5468], [7132], [7450], [2064], [5624], [7941], [2494], [2263], [2159], [4780], [3565], [3486], [3593], [727], [2162], [1950], [6772], [121278], [6667], [11093], [9131], [6927], [2643], [2160], [7043], [324], [3576], [8074], [81494], [8718], [6532], [7048], [8600], [958], [1234], [2625], [6347], [2260], [841], [7852], [1437], [3172], [2066], [6868], [861], [1839], [5562], [6387], [8743], [2067], [629], [4548], [8626], [5879], [332], [3551], [4208], [3606], [356], [4879], [1977], [7161], [1788], [79001], [7490], [5993], [64135], [2150], [5626], [6657], [268], [7189], [1147], [3309], [2626], [4982], [2152], [6352], [2149], [328], [4192], [5449], [2034], [3977], [207], [860], [1789], [90865], [6597], [5888], [10631], [25939], [4552], [7128], [6929], [79133], [3558], [5371], [2896], [3661], [9518], [7345], [5154], [710], [26291], [3934], [8517], [6777], [10673], [468], [2638], [3635], [4792], [4791], [405], [2821], [7494], [6928], [6095], [6117], [708], [1728], [23495], [10135], [6584], [7187], [7508], [4602], [5335], [4086], [1045], [6598], [2934], [5176], [5307], [3818], [6715], [1675], [3827], [200576], [7507], [5291], [4952], [2688], [4088], [3662], [6688], [2623], [1604], [8741], [2313], [3570], [4286], [10320], [3976], [4254], [1003], [348]]
PARAHEMOPHILIA:[[]]
Owren's Disease:[[]]
Hereditary hypoproaccelerinaemia:[[3077], [5376], [7157], [6654], [672], [26585], [5624], [999], [675], [3845], [3553], [1080], [4089], [3315], [2022], [51062], [324], [1786], [3557], [7421], [7080], [2956], [2157], [1471], [2137], [547], [10558], [6690], [9927], [7048], [4524], [710], [2161], [351], [1029], [7954], [79728], [3329], [7040], [9566], [1436], [7124], [348], [4914], [5644], [7422], [5080], [3569], [408259], [2099], [174], [7424], [54463], [2521], [1636], [5925], [1814], [94], [5979], [6708], [2706], [673], [6720], [4292], [2271], [4072], [2512], [10801], [2064], [5728], [2147], [780916], [110011217], [4137], [4535], [6335], [2158], [2160], [9780], [4318], [5395], [2324], [5354], [1401], [7276], [367], [4846], [207], [2153], [3783], [4436], [1499], [7099], [4149], [2475], [1312], [335], [29126], [3576], [6622], [7015], [11200], [2778], [472], [1282], [5054], [100124414], [619402], [408260], [378888], [246230], [80870], [80768], [64644], [59333], [54115], [50989], [10774], [100188867], [3717], [4780], [3479], [65125], [10481], [6041], [50952], [2944], [100188834], [4193], [3247], [100188865], [101059903], [101027378], [100302560], [100188868], [100188826], [100188809], [100188769], [791087], [7909], [1639], [5290], [3815], [229], [7428], [26580], [3798], [7498], [5444], [6347], [4538], [4879], [657], [2950], [960], [110008579], [4233], [2658], [57817], [6687], [3105], [1813], [120892], [4210], [6521], [3043], [7515], [26353], [1565], [857], [5172], [3075], [1371], [11093], [54658], [142], [4508], [185], [581], [3757], [5133], [3098], [9420], [57679], [4582], [462], [4312], [1027], [8074], [7273], [9897], [5631], [4282], [7132], [1588], [114548], [4255], [718], [5071], [2261]]
FACTOR V DEFICIENCY:[[2153], [2243]]
Proaccelerin deficiency:[[2153]]
Factor V deficiency:[[2153], [2243]]
LABILE FACTOR DEFICIENCY:[[2153], [3479], [7124], [3483], [3091], [1956], [3486], [11093], [3558], [351], [5265], [4353], [3689], [7097], [857], [6647], [142], [57817], [7037], [7515], [5599], [5906], [4170], [5053], [2], [5093], [30061]]
Factor V Deficiencies:[[]]
Parahaemophilia:[[2811], [3998], [90411]]
