Mouldy-hay disease:[[3119], [4088], [9173], [3559], [85480], [8626], [22806], [90865], [3596], [23274], [2944], [5744], [2952], [2950], [50943], [7096], [2312], [9021], [10451], [284110], [134430], [286046], [338811], [10085], [7145], [91137], [84991], [9840]]
Farmer Lung:[[]]
Farmers' lung:[[7097], [10392]]
Farmers' lung disease:[[7097]]
Moldy hay disease:[[3119], [4088], [9173], [3559], [85480], [8626], [22806], [90865], [3596], [23274], [2944], [5744], [2952], [2950], [50943], [7096], [2312], [9021], [10451], [284110], [134430], [286046], [338811], [10085], [7145], [91137], [84991], [9840]]
Farmer's Lungs:[[]]
Mouldy hay disease:[[3119], [4088], [9173], [3559], [85480], [8626], [22806], [90865], [3596], [23274], [2944], [5744], [2952], [2950], [50943], [7096], [2312], [9021], [10451], [284110], [134430], [286046], [338811], [10085], [7145], [91137], [84991], [9840]]
Farmers lung:[[]]
Farmer's Lung:[[]]
Farmer's lung:[[]]
Moldy-hay disease:[[3119], [4088], [9173], [3559], [85480], [8626], [22806], [90865], [3596], [23274], [2944], [5744], [2952], [2950], [50943], [7096], [2312], [9021], [10451], [284110], [134430], [286046], [338811], [10085], [7145], [91137], [84991], [9840]]
Farmers Lung:[[]]
