Muscular Fasciculation:[[]]
Fluttering muscles:[[]]
Fasciculation:[[9638], [9637], [836], [2932], [1268], [2043], [10371], [57142], [2048], [2042], [8989], [8851], [5142], [2909], [10519], [152330], [4692], [4897], [3831], [9037], [27242], [4077], [2049], [23114], [64221], [4685], [55079], [80031], [1954], [57463], [60592], [116225306], [116225305], [116225304]]
Spontaneous contraction of muscle:[[6262], [488], [59], [1906], [1756], [406991], [6329], [7273], [7040], [2316], [7139], [7157], [7124], [2475], [3815], [1636], [3569], [857], [3757], [4318], [5728], [1401], [207], [4313], [3553], [183], [6647], [3717], [387], [6648], [9759], [627], [3688], [3673], [406922], [796], [5970], [5879], [185], [3600], [4089], [5241], [2147], [444], [4312], [3383], [2852], [133], [5294], [2149], [3741], [3778], [727], [8862], [718], [3315], [2876], [6786], [151], [8877], [4015], [7351], [84876], [3552], [3290], [8912], [2641], [90865], [100], [6869], [6442], [2281], [3976], [947], [7094], [80149], [2280], [79054], [2205], [3269], [5730], [6013]]
Muscular Fasciculations:[[]]
Flickering muscles:[[]]
Muscle fasciculation:[[836], [2932], [1268], [57142], [10371], [2043], [5142], [8989], [4077], [80031]]
Muscular fasciculation:[[]]
Fasciculations:[[]]
Writhing muscles:[[]]
