Fracture Femoral:[[8600], [4982], [1499], [2099], [4524], [7421], [7124], [7040], [7422], [7157], [50964], [3569], [5741], [9370], [4041], [1401], [1277], [3479], [6662], [3091], [4318], [8792], [3952], [182], [59341], [51384], [5468], [650], [6696], [2100], [2247], [154], [22943], [56729], [1280], [3953], [860], [1278], [632], [7486], [1513], [3938], [406979], [633], [6424], [1186], [158228]]
Fracture of thigh:[[650], [3690]]
Femur fractures:[[4982], [2099], [8600], [4524], [4041], [3479], [8792], [1277], [650], [213], [6462]]
Femoral fractures:[[9453]]
Fracture of upper leg NOS:[[7422], [3479]]
Femur fracture:[[8600], [4982], [2099], [4524], [1280], [4041], [3479], [1277], [8792], [650], [22943], [860], [5027], [6462]]
Fracture of upper leg:[[3569], [7124], [7040], [7422], [3479], [3690], [3953], [567]]
Fractures Femoral:[[4982], [2099], [8600], [4524], [7124], [7040], [7421], [3569], [4041], [5741], [1401], [9370], [3553], [59341], [3479], [5468], [182], [1499], [5054], [8792], [650], [1277], [5444], [6696], [2100], [50964], [1278], [632], [9510], [51384], [9453], [11095]]
Fracture of femur:[[8600], [4982], [2099], [4524], [1280], [4041], [3479], [1277], [8792], [650], [22943], [860], [5027], [6462]]
Fracture of thigh NOS:[[]]
