Rupture of amniotic sac under 24 hours before onset of labour:[[]]
Membrane Premature Ruptures (Pregnancy):[[4846], [4312], [1277], [7049]]
Premature Rupture of Fetal Membranes:[[7124], [2099], [4790], [3553], [3576], [3586], [7099], [5970], [3383], [4153], [836], [5265], [4968], [7412], [9518], [3484], [2113], [1673], [5972], [4317], [1672], [1392], [6440]]
PROM (Pregnancy):[[1401], [7099], [3135], [7097], [1471]]
Premature Rupture of Membrane (Pregnancy):[[3690], [348], [7124], [7157], [3135], [3570], [5925], [2099], [10857], [1636], [3569], [4846], [7099], [3383], [7422], [4318], [7040], [3553], [3958], [5743], [7097], [1191], [177], [4790], [355], [1401], [185], [4313], [3586], [3791], [2321], [3576], [7412], [2022], [7421], [1432], [796], [356], [1906], [2638], [6347], [335], [3557], [836], [4312], [5328], [6696], [2200], [3146], [718], [406938], [7076], [1471], [2243], [7450], [90865], [6280], [4982], [1277], [55600], [6279], [9518], [3240], [79679], [3624], [5972], [240], [1958], [1672], [4317], [59]]
Rupture of membranes prior to onset of labor:[[7124], [3569], [4318], [7422], [1401], [3586], [7099], [4790], [2099], [3576], [7097], [4312], [2321], [3146], [177], [3383], [3557], [5970], [5328], [7076], [3315], [3484], [3570], [1667]]
Membrane Premature Rupture (Pregnancy):[[3690], [348], [7124], [7157], [3135], [3570], [5925], [2099], [10857], [1636], [3569], [4846], [7099], [3383], [7422], [4318], [7040], [3553], [3958], [5743], [7097], [1191], [177], [4790], [355], [1401], [185], [4313], [3586], [3791], [2321], [3576], [7412], [2022], [7421], [1432], [796], [356], [1906], [2638], [6347], [335], [3557], [836], [4312], [5328], [6696], [2200], [3146], [718], [406938], [7076], [1471], [2243], [7450], [90865], [6280], [4982], [1277], [55600], [6279], [9518], [3240], [79679], [3624], [5972], [240], [1958], [1672], [4317], [59]]
PROM - Premature rupture of membranes:[[1401], [7099], [7097], [3135], [1471], [5265], [54210], [3929]]
Fetal Membranes Premature Rupture:[[7124], [2099], [4790], [3553], [3576], [3586], [7099], [5970], [3383], [4153], [836], [5265], [4968], [7412], [9518], [3484], [2113], [1673], [5972], [4317], [1672], [1392], [6440]]
Premature rupture of membranes:[[3569], [871], [7157], [7124], [4318], [4524], [348], [1401], [2099], [1636], [7422], [4790], [3553], [7040], [3576], [4137], [3586], [7099], [7421], [3383], [4312], [3146], [4313], [5970], [335], [355], [4153], [7097], [185], [3958], [3791], [3690], [3135], [796], [177], [5328], [836], [650], [4314], [3557], [2321], [7412], [4968], [3240], [1471], [90865], [5265], [356], [1673], [7076], [1191], [2022], [9518], [6280], [3484], [3624], [3570], [9173], [2113], [2638], [6279], [5972], [1672], [4317], [240], [3572], [1392], [55600], [54210], [59], [3929], [1082], [11082], [79679], [4016], [6440], [10468], [1667], [10857], [6317], [4938], [9507], [671], [56999], [5527], [1668], [8027], [10579]]
Rupture of amniotic sac under 24 hours before onset of labor:[[]]
