Fibromatosis Aggressive:[[54809], [1499], [7040], [2099], [1029], [2100], [3815], [4288], [5925], [5054], [142], [324], [2932], [7048], [1490], [5111], [3897], [7030], [51176], [4174]]
Aggressive fibromatosis:[[54809], [1499], [1029], [5054], [3815], [5925], [324], [4288], [5111], [4174]]
Desmoid type fibromatosis:[[5054], [1029], [1499], [7040], [324], [2100], [1490], [3815], [2932], [5925], [142], [4288], [3897], [5111], [51176], [7030]]
Deep fibromatosis:[[1499], [2099], [7040], [5054], [1029], [2100], [324], [5925], [142], [4288], [7048]]
Desmoids:[[1499], [2099], [3815], [2100], [324], [5241]]
Desmoid fibromatosis:[[324], [1499], [7040], [1029], [2100], [5054], [3815], [5925], [2932], [4288], [142], [1490], [5111], [3897], [51176], [7030], [4174]]
Desmoid:[[324], [1499], [7040], [7422], [1029], [595], [5054], [3815], [2100], [5925], [2932], [4288], [142], [6714], [1027], [7490], [1950], [1490], [5111], [4316], [3897], [1000], [7039], [51176], [4192], [4171], [2191], [7030], [4176], [56998], [4174], [6775079]]
Desmoid tumor:[[7490], [1029], [324], [5925], [3815], [1499], [7040], [7422], [595], [5054], [2100], [2932], [4288], [142], [6714], [1027], [1950], [1490], [5111], [4316], [3897], [1000], [7039], [51176], [4171], [2191], [7030], [4192], [4176], [56998], [4174], [6775079]]
Desmoid-type fibromatosis:[[1499], [324], [2100], [2932], [142], [3897], [51176], [7030]]
Invasive fibroma:[[7040], [3845], [1499], [960], [3553], [4193], [5925], [324], [1277], [2260], [2778], [4763], [947], [6662], [4267], [3161]]
Fibromatoses Aggressive:[[1499]]
Desmoid tumour:[[324], [1499], [7040], [7422], [1029], [595], [3815], [4288], [5054], [5925], [7490], [2100], [2932], [1027], [142], [6714], [1950], [1490], [5111], [4316], [3897], [1000], [4192], [4176], [4171], [2191], [4174]]
