Fibrous Dysplasia of Bone:[[2778]]
Bone Fibrous Dysplasia:[[]]
Jaffe-Lichtenstein Disease:[[6548]]
Jaffe Lichtenstein Disease:[[6548]]
Osteitis Fibrosa Disseminata:[[]]
Fibrous dysplasia:[[1311], [7040], [2200], [2475], [7157], [1029], [4318], [1956], [2778], [1499], [7015], [999], [4322], [4288], [4609], [6452], [4313], [960], [5925], [595], [2022], [8074], [6778], [2247], [4763], [4982], [10631], [4843], [4089], [947], [1490], [8600], [4088], [8091], [6469], [7431], [4072], [4087], [216], [4311], [4171], [59], [8792], [5076], [1674], [26330], [9509]]
Fibrous dysplasia of bone:[[2778]]
Osteitis fibrosa:[[7124], [3569], [7040], [3586], [4318], [5243], [3458], [7097], [3605], [4153], [4314], [4088], [3593], [4087], [3592], [7096], [3589], [8200], [10333], [2131]]
Jaffe-Lichtenstein syndrome:[[6548]]
Bone Fibrous Dysplasias:[[]]
