Full of wind:[[3569], [4524]]
Flatulence symptom:[[7157], [3569], [6532], [7124], [348], [1312], [7040], [4524], [7422], [3586], [1636], [2064], [2099], [1401], [9370], [627], [3553], [1029], [4137], [1813], [4846], [1080], [3952], [6347], [3717], [6531], [4313], [5054], [5444], [3605], [6647], [3119], [3077], [3162], [154], [120892], [1815], [5621], [3958], [4282], [1588], [3356], [3417], [54658], [5663], [19], [4128], [6352], [7276], [282617], [4353], [56729], [4988], [6513], [407040], [3084], [1756], [2260], [2289], [3596], [4763], [1728], [2629], [2896], [5027], [3350], [9518], [354], [2784], [2212], [7139], [6280], [5021], [5080], [5950], [7442], [729230], [551], [7137], [4684], [1814], [155], [197], [2316], [5428], [3566], [94025], [5777], [3418], [5294], [2066], [4915], [6279], [121278], [1812], [27185], [2904], [406992], [350], [5972], [5376], [2161], [1861], [6530], [150], [6335], [1843], [84062], [10133], [1137], [8989], [4747], [5664], [3662], [5020], [6311], [2166], [574501], [3578], [8398], [6362], [93986], [267012], [406941], [3359], [51083], [1066], [8910], [3635], [1128], [6310], [2913], [1816], [1158], [2206], [3782], [2581], [1152], [80025], [10021], [2561], [6504], [55270], [1293], [3912], [8575], [27347], [3798], [6519], [7472], [406980], [162514], [3061], [54664], [10617], [3093], [4589], [2558], [8605], [23096], [23237], [2557], [4566], [25981], [54800], [644096], [114905], [729178]]
Flatus:[[]]
Flatulence:[[]]
Passage of gas by anus:[[]]
Passing flatus:[[351], [4318], [6622], [1576], [1017], [8856], [9076], [2237], [1058], [50848], [1366], [7122], [1365], [10577], [10721], [83700], [9074], [10686], [51208], [5010], [4125], [23562], [9073], [9071], [23178], [9080], [9069], [24146], [137075], [26285], [49861], [118924], [53842], [100132463], [644672]]
Wind - flatus:[[4524], [3569]]
Flatus function:[[960], [177], [7422], [6662], [51741], [2122], [7369], [3683], [3119], [1471], [4035], [3360], [604], [965], [1653], [4306], [64399], [4094], [5727], [2161], [25842], [914], [1956], [7157], [5915], [9759], [1136], [3643], [9429], [3084], [217], [7124], [348], [2064], [10219], [8091], [2778], [6582], [3569], [256764], [1116], [8622], [2629], [7040], [55723], [4524], [5743], [116085], [3672], [1312], [4613], [2099], [3091], [3586], [6873], [2475], [1636], [351], [672], [3570], [4318], [6774], [57619], [9370], [5243], [1401], [3845], [367], [673], [627], [207], [4790], [7421], [3553], [1029], [7486], [5467], [5728], [1499], [54790], [7099], [7840], [5054], [4846], [5617], [4221], [1080], [259197], [3576], [6622], [5468], [6532], [7015], [4851], [4609], [3106], [4137], [5581], [999], [3479], [29126], [596], [3952], [7852], [50943], [6262], [2944], [3458], [5925], [675], [4193], [10144], [3717], [3480], [4313], [1000], [920], [1138], [5311], [5594], [1278], [595], [10524], [7042], [5444], [1234], [6347], [6667], [3605], [4780], [1026], [9353], [332], [5290], [4879], [324], [406991], [6647], [7097], [2950], [23411], [2147], [338], [1493], [3133], [4233], [590], [472], [1813], [6387], [2153], [3146], [387], [7490], [3815], [3759], [2908], [3162], [5970], [79807], [1557], [3383], [154], [6696], [2146], [355], [2100], [3606], [3123], [120892], [3135], [11136], [2932], [1432], [3565], [5350], [4948], [335], [6909], [7450], [183], [142], [6714], [5979], [51738], [857], [7173], [3688], [2706], [3690], [2120], [64127], [5133], [836], [5621], [3630], [7849], [64282], [4582], [1906]]
Intestinal gas excretion:[[2520], [7422], [3569], [7040], [348], [3162], [2944], [2952], [3596], [4283]]
Wind symptom:[[3569], [4524]]
