X-Linked Mental Retardation and Macroorchidism:[[]]
Fragile X Mental Retardation Syndrome:[[2332], [546], [108684022], [2334], [8087], [170302], [9513], [106478973], [7102], [1499], [23111], [23435], [23191], [2915], [10642], [1915], [107032825], [107048982], [26272]]
Fragile X syndrome:[[2332], [4318], [627], [2475], [2146], [108684022], [23405], [1977], [4842], [4915], [659], [1394], [406910], [2554], [2550], [1827], [3984], [2891], [7476], [116986], [64506], [7102], [26999], [81550], [107032825], [107048982]]
Syndromes Fragile X:[[2332], [546], [672], [3586], [7422], [3091], [472], [7015], [4318], [2475], [2146], [3417], [4000], [23191], [11200], [3418], [641], [7150], [2554], [7476]]
Martin-Bell syndrome:[[]]
MARKER X SYNDROME:[[2332], [4318], [7102], [9370], [627], [2475], [2146], [546], [23405], [4915], [406910], [1977], [4842], [2891], [116986], [26999]]
FRAGILE X MENTAL RETARDATION SYNDROME:[[2332], [546], [108684022], [2334], [8087], [170302], [9513], [106478973], [7102], [1499], [23111], [23435], [23191], [2915], [10642], [1915], [107032825], [107048982], [26272]]
Mental Retardation X-Linked Associated With Marxq28:[[546], [55906], [4983], [23096], [2664], [65109], [8239], [11141], [1654], [9968], [6872], [170302], [8517], [7552], [10159], [8242], [1741], [4204], [5063], [57502], [4693], [7102], [116442], [27286], [2332], [6197], [8573], [389856], [2316], [79718], [3897], [8450], [84061], [4841], [1616], [6658], [2182], [259266], [80258], [3054], [6855], [23133], [24137], [3569], [6134], [2892], [6853], [6567], [7319], [10075], [24140], [51114], [1641], [3188], [7157], [3028], [1756], [340533], [1183], [51132], [254065], [2157], [6611], [4790], [2334], [6594], [26040], [5978], [186], [2688], [6792], [6535], [6683], [57526], [359], [10084], [8243], [8481], [64219], [81704], [10479], [2245], [10531], [23229], [401], [65267], [641339], [393], [22829], [170261], [83604], [57232], [55998]]
Syndrome Fragile X:[[2332], [546], [108684022], [2334], [170302], [8087], [348], [9513], [867], [641], [106478973], [2272], [4000], [672], [7102], [23111], [2475], [472], [1827], [23405], [2146], [1956], [3586], [627], [7422], [7015], [4318], [1499], [11200], [3091], [7476], [6647], [23476], [23435], [3417], [4915], [23191], [4842], [1977], [729230], [1394], [3418], [659], [406910], [5901], [26999], [2550], [2915], [2554], [1915], [10642], [3984], [6507], [51426], [2891], [4299], [107032825], [2990], [116986], [64506], [107048982], [107048984], [26272], [81550]]
MENTAL RETARDATION X-LINKED ASSOCIATED WITH marXq28:[[546], [55906], [4983], [23096], [2664], [65109], [8239], [11141], [1654], [9968], [6872], [170302], [8517], [7552], [10159], [8242], [1741], [4204], [5063], [57502], [4693], [7102], [116442], [27286], [2332], [6197], [8573], [389856], [2316], [79718], [3897], [8450], [84061], [4841], [1616], [6658], [2182], [259266], [80258], [3054], [6855], [23133], [24137], [3569], [6134], [2892], [6853], [6567], [7319], [10075], [24140], [51114], [1641], [3188], [7157], [3028], [1756], [340533], [1183], [51132], [254065], [2157], [6611], [4790], [2334], [6594], [26040], [5978], [186], [2688], [6792], [6535], [6683], [57526], [359], [10084], [8243], [8481], [64219], [81704], [10479], [2245], [10531], [23229], [401], [65267], [641339], [393], [22829], [170261], [83604], [57232], [55998]]
Martin Bell Syndrome:[[]]
X Linked Mental Retardation and Macroorchidism:[[]]
FRAXA - Fragile X syndrome:[[108684022], [2332]]
Fra(X) Syndrome:[[108684022], [7157], [3576], [673], [867], [5604], [1278], [6774], [55869], [3569], [1956], [7040], [595], [4318], [1499], [10413], [4313], [4582], [9839], [3725], [5607], [23411], [2002], [3082], [4312], [1385], [407040], [5328], [3159], [5588]]
MARTIN-BELL SYNDROME:[[]]
Syndrome Martin-Bell:[[]]
Marker X syndrome:[[2332], [4318], [7102], [9370], [627], [2475], [2146], [546], [23405], [4915], [406910], [1977], [4842], [2891], [116986], [26999]]
X-LINKED MENTAL RETARDATION AND MACROORCHIDISM:[[]]
Syndromes Marker X:[[2332], [546], [7852], [1896], [6387], [338], [7515], [3627], [7518], [367], [3014], [7157], [3897], [7403], [7124], [58191], [1536], [2623], [1029], [672], [7040], [3569], [3586], [7421], [4790], [5728], [7422], [6774], [6532], [3553], [3091], [1471], [351], [7099], [1026], [596], [5243], [1401], [959], [3123], [9370], [472], [7015], [4846], [4524], [673], [3146], [4318], [3845], [4128], [407006], [4609], [207], [3458], [2475], [836], [3605], [3479], [3952], [595], [3717], [332], [675], [335], [3106], [4137], [999], [2146], [1813], [5290], [142], [6347], [29126], [3480], [7450], [3417], [5594], [7490], [3557], [406991], [960], [355], [4193], [1030], [3162], [8074], [5133], [4282], [183], [407007], [2152], [3119], [3958], [5781], [406938], [929], [23411], [4615], [4353], [57817], [4170], [6280], [1565], [3563], [2932], [114548], [861], [4312], [7291], [8743], [4000], [2263], [2022], [1432], [7132], [3077], [5595], [7139], [1121], [2896], [3559], [2068], [4436], [3418], [268], [947], [3690], [3486], [54880], [6279], [5747], [116519], [2624], [958], [11315], [54658], [6403], [54790], [23451], [2214], [7056], [1385], [10084], [1788], [3320], [3265], [4297], [4803], [1958], [1071], [5465], [4747], [4973], [4683], [3667], [7273], [7227], [7137], [4878], [4792], [345], [641], [7150], [2113], [3190], [2876], [4221], [2120], [6596], [240], [5335], [4306], [27113], [1028], [1441], [51592], [43], [5919], [4853], [23191], [10499], [8858], [3604], [80380], [3126], [8650], [3560], [2879], [26040], [29925], [94033], [10017], [6358]]
FXS:[[627], [2332], [659], [10664], [102], [2911], [3984], [8087], [55907]]
FRAGILE X SYNDROME:[[2332], [4318], [627], [2475], [2146], [108684022], [23405], [1977], [4842], [4915], [659], [1394], [406910], [2554], [2550], [1827], [3984], [2891], [7476], [116986], [64506], [7102], [26999], [81550], [107032825], [107048982]]
Syndrome Marker X:[[546], [2332], [331], [7157], [50943], [338], [367], [348], [1280], [7852], [114548], [2074], [3897], [6473], [3576], [7102], [1029], [673], [5728], [6387], [7403], [3845], [1896], [3627], [7515], [2950], [4023], [2623], [3123], [641], [7490], [6567], [10804], [2833], [581], [207], [7291], [672], [8517], [4436], [5781], [7518], [4000], [1641], [7227], [3014], [54658], [4072], [2033], [2263], [1071], [5290], [4683], [598], [7517], [94025], [3579], [10563], [2547], [6256], [6774], [58191], [57007], [7494], [9971], [10456], [2919], [775], [959], [5080], [1401], [1278], [7124], [3481], [1536], [4283], [79068], [2122], [8091], [2475], [356], [19], [472], [64127], [6197], [5077], [4128], [4137], [79718], [675], [2625], [3569], [2719], [3717], [999], [1285], [4851], [6374], [3570], [3265], [5196], [5894], [643], [2146], [7516], [355], [7040], [7421], [1956], [1364], [2099], [4193], [3586], [54880], [1636], [595], [5184], [6191], [10663], [1788], [627], [4790], [23405], [7076], [3553], [1906], [3687], [351], [7422], [633], [6532], [5594], [8644], [5159], [9370], [5243], [2956], [10163], [255239], [2067], [5468], [3251], [2153], [7015], [7317], [4846], [4524], [7099], [1312], [3146], [59272], [1499], [3075], [2068], [4318], [1026], [7132], [718], [7020], [3091], [5395], [5950], [268], [4853], [5967], [8862], [3458], [596], [2022], [7276], [6658], [64663], [3479], [3605], [2697], [5743], [836], [3952], [51196], [116519], [728695], [4582], [51185], [6622], [197], [1813], [4313], [4609], [3106], [7056], [2624], [5444], [3105], [6347], [3172], [10413], [1789], [2064], [8870], [3107]]
