GRN Related Frontotemporal Dementia:[[2896], [4137], [23435], [203228], [351], [2629], [400916], [54664], [1509], [6272], [80173]]
Pick's disease:[[4137], [5663], [348], [5300], [5052], [7001], [9588], [6421], [134], [10935], [89832]]
DDPAC:[[4137]]
FTLD with TDP 43 Pathology:[[23435], [348], [4137], [2521], [203228], [2896], [8878], [54664], [1509], [10133], [643387], [29978], [25978]]
MULTIPLE SYSTEM TAUOPATHY WITH PRESENILE DEMENTIA:[[4137]]
Frontotemporal Dementia with Parkinsonism 17:[[4137], [120892], [203228], [2896], [6622], [351], [5621], [8398], [4747], [4976]]
FTD:[[348], [4137], [23435], [4318], [2896], [203228], [335], [29110], [5663], [4869], [1116], [2521], [8878], [54209], [7415], [590], [1509], [4747], [6311], [6713], [9897], [5664], [23025], [286053], [7072], [1639], [29978], [10280], [407046], [7083], [4744], [7277], [54664], [400916], [25978], [2334], [11075], [899], [246744], [9883], [140775], [55255]]
Frontotemporal dementia:[[7415], [4137], [3178], [3181], [348], [23435], [5663], [8878], [203228], [2521], [29110], [6622], [2896], [351], [25978], [1540], [29978], [2629], [400916], [3122], [3127], [7072], [7422], [627], [7277], [5621], [56244], [6532], [3952], [4318], [4846], [120892], [4313], [899], [10452], [54209], [5265], [3077], [5664], [185], [51738], [7076], [1786], [1815], [3064], [2670], [4128], [23682], [10133], [1116], [648], [5300], [4747], [6311], [54664], [1509], [4976], [4804], [23028], [1612], [8826], [5649], [5216], [8398], [341], [6616], [3060], [6272], [1118], [407024], [6421], [6804], [2744], [3187], [5094], [5336], [6812], [498], [6857], [104], [6855], [51142], [5655], [10989], [2892], [2909], [407025], [8036], [8139], [6230], [11075], [4885], [246744], [8934], [9481], [23025], [643387], [10665], [4336], [80173], [724029], [101929163]]
Frontotemporal Dementia:[[7415], [4137], [3178], [3181], [348], [23435], [5663], [8878], [203228], [2521], [29110], [6622], [2896], [351], [25978], [1540], [29978], [2629], [400916], [3122], [3127], [7072], [7422], [627], [7277], [5621], [56244], [6532], [3952], [4318], [4846], [120892], [4313], [899], [10452], [54209], [5265], [3077], [5664], [185], [51738], [7076], [1786], [1815], [3064], [2670], [4128], [23682], [10133], [1116], [648], [5300], [4747], [6311], [54664], [1509], [4976], [4804], [23028], [1612], [8826], [5649], [5216], [8398], [341], [6616], [3060], [6272], [1118], [407024], [6421], [6804], [2744], [3187], [5094], [5336], [6812], [498], [6857], [104], [6855], [51142], [5655], [10989], [2892], [2909], [407025], [8036], [8139], [6230], [11075], [4885], [246744], [8934], [9481], [23025], [643387], [10665], [4336], [80173], [724029], [101929163]]
Familial Picks Disease:[[]]
FTDP17:[[4137]]
FTLD-17 GRN:[[2896], [4137], [203228]]
Disinhibition-Dementia-Parkinsonism-Amytrophy Complices:[[4137], [7124]]
Frontotemporal Dementia with Parkinsonism:[[4137], [203228], [23435], [5663], [6622], [2521], [2896], [2629], [351], [120892], [5621], [6311], [8398], [10133], [4747], [4976]]
Frontotemporal Dementias:[[4137], [348], [23435], [351], [6622], [6532], [5621], [5300], [1116]]
HDDD2:[[]]
Frontotemporal Dementia Ubiquitin Positive:[[7422], [7415], [8878], [351], [5663], [4137], [6622], [1540], [29110], [29978], [51738], [2896], [120892], [23435], [3181], [3178], [2629], [2521], [203228], [3077], [4318], [185], [5300], [5621], [648], [3064], [4804], [1786], [10133], [5216], [5094], [643387]]
Frontotemporal Lobe Dementias (FLDEM):[[]]
FRONTOTEMPORAL DEMENTIA WITH PARKINSONISM:[[4137], [203228], [23435], [5663], [6622], [2521], [2896], [2629], [351], [120892], [5621], [6311], [8398], [10133], [4747], [4976]]
FTLD WITH TAU INCLUSIONS:[[4137], [2896], [23435], [2521], [203228], [8878], [29978]]
Frontotemporal Dementia with Parkinsonism-17:[[4137]]
DISINHIBITION-DEMENTIA-PARKINSONISM-AMYOTROPHY COMPLEX:[[]]
Ubiquitin-Positive Frontotemporal Dementia:[[4137], [23435], [8878], [2896], [10133], [5216], [643387]]
Lobe Dementia Frontotemporal:[[4137], [348], [23435], [5663], [203228], [6622], [2896], [351], [627], [5649], [6532], [5621], [4318], [4846], [120892], [10452], [1786], [1815], [2670], [5300], [4747], [54664], [1509], [1612], [3060], [2892]]
WILHELMSEN-LYNCH DISEASE:[[1029], [7422], [1586], [4292], [4436], [4361], [1956], [4524], [2099], [7015], [7157], [324], [1543], [2956], [2033], [673], [1499], [5395], [207], [1312], [29126], [4092], [675], [595], [4193], [5290], [10664], [7097], [7515], [355], [2100], [4072], [581], [1630], [6714], [6790], [4968], [2261], [5111], [4893], [7048], [7517], [4683], [4595], [27030], [5320], [5378], [10111], [4437], [7516], [6041], [3981], [10395], [701], [5426], [5424], [8313], [699], [201163], [4149], [5795], [5782], [5793], [25788], [4163], [4501], [5157], [9209]]
FTD-PGRN:[[2896], [4137], [348], [23435], [5663], [1509]]
FRONTOTEMPORAL LOBE DEMENTIA:[[4137], [348], [23435], [5663], [203228], [6622], [2896], [351], [627], [5649], [6532], [5621], [4318], [4846], [120892], [10452], [1786], [1815], [2670], [5300], [4747], [54664], [1509], [1612], [3060], [2892]]
Multiple System Tauopathy with Presenile Dementia:[[4137]]
Frontotemporal Lobe Dementia (FLDEM):[[]]
Familial Pick Disease:[[19], [4137], [7099], [23435], [2629], [949], [6721], [3916]]
MSTD:[[4137]]
Disinhibition-Dementia-Parkinsonism-Amyotrophy Complex:[[]]
FRONTOTEMPORAL DEMENTIA:[[7415], [4137], [3178], [3181], [348], [23435], [5663], [8878], [203228], [2521], [29110], [6622], [2896], [351], [25978], [1540], [29978], [2629], [400916], [3122], [3127], [7072], [7422], [627], [7277], [5621], [56244], [6532], [3952], [4318], [4846], [120892], [4313], [899], [10452], [54209], [5265], [3077], [5664], [185], [51738], [7076], [1786], [1815], [3064], [2670], [4128], [23682], [10133], [1116], [648], [5300], [4747], [6311], [54664], [1509], [4976], [4804], [23028], [1612], [8826], [5649], [5216], [8398], [341], [6616], [3060], [6272], [1118], [407024], [6421], [6804], [2744], [3187], [5094], [5336], [6812], [498], [6857], [104], [6855], [51142], [5655], [10989], [2892], [2909], [407025], [8036], [8139], [6230], [11075], [4885], [246744], [8934], [9481], [23025], [643387], [10665], [4336], [80173], [724029], [101929163]]
HDDD1:[[]]
GRN-Related Frontotemporal Dementia:[[2896], [2629]]
FTD-GRN:[[2896]]
Hereditary Dysphasic Disinhibition Dementia:[[]]
Pick's Disease Familial:[[5663], [348], [4137], [6421], [89832]]
FLDEM:[[]]
FRONTOTEMPORAL LOBAR DEGENERATION WITH TAU INCLUSIONS:[[4137], [2896], [23435], [351], [2521], [203228], [120892], [8878], [5663], [10013], [7415], [6311], [29978], [5094]]
Wilhelmsen-Lynch Disease:[[1029], [7422], [1586], [4292], [4436], [4361], [1956], [4524], [2099], [7015], [7157], [324], [1543], [2956], [2033], [673], [1499], [5395], [207], [1312], [29126], [4092], [675], [595], [4193], [5290], [10664], [7097], [7515], [355], [2100], [4072], [581], [1630], [6714], [6790], [4968], [2261], [5111], [4893], [7048], [7517], [4683], [4595], [27030], [5320], [5378], [10111], [4437], [7516], [6041], [3981], [10395], [701], [5426], [5424], [8313], [699], [201163], [4149], [5795], [5782], [5793], [25788], [4163], [4501], [5157], [9209]]
Disinhibition Dementia Parkinsonism Amyotrophy Complex:[[]]
Frontotemporal Lobar Degeneration With Ubiquitin-Positive Inclusions:[[2896], [4137], [23435], [8878], [10133], [5216], [643387]]
Wilhelmsen-Lynch Diseases:[[4292], [7157], [1029], [7422], [4524], [1956], [2099], [673], [1499], [7097], [207], [29126], [7015], [1312], [675], [1543], [355], [595], [5290], [4072], [7515], [2100], [6714], [581], [2033], [4968], [7048], [4595], [5320], [4092], [10395], [5424], [2648]]
Pick's Diseases Familial:[[348], [4137], [6421]]
Disinhibition Dementia Parkinsonism Amytrophy Complex:[[4137], [7124]]
GRN-Related Frontotemporal Dementias:[[]]
FRONTOTEMPORAL LOBAR DEGENERATION WITH UBIQUITIN-POSITIVE INCLUSIONS:[[2896], [4137], [23435], [8878], [10133], [5216], [643387]]
WLD:[[9429]]
Wilhelmsen Lynch Disease:[[1029], [7422], [1586], [4292], [4436], [4361], [1956], [4524], [2099], [7015], [7157], [324], [1543], [2956], [2033], [673], [1499], [5395], [207], [1312], [29126], [4092], [675], [595], [4193], [5290], [10664], [7097], [7515], [355], [2100], [4072], [581], [1630], [6714], [6790], [4968], [2261], [5111], [4893], [7048], [7517], [4683], [4595], [27030], [5320], [5378], [10111], [4437], [7516], [6041], [3981], [10395], [701], [5426], [5424], [8313], [699], [201163], [4149], [5795], [5782], [5793], [25788], [4163], [4501], [5157], [9209]]
Disinhibition-Dementia-Parkinsonism-Amytrophy Complex:[[4137], [7124]]
Disinhibition-Dementia-Parkinsonism-Amyotrophy Complices:[[]]
Lobe Dementias Frontotemporal:[[4137], [348], [351], [23435], [6532], [6622], [5621], [5300]]
FTDP-17:[[4137], [2896], [5300], [9520]]
Frontotemporal Lobar Degeneration With Ubiquitin Positive Inclusions:[[351], [8878], [2896], [5663], [120892], [7415], [4137], [29978], [23435], [29110], [10013], [2521], [203228], [5216], [10133], [5094], [643387]]
Picks disease:[[]]
Ubiquitin-Positive Frontotemporal Dementias:[[4137], [23435]]
FTLD with TDP-43 Pathology:[[23435], [348], [4137], [2521], [203228], [2896], [8878], [1509], [54664], [10133], [29978], [25978], [643387]]
FTLD-TDP:[[4137], [23435], [2896], [203228], [2521], [1509], [54664], [129831]]
