Glucocerebrosidase Deficiency Disease:[[]]
Gaucher syndrome:[[7124], [3569], [7421], [627], [3106], [153], [6622], [6696], [2896], [2688], [1116], [9332], [60681], [1118], [2149], [10483], [1649], [2717], [6362], [3811], [57733], [950], [10457], [57704]]
Lipoidosis Kerasin:[[]]
Glucosylceramide Beta-Glucosidase Deficiency:[[]]
Acid beta-Glucosidase Deficiency:[[2629], [5660]]
Chronic non-neuropathic Gaucher disease:[[]]
Chronic non-neuropathic Gaucher's disease:[[]]
Kerasin Histiocytoses:[[673], [29126], [5604]]
Lipidoses Glucosylceramide:[[]]
Glucosylceramidase deficiency:[[2629], [23400], [950], [84286], [10712]]
Glucocerebrosidase Deficiency:[[2629], [5660], [6622], [5071], [120892], [2896], [2581], [2717], [2548], [6609], [950], [3425], [60681]]
Glucocerebrosidoses:[[]]
Lipidosis Glucosylceramide:[[]]
Syndromes Cerebroside Lipidosis:[[]]
Lipoidoses Kerasin:[[]]
Glucocerebrosidosis:[[]]
Chronic adult Gaucher's disease:[[3717], [1432]]
Adult Gaucher disease:[[2629], [3106], [153], [7124], [3569], [6622], [627], [7421], [4916], [2688], [1118], [2055]]
Gaucher's disease:[[2629], [3717], [1432], [106627982], [106627981]]
Lipidosis Glucosyl Cerebroside:[[]]
Glucosylceramide beta-glucosidase deficiency:[[]]
thesaurismoses Kerasin:[[]]
Lipidoses Glucosyl Cerebroside:[[]]
Gauchers Diseases:[[367], [3123], [1029], [7157], [64127], [5621], [5071], [23435], [7124], [6262], [348], [79068], [26191], [7422], [3569], [7040], [4524], [1012], [5781], [3091], [3586], [3690], [1636], [3117], [4318], [9370], [5243], [1401], [627], [6934], [351], [4790], [1956], [7421], [3553], [2099], [7099], [3576], [6622], [5468], [4846], [4137], [149233], [2475], [3479], [1950], [3952], [6774], [3458], [3717], [4313], [2034], [5444], [1234], [6347], [3605], [4780], [406991], [7097], [23411], [1493], [207], [3146], [1080], [2064], [3077], [3162], [4609], [6696], [50943], [3606], [2065], [120892], [3135], [672], [29126], [3565], [4879], [7015], [177], [5728], [2944], [1499], [51738], [6598], [999], [5133], [5054], [1312], [335], [10320], [4000], [3106], [1030], [596], [114548], [2952], [3133], [406938], [929], [284], [7852], [5743], [26053], [673], [4282], [7369], [4582], [2932], [3572], [54106], [4312], [6647], [7010], [10643], [5594], [5915], [6387], [5265], [4153], [332], [2120], [4982], [6532], [3383], [675], [3105], [4599], [90865], [406947], [1543], [79728], [3119], [8878], [3958], [3815], [2908], [7490], [2896], [920], [5970], [1859], [3791], [2950], [4851], [355], [1131], [9759], [338], [472], [5771], [10673], [5290], [1116], [7450], [85363], [10413], [10135], [7515], [6584], [27086], [8434], [6772], [1565], [55054], [1557], [6331], [56729], [4233], [5587], [595], [5925], [3627], [7132], [8600], [368], [22926], [1026], [10371], [5465], [2737], [5027], [5979], [3934], [19], [3596], [3557], [3552], [2706], [2147], [2100], [3490], [958], [217], [1906], [84868], [682], [6667], [5879], [183]]
Kerasin Histiocytosis:[[7157], [673], [7124], [3553], [3605], [3717], [5290], [595], [4851], [238], [3815], [6696], [50943], [5979], [3557], [4288], [4982], [2322], [8600], [841], [4893], [5604], [22943], [10631], [55315], [4684], [5777], [8837], [5175], [51284], [9332], [1236], [1436], [1435], [8772], [4254], [51311], [3683], [3459], [1235], [3704], [7307], [909], [3805], [3687], [3799], [4091], [2323], [50489], [3714], [369], [57556], [140685]]
thesaurismosis Kerasin:[[]]
Gaucher's Disease:[[2629], [3717], [1432], [106627982], [106627981]]
Syndrome Cerebroside Lipidosis:[[]]
Glucosylceramidase deficiency chronic type:[[]]
Cerebroside lipidosis syndrome:[[]]
Glucosylceramidase Deficiency:[[2629], [23400], [950], [84286], [10712]]
Gaucher splenomegaly:[[]]
Acid beta-Glucosidase Deficiency Disease:[[]]
Splenomegaly Gaucher:[[]]
Glucocerebrosidase Deficiencies:[[120892], [6609], [950], [2581]]
Gauchers Disease:[[]]
Gaucher Disease:[[2629], [7124], [3569], [153], [6622], [627], [7421], [3106], [5660], [4916], [6696], [2688], [2149], [1118], [1649], [2055], [3811], [10457], [64241], [950], [64240], [57704], [60681], [57733], [4580], [10712]]
Glucocerebrosidase deficiency:[[2629], [5660], [6622], [5071], [120892], [2896], [2581], [2717], [2548], [6609], [950], [3425], [60681]]
Gaucher disease:[[2629], [7124], [3569], [153], [6622], [627], [7421], [3106], [5660], [4916], [6696], [2688], [2149], [1118], [1649], [2055], [3811], [10457], [64241], [950], [64240], [57704], [60681], [57733], [4580], [10712]]
Syndrome Gaucher:[[7124], [3569], [7421], [627], [3106], [153], [6622], [6696], [2896], [2688], [1116], [9332], [60681], [1118], [2149], [10483], [1649], [2717], [6362], [3811], [57733], [950], [10457], [57704]]
Kerasin lipoidosis:[[]]
Glucosylceramide Beta-Glucosidase Deficiency Disease:[[]]
Lipoid Histiocytoses (Kerasin Type):[[]]
Glucocerebrosidase Deficiency Diseases:[[]]
Lipoid Histiocytosis (Kerasin Type):[[]]
Kerasin histiocytosis:[[7157], [673], [7124], [3553], [3605], [3717], [5290], [595], [4851], [238], [3815], [6696], [50943], [5979], [3557], [4288], [4982], [2322], [8600], [841], [4893], [5604], [22943], [10631], [55315], [4684], [5777], [8837], [5175], [51284], [9332], [1236], [1436], [1435], [8772], [4254], [51311], [3683], [3459], [1235], [3704], [7307], [909], [3805], [3687], [3799], [4091], [2323], [50489], [3714], [369], [57556], [140685]]
