Disease of female genital system:[[1029], [348], [7422], [3569], [1636], [4318], [7124], [2099], [367], [7157], [3953], [3845], [3952], [673], [5970], [4311], [2625], [3479], [1080], [7099], [1543], [3576], [3553], [29126], [3557], [7097], [3605], [283120], [2944], [5133], [1277], [3606], [920], [7490], [3815], [2952], [7098], [238], [5021], [6352], [6662], [3209], [3814], [3627], [9839], [4615], [6657], [820], [55636], [2516], [6926], [116], [84634], [6715], [6278], [3206], [4211], [170302], [3640], [6866], [3207], [974], [6870]]
Gynecological disease:[[5979], [6347], [7422], [9370], [7157], [4353], [3315], [3091], [85480], [4193], [4313], [595], [2950], [4153], [7490], [4255], [3320], [5888], [682], [23405], [22943], [7137], [7316], [898], [5209], [8202], [10406], [3973], [4830], [268], [580], [6335], [2934], [3297], [27122], [9112], [8289], [7314], [2348], [7030], [10499], [7251], [1082], [5518], [57504], [9990], [11280], [6560], [54931], [10723]]
Gynaecological disease:[[3569], [7015], [4988], [3576], [595], [5054], [1026], [1576], [1577], [4170], [796], [9968], [27242], [2824]]
Disorder of female genital organs:[[]]
Gynecologic Disease:[[249]]
Disorder of female genital system:[[1636], [3845], [7157], [3569], [3952], [348], [7422], [7124], [2099], [4318], [3479], [673], [3553], [1080], [3815], [7099], [367], [3576], [3605], [2944], [7097], [5021], [7490], [2952], [1277], [3606], [920], [238], [6662], [3953], [3557], [6352], [2516], [283120], [6657], [55636], [3627], [9839], [4615], [6926], [820], [116], [170302], [3975]]
Unspecified disorder of female genital organs:[[]]
Disorder of female genital tract:[[1636], [7157], [3845], [7422], [3569], [7124], [348], [3815], [367], [2099], [3952], [7099], [4318], [3576], [1080], [3553], [673], [2944], [3479], [7490], [5021], [2952], [3605], [7097], [920], [3606], [6657], [3953], [238], [820], [6352], [3627], [4615], [6716], [116], [7030], [6926], [8644], [170302], [3975], [84231]]
Gynecologic Diseases:[[672], [6662], [81607], [723961], [105371273]]
Disease of female genital organ:[[]]
Genital Diseases Female:[[367], [7157], [1029], [348], [3569], [7124], [7422], [1636], [4318], [3952], [2099], [7099], [3479], [3576], [1080], [3553], [673], [3605], [2944], [7490], [5133], [29126], [7097], [3606], [1543], [2952], [3815], [920], [5970], [1028], [3557], [3627], [1277], [3953], [238], [283120], [2516], [7098], [6352], [4615], [6657], [820], [6662], [9839], [7030], [6278], [2217], [8644], [84634], [3640]]
Genital Disease Female:[[348], [1029], [3569], [7422], [7124], [2099], [1636], [4318], [367], [3953], [7157], [4311], [3845], [1543], [5970], [3952], [3557], [673], [283120], [1080], [7099], [2625], [3479], [3576], [2944], [3553], [29126], [7490], [3605], [920], [3815], [5133], [2952], [7097], [3606], [1277], [238], [1028], [7098], [6352], [3627], [3209], [6657], [5021], [4615], [820], [2516], [6662], [6716], [3814], [9839], [116], [55636], [8644], [7030], [6736], [6278], [6715], [6926], [3206], [4211], [84634], [2217], [3640], [6866], [3902], [9166], [170302], [974], [3207], [6870], [4656], [10321], [338376], [84231], [117154]]
