Membranous glomerulonephritis:[[3569], [5578], [1191], [5579], [6775], [2023], [4868]]
Membranous Glomerulonephritis:[[3569], [5578], [1191], [5579], [6775], [2023], [4868]]
Membranous Glomerulopathy:[[3123], [22925]]
Nephropathy Membranous:[[3117], [3123], [101154649], [5460], [22925], [3075], [7422], [7157], [3569], [7040], [1956], [1636], [10919], [1460], [999], [1499], [7099], [4846], [3694], [10665], [56244], [5728], [5743], [3934], [3576], [5243], [5054], [6648], [6513], [4851], [4153], [7490], [2950], [3383], [7916], [718], [4065], [595], [5133], [3480], [6048], [857], [54106], [2321], [4353], [8600], [4288], [170679], [567], [26762], [7048], [6941], [5578], [10554], [10855], [959], [958], [7291], [5937], [1191], [4311], [5328], [6464], [8859], [6868], [102], [4868], [5579], [1797], [149233], [80864], [231], [5175], [29113], [6288], [135656], [3897], [4915], [7918], [2621], [10059], [1281], [6775], [7225], [5420], [8792], [7503], [58191], [1287], [29851], [259], [3125], [406999], [5319], [494327], [406968], [221981], [950], [406962], [100532746], [102466745], [102465500], [4745], [51024], [3429], [80790], [255743], [27283], [10609], [9317]]
Membranous glomerulonephropathy:[[1287]]
Membranous Glomerulonephropathy:[[1287]]
MGN - Membranous glomerulonephritis:[[3569], [2023]]
Chronic nephritic syndrome with diffuse membranous glomerulonephritis:[[]]
Chronic nephritic syndrome diffuse membranous glomerulonephritis:[[]]
Membranous Glomerulonephritides:[[]]
Glomerulopathy Extramembranous:[[]]
