alpha-Cell Adenomas:[[]]
Glucagonoma syndrome:[[8567], [2896]]
alpha-Cell Tumor:[[]]
Alpha cell adenoma:[[]]
Alpha cell tumour:[[3106], [207], [7124], [7157], [3815], [596], [3593], [3586], [1956], [1029], [4851], [5728], [3569], [6469], [7422], [3383], [5879], [7412], [51561], [861], [3565], [7040], [3105], [10630], [4254], [3689], [406991], [6352], [3091], [2697], [595], [999], [7852], [2064], [3678], [857], [3559], [3685], [4609], [1021], [634], [3558], [960], [2625], [1499], [8829], [3673], [5777], [6868], [174], [56288], [84868], [604], [5176], [8626], [3576], [6387], [841], [5156], [6480], [7048], [5290], [59], [2099], [2247], [5175], [3683], [4582], [3146], [1432], [3688], [1000], [6622], [9235], [7474], [6662], [5925], [3627], [4193], [3932], [29126], [1803], [7132], [959], [1969], [3084], [332], [3107], [50943], [909], [28], [5265], [2475], [3690], [7070], [5295], [7015], [1410], [1050], [3479], [2034], [864], [2263], [5133], [6774], [3552], [387], [355], [581], [5468], [7057], [4072], [3320], [6696], [1670], [546], [8842], [3570], [10673], [3553], [10135], [22914], [1457], [7133], [3623], [2065], [1020], [3169], [1017], [6714], [2322], [682], [7128], [3566], [10399], [5594], [9370], [8795], [3172], [6376], [1048], [4049], [10413], [1026], [367], [8737], [10563], [4233], [6850], [2191], [3897], [5806], [4602], [1576], [6347], [3791], [7052], [3439], [5747], [929], [4792], [3679], [8913], [6364], [3458], [351], [2524], [1147], [5111], [79577], [26585], [7153], [4170], [10666], [5155], [768], [5515], [796], [1906], [860], [1788], [3875], [23411], [3606], [3934], [3135], [5159], [6513], [1027], [1647], [919], [214], [3958], [780], [6863], [2214], [3280], [81], [6195], [3918]]
Glucagonomas:[[3170]]
Alpha cell tumor:[[]]
alpha Cell Tumor:[[]]
Glucagonoma:[[8567], [2896]]
Adenoma alpha Cell:[[7157], [207], [7124], [3593], [596], [1029], [1956], [3586], [6469], [7422], [3569], [5728], [652], [2697], [7040], [595], [406991], [3091], [999], [6927], [2064], [1499], [4609], [857], [960], [26585], [5156], [59], [2247], [5175], [6387], [3576], [2099], [5290], [4582], [51079], [1803], [100133941], [2778], [3479], [5154], [4193], [29126], [7132], [50943], [332], [355], [2263], [7015], [1495], [4072], [6774], [3623], [3440], [6696], [9370], [22914], [7133], [8842], [10018], [5566], [2191], [1594], [1048], [348], [5594], [79577], [5111], [4602], [6364], [1026], [4170], [1788], [5155], [4233], [846], [23600], [3791], [3572], [367], [780], [4684], [23411], [1671], [7153], [5443], [6513], [5967], [5573], [1813], [214], [1401], [5324], [6256], [50616], [1027], [3958], [3162], [5581], [2526], [942], [2938], [1081], [1915], [2956], [5052], [324], [3577], [7430], [308], [836], [4318], [6317], [1493], [3845], [4780], [3977], [4088], [9131], [6383], [356], [3574], [5979], [116844], [11082], [10015], [6657], [100507436], [4204], [5820], [5743], [1917], [472], [7471], [7421], [2950], [3082], [1581], [947], [672], [1191], [6271], [8912], [7161], [5467], [2852], [3481], [3265], [7424], [4313], [4255], [3605], [4524], [185], [2719], [2100], [6624], [3480], [3315], [3643], [58985], [5241], [673], [7253], [4436], [5329], [4843], [3953], [4968], [1045], [8743], [3486], [4288], [2908], [59067], [115701], [6790], [4869], [4292], [7076], [7248], [22943], [2952], [2944], [1591], [196], [6615], [1786], [407048], [1543], [23187], [4087], [574506], [941], [1958], [5894], [90865], [54361], [4312], [5245]]
Syndrome Glucagonoma:[[8567], [2896]]
alpha-Cell Adenoma:[[]]
Syndromes Glucagonoma:[[2896]]
alpha-Cell Tumors:[[]]
