Glycogenosis IV:[[2632]]
GSD IV:[[348], [6774], [5728], [2538]]
Type IV Glycogenosis:[[2632]]
ANDERSEN DISEASE:[[3763], [3760]]
GLYCOGENOSIS IV:[[2632]]
Gbe1 Deficiency:[[2632], [2937], [1994], [5837], [11035], [48], [26007], [2997], [7372], [5226], [5836]]
Brancher deficiency glycogen storage disease:[[]]
GSD4:[[2632]]
BRANCHER DEFICIENCY:[[]]
Glycogen Storage Disease Type IV:[[2632]]
Disease Andersen's:[[2632], [3759]]
Branching-transferase deficiency glycogenosis:[[]]
Disease Andersen:[[3759], [3757], [3762], [3763], [3760]]
Deficiency of 1 4-alpha-glucan branching enzyme:[[2632], [2997]]
Andersen's disease:[[2632]]
GLYCOGEN STORAGE DISEASE IV:[[2632], [1401], [3576], [2538], [226], [406920], [92579]]
Deficiency of branching enzyme:[[2632], [4249], [2997], [64131]]
GBE1 DEFICIENCY:[[2632], [2937], [1994], [5837], [11035], [48], [26007], [2997], [7372], [5226], [5836]]
GLYCOGEN BRANCHING ENZYME DEFICIENCY:[[2632]]
Andersens Disease:[[]]
AMYLOPECTINOSIS:[[10616]]
Glycogen storage disease type 4:[[178], [2632], [5213], [7450], [949], [2548], [3576], [226], [2542], [2538], [1401], [5837], [30849], [83552], [5256], [5236], [3939], [5836], [51422], [92579], [2920], [57818], [5224], [2997], [2998], [7942], [5257], [5255]]
Glycogen storage disease type IV:[[2632]]
Amylopectinoses:[[]]
1 4 alpha-glucan 6-alpha-glucosyltransferase deficiency:[[]]
Glycogenosis 4:[[2632]]
Deficiencies Brancher:[[]]
Amylopectinosis:[[10616]]
Branching enzyme deficiency:[[2632], [4249], [2997], [64131]]
Glycogenosis IVs:[[]]
Andersen disease:[[3763], [3760]]
Gbe1 Deficiencies:[[23476]]
Deficiency Brancher:[[2632]]
Deficiency of amylo-(1 4 6)-transglycosylase:[[2632]]
Type IV Glycogenoses:[[4318], [2645], [1281], [4313], [948], [57192], [6329], [1282], [3481], [1280], [1277], [2065], [1287], [1285], [1278], [7422], [773], [23569], [1286], [1284], [2064], [6323], [3569], [5054], [814], [3676], [83998], [348], [1288], [6331], [27090], [5468], [3586], [3852], [3295], [302], [1803], [3557], [1029], [2066], [185], [10087], [1786], [999], [8912], [23411], [5444], [8028], [5979], [1522], [4292], [3791], [5329], [6335], [778], [1910], [3757], [3630], [58], [3172], [775], [4436], [57194], [6513], [6326], [1294], [4323], [6927], [1045], [6330], [4035], [4880], [7520], [4914], [1728], [2237], [4128], [7045], [10195], [4261], [196883], [6606], [6737], [85363], [10079], [6928], [6716], [57205], [1327], [11156], [250], [337], [780], [3558], [374868], [4868], [1909], [6324], [5340], [51548], [51752], [1528], [5125], [7421], [2890], [7124], [7040], [706], [1956], [641], [10059], [2152], [57574], [5587], [7809], [5629], [5728], [1804], [5336], [4311], [2720], [6741], [2335], [1537], [7157], [10549], [3858], [3952], [8913], [5987], [91039], [762], [64421], [26047], [57628], [472], [6347], [3084], [9927], [51547], [6647], [335], [8671], [4012], [6387], [3107], [6521], [226], [6663], [4018], [3845], [6622], [581], [176], [6991], [673], [857], [3690], [836], [5646], [1027], [406991], [338], [3914], [54878], [4790], [4747], [3717], [3039], [2099], [3091], [6445], [6774], [2806], [81559], [11330], [672], [627], [959], [57509], [183], [56658], [51127], [207], [10661], [8911], [53833], [5243], [7099], [57817], [958], [7852], [7903], [4160], [7481], [2956], [3575], [1312], [3553], [3688]]
Glycogen Storage Disease Type 4:[[178], [2632], [5213], [7450], [949], [2548], [3576], [226], [2542], [2538], [1401], [5837], [30849], [83552], [5256], [5236], [3939], [5836], [51422], [92579], [2920], [57818], [5224], [2997], [2998], [7942], [5257], [5255]]
Glycogenosis 4s:[[]]
Glycogen Branching Enzyme Deficiency:[[2632]]
Glycogenosis type 4:[[178], [2632], [79660], [5236], [5255], [5837], [5256], [51422]]
