Craniofacial microsomia:[[6949]]
Oculoauriculovertebral Dysplasias:[[]]
Lateral Facial Dysplasias:[[2261]]
First arch syndrome:[[2153], [2068], [351], [652], [7042], [7450], [8074], [2934], [657], [8929], [659], [6499], [9156], [5167], [1030], [8802], [2702], [7443], [80705], [9421]]
OAVS:[[6495], [5015], [4990], [4661]]
Goldenhar-Gorlin Syndromes:[[]]
Moeschler Clarren Syndrome:[[3757], [1280], [114548], [3753], [2074], [7157], [348], [1281], [51085], [546], [80184], [7466], [3845], [673], [8481], [5728], [8195], [7486], [641], [2706], [2317], [4292], [91147], [8626], [1540], [4000], [54658], [1161], [7490], [2033], [6331], [4023], [1071], [5781], [4436], [2263], [3643], [7291], [3784], [2261], [2260], [582], [10806], [8085], [10083], [367], [4683], [207], [84062], [3123], [7468], [4647], [4952], [2200], [1029], [7399], [4810], [201163], [2969], [10804], [6949], [7227], [2492], [775], [7840], [2316], [5428], [3730], [5080], [585], [1278], [54487], [5604], [55612], [2121], [811], [5290], [132884], [4281], [116442], [84100], [2812], [5077], [64127], [79068], [6663], [783], [338], [57167], [1130], [9968], [2332], [1277], [3990], [10743], [7456], [19], [2122], [3265], [6737], [84059], [6741], [3481], [6513], [4089], [23111], [2646], [356], [1285], [1387], [26585], [8976], [7504], [1827], [331], [23405], [9401], [65217], [4893], [672], [4692], [9569], [5894], [4277], [6774], [3117], [1401], [1788], [7401], [7128], [3570], [545], [10163], [583], [10682], [124590], [129880], [54808], [27241], [2138], [79738], [4137], [2475], [60], [3897], [5159], [1364], [8091], [5885], [79803], [2811], [2956], [9993], [5460], [4286], [675], [3717], [8220], [80144], [80025], [999], [3973], [79621], [4193], [64135], [1145], [55212], [2645], [27031], [4851], [1493], [10535], [2131], [1910], [7122], [9031], [4853], [1134], [2146], [100188856], [355], [50943], [105259599], [2153], [9652], [10908], [3664], [7020], [8214], [5308], [10062], [8517], [5076], [27019], [5189], [5395], [1287], [1906], [25825], [3759]]
Microsomias Craniofacial:[[10428], [7040], [8091], [652], [1499], [5077], [4609], [5594], [3759], [7414], [6696], [10642], [1896], [324], [8626], [4323], [3417], [5889], [2697], [2332], [2263], [2260], [4314], [7291], [2778], [6662], [7048], [7046], [783], [56603], [7077], [7474], [30813], [2690], [813], [1147], [5167], [182], [89], [84962], [8772], [54499], [7531], [132], [3482], [253827], [7020], [7168], [5308], [9469], [51317], [4487], [611], [3589], [1739], [26985], [2736], [79753], [6197], [2737], [26229], [3773], [54901], [50937], [5015], [5083], [407975], [23135], [8405], [4081], [6949], [1947], [4488], [1009], [6628], [4330], [1186], [22827], [4325], [56155], [6626], [51715], [1748], [6909], [25974], [7353], [84678], [4774], [23522], [220107], [60529], [4810], [29123], [2248], [1723], [10484], [1112], [9569], [196528], [158326], [6396], [22880], [22872], [60686], [50945], [4223], [1746], [372], [55690], [1801], [79633], [4762], [83716], [51082], [10907], [23067], [64778], [10039], [80144], [9871], [1750], [140947], [145258], [10427], [157506], [23384], [1745], [100874074], [6913], [84314], [10283], [26173], [23233], [140862], [84976], [1954], [149465], [8642], [283446], [84910], [56033], [3166], [57688], [129804], [497189], [2928], [63906], [105980006], [100240748], [7467], [105980008], [108021840], [108281115], [108281114], [108281113], [114841038], [114827816], [114827815], [114827814], [114827813], [114827812], [114827811], [110121296], [110121295], [110121294], [108254672]]
FACIOAURICULOVERTEBRAL SEQUENCE:[[]]
Oculoauriculovertebral Spectrum:[[5015]]
Facioauriculovertebral Sequence:[[]]
Oculoauriculovertebral Spectrums:[[]]
Facio-auriculo-vertebral spectrum:[[]]
Oculoauricular vertebral dysplasia:[[]]
Facioauriculovertebral Sequences:[[7157], [1956], [3123], [348], [672], [2099], [7422], [7124], [59269], [351], [3106], [4609], [1080], [7040], [3091], [4137], [3569], [1029], [10413], [7015], [7852], [6774], [4524], [367], [1234], [2064], [6936], [5243], [3845], [4790], [5743], [4318], [9258], [9370], [3586], [673], [627], [1636], [7421], [6622], [1756], [2908], [1499], [7099], [1401], [4846], [207], [1312], [596], [3553], [110806262], [5468], [6532], [920], [5728], [595], [675], [999], [4193], [3135], [1026], [29126], [3576], [3815], [3952], [50943], [3458], [3105], [2475], [3479], [4780], [5290], [6667], [3043], [2944], [5054], [5444], [6347], [3717], [3064], [4313], [6647], [5970], [7097], [154], [960], [5594], [355], [2100], [472], [3630], [3605], [332], [4879], [2952], [8626], [406991], [2950], [23411], [857], [2147], [4851], [1493], [3690], [4233], [4292], [836], [1813], [6387], [5925], [120892], [1543], [2153], [3146], [3119], [3565], [6531], [3077], [7450], [4312], [7515], [324], [142], [6714], [5979], [3162], [1277], [1565], [3725], [1557], [3383], [6696], [2146], [3688], [2706], [581], [3606], [338], [64127], [1576], [5747], [4582], [3949], [4255], [2932], [1432], [51741], [335], [3480], [4436], [183], [177], [1027], [1559], [2322], [60489], [23435], [2332], [1869], [2157], [51738], [2247], [3557], [4869], [4000], [3320], [5133], [5621], [79068], [861], [841], [1906], [6648], [406938], [4153], [5071], [9429], [54658], [2321], [5879], [3958], [25], [5595], [3082], [7316], [3107], [6772], [8743], [3934], [1571], [3791], [19], [185], [6934], [3481], [3075], [3757], [10664], [282617], [3039]]
Facioauriculovertebral Dysplasias:[[7157], [7040], [5728], [3605], [8626], [324], [2697], [2261], [2200], [6794], [59341], [1280], [7249], [1045], [50964], [6279], [1147], [7248], [7166], [3664], [3351], [1311], [6473], [3339], [794], [3977], [23765], [2317], [10312], [8838], [2201], [1747], [1836], [117581], [4927], [8323], [55315], [83452], [55764], [23761], [3891], [26160], [23169]]
First and second branchial arch syndrome:[[7443]]
Lateral Facial Dysplasia:[[2261], [7422], [2263], [4233], [4318], [6532], [7124], [3569], [4313], [6469], [2950], [2908], [80326], [406989], [9780]]
Otomandibular syndrome:[[3757], [1280], [114548], [3753], [2074], [7157], [348], [1281], [51085], [546], [80184], [7466], [3845], [673], [8481], [5728], [8195], [7486], [641], [2706], [2317], [4292], [91147], [8626], [1540], [4000], [54658], [1161], [7490], [2033], [6331], [4023], [1071], [5781], [4436], [2263], [3643], [7291], [3784], [2261], [2260], [582], [10806], [8085], [10083], [367], [4683], [207], [84062], [3123], [7468], [4647], [4952], [2200], [1029], [7399], [4810], [201163], [2969], [10804], [6949], [7227], [2492], [775], [7840], [2316], [5428], [3730], [5080], [585], [1278], [54487], [5604], [55612], [2121], [811], [5290], [132884], [4281], [116442], [84100], [2812], [5077], [64127], [79068], [6663], [783], [338], [57167], [1130], [9968], [2332], [1277], [3990], [10743], [7456], [19], [2122], [3265], [6737], [84059], [6741], [3481], [6513], [4089], [23111], [2646], [356], [1285], [1387], [26585], [8976], [7504], [1827], [331], [23405], [9401], [65217], [4893], [672], [4692], [9569], [5894], [4277], [6774], [3117], [1401], [1788], [7401], [7128], [3570], [545], [10163], [583], [10682], [124590], [129880], [54808], [27241], [2138], [79738], [4137], [2475], [60], [3897], [5159], [1364], [8091], [5885], [79803], [2811], [2956], [9993], [5460], [4286], [675], [3717], [8220], [80144], [80025], [999], [3973], [79621], [4193], [64135], [1145], [55212], [2645], [27031], [4851], [1493], [10535], [2131], [1910], [7122], [9031], [4853], [1134], [2146], [100188856], [355], [50943], [105259599], [2153], [9652], [10908], [3664], [7020], [8214], [5308], [10062], [8517], [5076], [27019], [5189], [5395], [1287], [1906], [25825], [3759]]
OCULOAURICULOVERTEBRAL SPECTRUM:[[5015]]
Microsomia Craniofacial:[[6949]]
OCULOAURICULOVERTEBRAL DYSPLASIA:[[]]
Oculoauriculovertebral Dysplasia:[[]]
Oculoauriculovertebral Syndrome:[[5015]]
Goldenhar Gorlin Syndrome:[[]]
GOLDENHAR SYNDROME:[[7971], [2138], [6299]]
Goldenhar Syndrome:[[7971], [2138], [6299]]
Oral-Mandibular-Auricular Syndromes:[[3479]]
OAV DYSPLASIA:[[4000], [1311], [8626], [10913], [2697], [1836], [1896], [10804], [1280], [2316], [59341], [5818], [7040], [203859], [2261], [2200], [2475], [1636], [4148], [2245], [7157], [65057], [860], [176], [257], [4792], [4233], [6662], [183], [2263], [4318], [2335], [1029], [8517], [185], [5743], [128178], [7422], [2260], [7421], [1956], [387], [673], [2064], [7227], [7124], [3569], [3930], [4524], [6023], [1302], [7249], [3586], [89846], [79977], [1499], [5566], [2272], [2099], [3091], [7099], [3350], [3845], [6720], [50964], [4790], [4322], [124583], [6885], [7015], [6774], [7248], [999], [29119], [3576], [3553], [4288], [1000], [4609], [627], [465], [424], [8200], [4313], [9131], [5548], [6262], [1028], [5728], [5972], [6473], [4879], [596], [4882], [1913], [6532], [1832], [57539], [2778], [7043], [5925], [414058], [260403], [81866], [54114], [50947], [10305], [7085], [425], [3479], [5318], [23411], [960], [7852], [10381], [5594], [2944], [4292], [3458], [595], [5054], [4193], [3146], [3717], [1026], [27038], [103875461], [102775567], [101101771], [101101770], [101101769], [101101768], [100885788], [100505394], [100188821], [100187749], [780896], [4364], [1914], [9451], [406932], [7097], [6696], [4851], [8838], [5587], [2022], [332], [5290], [2952], [5745], [4921], [50485], [324], [56172], [3162], [10597], [2950], [203068], [6387], [4582], [6657], [217], [3815], [2908], [3934], [5426], [4869], [3383], [355], [2879], [633], [3565], [9429], [10413], [658], [6399], [1027], [1277], [3557], [3688], [2706], [836], [1543], [80326], [3549], [2625], [5879], [1045], [2317], [3791], [8074], [2247], [581], [4282], [861], [4255], [1824], [54658], [4982]]
Goldenhar-Gorlin Syndrome:[[]]
Oral Mandibular Auricular Syndrome:[[3479]]
First and Second Pharyngeal Arch Syndromes:[[]]
First and Second Branchial Arch Syndrome:[[7443]]
Oral-Mandibular-Auricular Syndrome:[[3479]]
Goldenhar Disease:[[2138], [6949], [6299]]
Goldenhar syndrome:[[7971], [2138], [6299]]
Facioauriculovertebral Dysplasia:[[4000], [1311], [8626], [10913], [2697], [1836], [1896], [10804], [1280], [2316], [59341], [5818], [7040], [203859], [2261], [2200], [2475], [1636], [4148], [2245], [7157], [65057], [860], [176], [257], [4792], [4233], [6662], [183], [2263], [4318], [2335], [1029], [8517], [185], [5743], [128178], [7422], [2260], [7421], [1956], [387], [673], [2064], [7227], [7124], [3569], [3930], [4524], [6023], [1302], [7249], [3586], [89846], [79977], [1499], [5566], [2272], [2099], [3091], [7099], [3350], [3845], [6720], [50964], [4790], [4322], [124583], [6885], [7015], [6774], [7248], [999], [29119], [3576], [3553], [4288], [1000], [4609], [627], [465], [424], [8200], [4313], [9131], [5548], [6262], [1028], [5728], [5972], [6473], [4879], [596], [4882], [1913], [6532], [1832], [57539], [2778], [7043], [5925], [414058], [260403], [81866], [54114], [50947], [10305], [7085], [425], [3479], [5318], [23411], [960], [7852], [10381], [5594], [2944], [4292], [3458], [595], [5054], [4193], [3146], [3717], [1026], [27038], [103875461], [102775567], [101101771], [101101770], [101101769], [101101768], [100885788], [100505394], [100188821], [100187749], [780896], [4364], [1914], [9451], [406932], [7097], [6696], [4851], [8838], [5587], [2022], [332], [5290], [2952], [5745], [4921], [50485], [324], [56172], [3162], [10597], [2950], [203068], [6387], [4582], [6657], [217], [3815], [2908], [3934], [5426], [4869], [3383], [355], [2879], [633], [3565], [9429], [10413], [658], [6399], [1027], [1277], [3557], [3688], [2706], [836], [1543], [80326], [3549], [2625], [5879], [1045], [2317], [3791], [8074], [2247], [581], [4282], [861], [4255], [1824], [54658], [4982]]
Otomandibular Dysostosis:[[860], [171], [1909], [9343], [145873], [2263], [7249], [10683], [5310], [3955], [6911], [25885], [84667], [6234], [23384], [5015], [134701], [57688], [90121], [10262], [132884], [51594], [2121], [9469], [166785], [23483]]
FAV SEQUENCE:[[]]
Otomandibular dysostosis:[[860], [171], [1909], [9343], [145873], [2263], [7249], [10683], [5310], [3955], [6911], [25885], [84667], [6234], [23384], [5015], [134701], [57688], [90121], [10262], [132884], [51594], [2121], [9469], [166785], [23483]]
