Disease Basedow:[[9370], [5243]]
Graves Disease:[[1493], [3106], [28], [7124], [7253], [7157], [3569], [3553], [3586], [3123], [7422], [7038], [7421], [7040], [4524], [3115], [8034], [940], [50976], [4790], [4318], [6774], [3133], [596], [5728], [7099], [6885], [3605], [3479], [29126], [3576], [5468], [117189], [3119], [958], [26191], [7852], [355], [50943], [3458], [3105], [115352], [100312954], [3383], [1234], [3565], [3480], [4879], [154], [6387], [3627], [7515], [3557], [6696], [2100], [3606], [142], [3552], [1906], [406938], [4153], [8840], [3791], [581], [5880], [10135], [356], [3107], [3596], [3593], [406947], [841], [3117], [3065], [3559], [6352], [3710], [4968], [10673], [328], [2778], [1786], [90865], [60468], [959], [5465], [59067], [7412], [7128], [2212], [6280], [2056], [6401], [7133], [7189], [51561], [3570], [8635], [5172], [3066], [64135], [2638], [847], [22914], [6462], [5788], [3566], [3592], [659], [51284], [23], [399], [5155], [6778], [27161], [3659], [406992], [3574], [2833], [3491], [943], [7173], [7035], [326], [578], [114836], [4791], [112744], [3603], [55584], [6890], [7100], [1594], [4599], [6402], [2213], [3567], [30009], [6528], [1909], [4283], [3965], [11116], [51311], [941], [6503], [3759], [3578], [6361], [972], [6891], [7096], [114904], [368], [720], [1734], [29851], [563], [8863], [55908], [10665], [9452], [4502], [4069], [3562], [3604], [6097], [7293], [10333], [84636], [394263], [23118], [7832], [643], [6761], [6373], [909], [10663], [129831], [80862], [81793], [4489], [345611], [23765], [115650], [25824], [84159], [26523], [85320], [29113], [8809], [23308], [7358], [22806], [6614], [911], [90070], [3142], [9863], [10866]]
Toxic diffuse goitre with exophthalmos:[[]]
Basedow's disease:[[]]
Basedow disease:[[9370], [5243]]
Basedows Disease:[[]]
Exophthalmic goiter:[[]]
Toxic diffuse goiter with exophthalmos:[[]]
HYPERTHYROIDISM AUTOIMMUNE:[[1493], [7253], [7124], [26191], [3569], [7038], [5133], [3458], [5243], [3606], [958], [10673], [51738], [177], [56729], [5027], [26291], [50964], [1113], [1361], [115352], [4925], [57674], [8635], [84636]]
Graves' disease:[[1493], [3106], [28], [7253], [7124], [7422], [3123], [3569], [3553], [7040], [3586], [4524], [3115], [7038], [940], [7421], [4318], [6774], [4790], [3133], [7099], [6885], [3479], [29126], [3576], [5468], [7852], [50943], [3105], [3605], [3383], [115352], [958], [1234], [3119], [3480], [4879], [355], [6387], [7515], [26191], [2100], [3606], [3552], [1906], [406938], [4153], [8840], [3791], [3557], [3627], [5880], [3107], [406947], [10135], [3065], [3559], [3596], [6352], [3593], [3710], [4968], [328], [356], [3117], [2778], [90865], [60468], [959], [10673], [5465], [7412], [7128], [6280], [2056], [6401], [59067], [7189], [8635], [5172], [3066], [64135], [2638], [847], [6462], [5788], [3566], [3592], [51561], [659], [51284], [399], [5155], [6778], [27161], [3659], [406992], [3574], [2833], [23], [7173], [7035], [326], [114836], [112744], [3603], [55584], [6890], [7100], [1594], [6402], [2213], [30009], [6528], [1909], [3965], [11116], [51311], [941], [6503], [3759], [4283], [114904], [368], [720], [29851], [563], [8863], [55908], [10665], [4069], [3604], [9452], [7293], [84636], [394263], [23118], [643], [6761], [909], [129831], [80862], [345611], [115650], [25824], [26523], [85320], [29113], [8809], [23308], [22806], [911], [90070], [3142], [9863], [8807], [117156], [51765], [442911], [100507679], [83416], [3137], [55075], [140733], [54414], [9832], [25802], [8034]]
Hyperthyroidism Autoimmune:[[1493], [7253], [7124], [26191], [3569], [7038], [5133], [3458], [5243], [3606], [958], [10673], [51738], [177], [56729], [5027], [26291], [50964], [1113], [1361], [115352], [4925], [57674], [8635], [84636]]
Disease Basedow's:[[1493], [5979], [64127], [11315], [351], [8792], [348], [5071], [1910], [3064], [3586], [6774], [3123], [1029], [6622], [4137], [540], [5310], [3717], [6347], [24], [1201], [6387], [3119], [120892], [335], [7450], [5621], [7422], [3569], [338], [5311], [3949], [3107], [4287], [19], [4023], [5664], [57623], [1071], [3558], [4314], [255738], [4088], [356], [3117], [26191], [1191], [653361], [1586], [958], [26503], [1401], [2629], [4018], [3593], [116519], [6927], [4688], [729230], [3106], [864], [3570], [80339], [7415], [6597], [2244], [59067], [345], [8651], [3115], [10577], [149233], [5314], [6261], [3592], [7957], [1030], [28], [10320], [1234], [3659], [246778], [3990], [4041], [1378], [100048912], [3077], [3383], [6775], [5376], [9173], [2161], [55600], [26058], [7439], [1138], [4361], [4582], [7369], [1956], [1282], [3122], [6653], [4747], [51752], [7124], [4359], [538], [55054], [1136], [6311], [5663], [3931], [3992], [2646], [6584], [337], [9966], [4321], [56606], [217], [1235], [274], [5734], [2524], [7040], [341], [7292], [3953], [4524], [1232], [6272], [5966], [5771], [2308], [54901], [4068], [7332], [8878], [3562], [100507436], [9388], [3084], [2099], [10452], [3559], [6583], [5328], [8301], [1636], [3635], [4693], [1230], [2212], [945], [4318], [29881], [9370], [5243], [367], [4790], [7128], [7421], [64241], [54332], [6403], [1373], [7077], [4846], [94103], [51085], [2243], [10019], [345611], [7015], [4311], [2581], [10221], [56731], [7840], [2876], [940], [6606], [60468], [3595], [2266], [50941], [100359403], [3458], [221692], [10347], [3658], [3133], [2904], [64478], [1394], [64170], [64399], [5594]]
Graves' disease with exophthalmos:[[]]
Goiter Exophthalmic:[[]]
Graves' Disease:[[1493], [3106], [28], [7253], [7124], [7422], [3123], [3569], [3553], [7040], [3586], [4524], [3115], [7038], [940], [7421], [4318], [6774], [4790], [3133], [7099], [6885], [3479], [29126], [3576], [5468], [7852], [50943], [3105], [3605], [3383], [115352], [958], [1234], [3119], [3480], [4879], [355], [6387], [7515], [26191], [2100], [3606], [3552], [1906], [406938], [4153], [8840], [3791], [3557], [3627], [5880], [3107], [406947], [10135], [3065], [3559], [3596], [6352], [3593], [3710], [4968], [328], [356], [3117], [2778], [90865], [60468], [959], [10673], [5465], [7412], [7128], [6280], [2056], [6401], [59067], [7189], [8635], [5172], [3066], [64135], [2638], [847], [6462], [5788], [3566], [3592], [51561], [659], [51284], [399], [5155], [6778], [27161], [3659], [406992], [3574], [2833], [23], [7173], [7035], [326], [114836], [112744], [3603], [55584], [6890], [7100], [1594], [6402], [2213], [30009], [6528], [1909], [3965], [11116], [51311], [941], [6503], [3759], [4283], [114904], [368], [720], [29851], [563], [8863], [55908], [10665], [4069], [3604], [9452], [7293], [84636], [394263], [23118], [643], [6761], [909], [129831], [80862], [345611], [115650], [25824], [26523], [85320], [29113], [8809], [23308], [22806], [911], [90070], [3142], [9863], [8807], [117156], [51765], [442911], [100507679], [83416], [3137], [55075], [140733], [54414], [9832], [25802], [8034]]
Goiters Exophthalmic:[[]]
Exophthalmic goitre:[[]]
Graves disease:[[1493], [3106], [28], [7124], [7253], [7157], [3569], [3553], [3586], [3123], [7422], [7038], [7421], [7040], [4524], [3115], [8034], [940], [50976], [4790], [4318], [6774], [3133], [596], [5728], [7099], [6885], [3605], [3479], [29126], [3576], [5468], [117189], [3119], [958], [26191], [7852], [355], [50943], [3458], [3105], [115352], [100312954], [3383], [1234], [3565], [3480], [4879], [154], [6387], [3627], [7515], [3557], [6696], [2100], [3606], [142], [3552], [1906], [406938], [4153], [8840], [3791], [581], [5880], [10135], [356], [3107], [3596], [3593], [406947], [841], [3117], [3065], [3559], [6352], [3710], [4968], [10673], [328], [2778], [1786], [90865], [60468], [959], [5465], [59067], [7412], [7128], [2212], [6280], [2056], [6401], [7133], [7189], [51561], [3570], [8635], [5172], [3066], [64135], [2638], [847], [22914], [6462], [5788], [3566], [3592], [659], [51284], [23], [399], [5155], [6778], [27161], [3659], [406992], [3574], [2833], [3491], [943], [7173], [7035], [326], [578], [114836], [4791], [112744], [3603], [55584], [6890], [7100], [1594], [4599], [6402], [2213], [3567], [30009], [6528], [1909], [4283], [3965], [11116], [51311], [941], [6503], [3759], [3578], [6361], [972], [6891], [7096], [114904], [368], [720], [1734], [29851], [563], [8863], [55908], [10665], [9452], [4502], [4069], [3562], [3604], [6097], [7293], [10333], [84636], [394263], [23118], [7832], [643], [6761], [6373], [909], [10663], [129831], [80862], [81793], [4489], [345611], [23765], [115650], [25824], [84159], [26523], [85320], [29113], [8809], [23308], [7358], [22806], [6614], [911], [90070], [3142], [9863], [10866]]
