Acromegaly Due To Pituitary Adenoma:[[2688], [5449], [9232], [2778], [9049], [3479], [673], [999], [348], [2950], [406991], [4313], [83550], [2690], [2247], [196], [6752], [9365], [1508], [6755], [6392], [2692]]
Pituitary Adenomas GH-Secreting:[[2688], [2778], [7422], [9049], [4288], [51738], [4255], [9101], [5566], [4221], [2264], [6752], [2693], [5573], [6755], [6424]]
Pituitary Growth Hormone Secreting Adenoma:[[2688]]
Growth hormone-secreting pituitary adenoma:[[83550], [51162], [9049], [406991], [1813], [4853], [54361], [6755], [10683]]
Somatotroph adenoma:[[9049], [2778], [3569], [999], [3479], [3486], [2688], [5566], [2690], [1487]]
Pituitary Adenoma GH Secreting:[[2688], [2778], [2690], [7422], [9049], [7157], [3569], [6774], [4288], [4255], [8091], [2908], [9101], [5443], [4221], [6752], [2264], [5566], [3814], [2692], [6755], [5573], [6392], [6424], [406961], [6751], [4969]]
Pituitary Growth Hormone-Secreting Adenoma:[[83550], [51162], [9049], [406991], [1813], [4853], [54361], [6755], [10683]]
Somatotroph Adenomas:[[3569], [999], [9049], [51738], [2778], [5566], [2688], [3486], [2690], [5308], [1487], [7799], [54845], [6574], [283349]]
Pituitary Adenoma GH-Secreting:[[2688], [2778], [9049], [7422], [4255], [4288], [4221], [9101], [6752], [2264], [5566], [5573], [6755], [2692], [6424], [406961]]
Somatotroph Adenoma:[[9049], [2778], [3569], [999], [3479], [3486], [2688], [5566], [2690], [1487]]
