Cowden's Disease:[[]]
RMSS:[[238]]
Cowden's syndrome:[[3757], [1280], [114548], [3753], [2074], [7157], [348], [1281], [51085], [546], [80184], [7466], [3845], [673], [8481], [5728], [8195], [7486], [641], [2706], [2317], [4292], [91147], [8626], [1540], [4000], [54658], [1161], [7490], [2033], [6331], [4023], [1071], [5781], [4436], [2263], [3643], [7291], [3784], [2261], [2260], [582], [10806], [8085], [10083], [367], [4683], [207], [84062], [3123], [7468], [4647], [4952], [2200], [1029], [7399], [4810], [201163], [2969], [10804], [6949], [7227], [2492], [775], [7840], [2316], [5428], [3730], [5080], [585], [1278], [54487], [5604], [55612], [2121], [811], [5290], [132884], [4281], [116442], [84100], [2812], [5077], [64127], [79068], [6663], [783], [338], [57167], [1130], [9968], [2332], [1277], [3990], [10743], [7456], [19], [2122], [3265], [6737], [84059], [6741], [3481], [6513], [4089], [23111], [2646], [356], [1285], [1387], [26585], [8976], [7504], [1827], [331], [23405], [9401], [65217], [4893], [672], [4692], [9569], [5894], [4277], [6774], [3117], [1401], [1788], [7401], [7128], [3570], [545], [10163], [583], [10682], [124590], [129880], [54808], [27241], [2138], [79738], [4137], [2475], [60], [3897], [5159], [1364], [8091], [5885], [79803], [2811], [2956], [9993], [5460], [4286], [675], [3717], [8220], [80144], [80025], [999], [3973], [79621], [4193], [64135], [1145], [55212], [2645], [27031], [4851], [1493], [10535], [2131], [1910], [7122], [9031], [4853], [1134], [2146], [100188856], [355], [50943], [105259599], [2153], [9652], [10908], [3664], [7020], [8214], [5308], [10062], [8517], [5076], [27019], [5189], [5395], [1287], [1906], [25825], [3759]]
Cowden Disease:[[5728]]
BZS:[[5728]]
Cowden Syndrome:[[5728], [207], [5290], [11200], [6390], [657], [10483], [100144748], [6392], [8437]]
Multiple Hamartoma Syndromes:[[5728], [4524], [2309], [2475], [5781], [5727], [7249], [4763], [2737]]
CD:[[1493], [64127], [2214], [359], [2215], [317782], [4074], [7124], [7157], [3569], [7422], [7099], [6774], [3586], [1401], [1956], [348], [4318], [7040], [920], [3119], [3091], [5243], [351], [7421], [2099], [627], [999], [3123], [1636], [3605], [1080], [1029], [4790], [29126], [3576], [3553], [6622], [6532], [7852], [3106], [4846], [596], [5468], [3117], [5594], [4609], [3458], [3717], [4313], [3077], [3815], [5444], [6347], [406991], [50943], [4582], [213], [4780], [6647], [7097], [1557], [6696], [960], [3105], [1813], [120892], [3565], [149233], [929], [3043], [2908], [6714], [51738], [3557], [3383], [2706], [355], [3690], [3606], [114548], [183], [177], [3934], [857], [5133], [836], [5747], [6531], [5879], [3958], [5595], [10413], [4312], [185], [3757], [7052], [196], [406947], [406938], [5071], [1268], [3082], [26191], [3107], [23435], [6772], [3315], [1509], [959], [3039], [3627], [2335], [5599], [3558], [6790], [1471], [4314], [3593], [8678], [407040], [958], [682], [7431], [5027], [7076], [3559], [55054], [2022], [875], [846], [7057], [2312], [100507436], [3685], [50616], [3240], [406937], [60489], [9966], [3620], [59067], [1788], [6615], [2212], [10673], [6280], [947], [6935], [203228], [22943], [5156], [4049], [3570], [2688], [9365], [7133], [5300], [6662], [1184], [775], [7018], [22914], [30835], [80339], [7077], [9332], [4904], [7172], [3897], [684], [7295], [5175], [2162], [4311], [94025], [8856], [6376], [3663], [1524], [3371], [8837], [961], [23468], [9415], [2876], [7535], [2833], [54790], [1508], [3002], [3992], [942], [3684], [1180], [350], [51741], [4067], [1182], [57379]]
MACROCEPHALY PSEUDOPAPILLEDEMA AND MULTIPLE HEMANGIOMATA:[[]]
RILEY-SMITH SYNDROME:[[]]
Cowdens Disease:[[]]
COWDEN SYNDROME 1:[[5728], [207], [5290], [6390], [11200], [6392], [8437], [657], [10483], [100144748]]
MHAM:[[5728]]
Cowden syndrome:[[5728], [207], [5290], [11200], [6390], [657], [10483], [100144748], [6392], [8437]]
MACROCEPHALY MULTIPLE LIPOMAS AND HEMANGIOMATA:[[]]
RUVALCABA-MYHRE-SMITH SYNDROME:[[]]
Multiple Hamartoma Syndrome:[[]]
BANNAYAN-RILEY-RUVALCABA SYNDROME:[[5728]]
CS:[[1431], [7157], [5728], [7124], [2064], [207], [6774], [9370], [673], [1029], [5743], [4609], [1499], [1444], [7015], [23411], [3106], [5594], [55884], [5444], [1026], [5290], [3265], [2908], [5970], [4851], [3146], [142], [6648], [6667], [5595], [3043], [3417], [3949], [4288], [3040], [3309], [3757], [5347], [2263], [2068], [5591], [25], [1471], [3315], [860], [2778], [2896], [1050], [5580], [3172], [9365], [133], [1051], [949], [5228], [6662], [6786], [6403], [2113], [1410], [3329], [6464], [100418973], [649024], [440514], [775], [7018], [3551], [5428], [2074], [6441], [2641], [4914], [84876], [5467], [5604], [706], [4586], [952], [249], [5069], [4306], [23410], [2], [308], [10381], [6390], [3691], [407029], [5598], [5245], [5196], [176], [6654], [1843], [7019], [1654], [1513], [1409], [4864], [2026], [1901], [330], [55054], [1386], [7529], [89780], [5587], [4171], [6095], [5588], [1520], [708], [7297], [5764], [2746], [93986], [563], [10551], [7942], [2549], [7334], [3170], [27429], [5605], [4739], [226], [6440], [2235], [5339], [2744], [34], [9780], [3872], [1161], [5160], [101180976], [9401], [2071], [10014], [10075], [2821], [10131], [10935], [25913], [7182], [3191], [1442], [3028], [10869], [6646], [3030], [7706], [831], [56652], [1848], [506], [1464], [4151], [1894], [3110], [7130], [47], [4594], [8655], [23118], [27044], [54880], [112399], [6389], [9361], [10910], [9572], [5036], [10482], [37], [11251], [5163], [10951], [81704], [2936], [10128], [6742], [157680], [30968], [7443], [9252], [3336], [175], [5803], [60528], [4942], [38], [1738], [9958], [27316], [9820], [9584], [6472]]
Cowdens Syndrome:[[3757], [1280], [114548], [3753], [2074], [7157], [348], [1281], [51085], [546], [80184], [7466], [3845], [673], [8481], [5728], [8195], [7486], [641], [2706], [2317], [4292], [91147], [8626], [1540], [4000], [54658], [1161], [7490], [2033], [6331], [4023], [1071], [5781], [4436], [2263], [3643], [7291], [3784], [2261], [2260], [582], [10806], [8085], [10083], [367], [4683], [207], [84062], [3123], [7468], [4647], [4952], [2200], [1029], [7399], [4810], [201163], [2969], [10804], [6949], [7227], [2492], [775], [7840], [2316], [5428], [3730], [5080], [585], [1278], [54487], [5604], [55612], [2121], [811], [5290], [132884], [4281], [116442], [84100], [2812], [5077], [64127], [79068], [6663], [783], [338], [57167], [1130], [9968], [2332], [1277], [3990], [10743], [7456], [19], [2122], [3265], [6737], [84059], [6741], [3481], [6513], [4089], [23111], [2646], [356], [1285], [1387], [26585], [8976], [7504], [1827], [331], [23405], [9401], [65217], [4893], [672], [4692], [9569], [5894], [4277], [6774], [3117], [1401], [1788], [7401], [7128], [3570], [545], [10163], [583], [10682], [124590], [129880], [54808], [27241], [2138], [79738], [4137], [2475], [60], [3897], [5159], [1364], [8091], [5885], [79803], [2811], [2956], [9993], [5460], [4286], [675], [3717], [8220], [80144], [80025], [999], [3973], [79621], [4193], [64135], [1145], [55212], [2645], [27031], [4851], [1493], [10535], [2131], [1910], [7122], [9031], [4853], [1134], [2146], [100188856], [355], [50943], [105259599], [2153], [9652], [10908], [3664], [7020], [8214], [5308], [10062], [8517], [5076], [27019], [5189], [5395], [1287], [1906], [25825], [3759]]
Multiple hamartoma syndrome:[[]]
BANNAYAN-ZONANA SYNDROME:[[]]
CWS1:[[5728]]
Cowden's Syndrome:[[3757], [1280], [114548], [3753], [2074], [7157], [348], [1281], [51085], [546], [80184], [7466], [3845], [673], [8481], [5728], [8195], [7486], [641], [2706], [2317], [4292], [91147], [8626], [1540], [4000], [54658], [1161], [7490], [2033], [6331], [4023], [1071], [5781], [4436], [2263], [3643], [7291], [3784], [2261], [2260], [582], [10806], [8085], [10083], [367], [4683], [207], [84062], [3123], [7468], [4647], [4952], [2200], [1029], [7399], [4810], [201163], [2969], [10804], [6949], [7227], [2492], [775], [7840], [2316], [5428], [3730], [5080], [585], [1278], [54487], [5604], [55612], [2121], [811], [5290], [132884], [4281], [116442], [84100], [2812], [5077], [64127], [79068], [6663], [783], [338], [57167], [1130], [9968], [2332], [1277], [3990], [10743], [7456], [19], [2122], [3265], [6737], [84059], [6741], [3481], [6513], [4089], [23111], [2646], [356], [1285], [1387], [26585], [8976], [7504], [1827], [331], [23405], [9401], [65217], [4893], [672], [4692], [9569], [5894], [4277], [6774], [3117], [1401], [1788], [7401], [7128], [3570], [545], [10163], [583], [10682], [124590], [129880], [54808], [27241], [2138], [79738], [4137], [2475], [60], [3897], [5159], [1364], [8091], [5885], [79803], [2811], [2956], [9993], [5460], [4286], [675], [3717], [8220], [80144], [80025], [999], [3973], [79621], [4193], [64135], [1145], [55212], [2645], [27031], [4851], [1493], [10535], [2131], [1910], [7122], [9031], [4853], [1134], [2146], [100188856], [355], [50943], [105259599], [2153], [9652], [10908], [3664], [7020], [8214], [5308], [10062], [8517], [5076], [27019], [5189], [5395], [1287], [1906], [25825], [3759]]
MULTIPLE HAMARTOMA SYNDROME:[[]]
BBRS:[[]]
