Heart Septal Defects Ventricular:[[]]
Interventricular septal defect:[[7092]]
Septal Defect Intraventricular:[[4524], [7422], [4318], [4879], [4313], [551], [4878]]
Ventricular Septal Defects:[[4318], [6532], [4879], [23411], [10413], [3481], [4088], [7291], [1482], [2626], [2627], [406904], [6997], [7148], [6943], [6909], [57057], [8082], [8928], [9096]]
Ventricular septal defects:[[4318], [6532], [4879], [23411], [10413], [3481], [4088], [7291], [1482], [2626], [2627], [406904], [6997], [7148], [6943], [6909], [57057], [8082], [8928], [9096]]
Ventricular septal abnormality:[[6331], [4851], [1906], [4625], [3082], [7291], [652], [6899]]
Ventricular septal defect (VSD):[[7422], [2626], [1482], [4851], [4552], [4772], [2627], [3670], [6899], [137814]]
VSD - Ventricular septal defect:[[7422], [2626], [1482], [4851], [4552], [4772], [2627], [3670], [6899], [137814]]
Ventricular Septal Defect:[[7422], [2626], [4318], [1482], [4313], [4879], [4851], [5663], [7291], [7048], [10370], [7446], [4548], [4552], [4625], [246778], [4772], [5308], [57167], [2627], [57142], [6910], [4838], [7026], [6899], [3670], [2121], [137814], [199699], [50805], [192343]]
Ventriculoseptal defect:[[140628]]
Congenital ventricular septal defect:[[2626], [1482], [7422], [4879], [2627], [4625], [4851], [4313], [7026], [4552], [10370], [7048], [4548], [6910], [4772], [5308], [4838], [6899], [3670], [137814], [199699], [50805], [192343]]
Ventricular septal defect:[[7422], [2626], [4318], [1482], [4313], [4879], [4851], [5663], [7291], [7048], [10370], [7446], [4548], [4552], [4625], [246778], [4772], [5308], [57167], [2627], [57142], [6910], [4838], [7026], [6899], [3670], [2121], [137814], [199699], [50805], [192343]]
Septal Defects Intraventricular:[[4524], [7422], [4879], [4318], [551], [4607], [4878]]
