Congenital septal defect:[[2626], [1482], [2627], [2697], [4524], [10370], [2147], [4487], [7422], [70], [4879], [4552], [4624], [57057], [4625], [6331], [7099], [53407], [4851], [78987], [1906], [4313], [7092], [5781], [7026], [3481], [4772], [2321], [652], [6910], [4089], [7298], [7048], [4548], [5308], [659], [100507266], [55636], [169792], [4878], [2395], [8312], [4838], [6899], [3670], [6909], [4621], [4212], [27063], [8701], [199699], [137814], [50805], [192343]]
Septal Defects Cardiac:[[6331], [1482], [2626], [4624], [70], [7137], [4851], [2697], [4625], [4607], [2627], [4524], [7422], [27063], [406904], [652], [6910], [4879], [4318], [57057], [1906], [10413], [4212], [4089], [5243], [10370], [4878], [6532], [3480], [23411], [7048], [2308], [2147], [4088], [5781], [3082], [7291], [9429], [7026], [7298], [6352], [551], [5308], [659], [78987], [7341], [9475], [55636], [6909], [57167], [3491], [2395], [6899], [406957], [8928], [2121], [9096], [143425], [192343]]
Septal defects:[[2626], [1482], [4524], [2627], [2697], [7422], [4548], [4552], [4879], [5243], [10370], [4318], [4851], [6331], [70], [6532], [3480], [10413], [2147], [23411], [5781], [3481], [1906], [9429], [5663], [7026], [4088], [3082], [4624], [4089], [5265], [7048], [7291], [7298], [6352], [2308], [57057], [652], [4212], [4625], [7341], [7137], [551], [246778], [659], [5308], [668], [57167], [78987], [4607], [4878], [3491], [2395], [8312], [55636], [9475], [6910], [8085], [6899], [6997], [4838], [406904], [6091], [7148], [6909], [6943], [4621], [27063], [406957], [8701], [2121], [8082], [8928], [54903], [9096], [199699], [143425], [192343]]
Congenital heart defects septal:[[2626], [1482], [2627], [4524], [4879], [5243], [70], [1906], [7026], [5781], [7048], [7137], [4552], [4625], [4548], [4878], [8312], [8085], [55636], [6899], [6909], [4212]]
Cardiac septal defects:[[6331], [1482], [2626], [4624], [70], [7137], [4851], [2697], [4625], [4607], [2627], [4524], [7422], [27063], [406904], [652], [6910], [4879], [4318], [57057], [1906], [10413], [4212], [4089], [5243], [10370], [4878], [6532], [3480], [23411], [7048], [2308], [2147], [4088], [5781], [3082], [7291], [9429], [7026], [7298], [6352], [551], [5308], [659], [78987], [7341], [9475], [55636], [6909], [57167], [3491], [2395], [6899], [406957], [8928], [2121], [9096], [143425], [192343]]
Congenital cardiac septal defect:[[1482], [6331], [2626], [2697], [2627], [4624], [70], [4625], [4851], [4524], [2147], [10370], [7422], [57057], [6910], [4879], [27063], [652], [1906], [7099], [4313], [4089], [78987], [4878], [3670], [7048], [5781], [7026], [2321], [5308], [7298], [4212], [55636], [659], [6909], [2395], [6899], [137814], [192343]]
Septal Defect Heart:[[2697], [1482], [2626], [2627], [4624], [6331], [4524], [10370], [4851], [4487], [7099], [70], [7422], [4625], [57057], [7048], [2147], [2050], [4318], [4879], [4552], [6910], [1906], [4313], [652], [53407], [10413], [6899], [5781], [23411], [78987], [7092], [7291], [5663], [4878], [3791], [7026], [4089], [2321], [3670], [9429], [4772], [551], [3480], [659], [55636], [5265], [6909], [5308], [7298], [4548], [2395], [246778], [100507266], [4838], [8312], [8701], [137814], [57167], [57142], [27063], [4212], [4621], [199699], [2121], [50805], [192343]]
Congenital malformation of cardiac septum unspecified:[[7157], [652], [7048]]
Septal defect:[[2626], [1482], [2627], [431], [7446], [2697], [4524], [10370], [2147], [70], [4624], [4487], [2050], [7422], [4318], [57057], [4552], [4879], [7099], [6331], [78987], [4313], [4851], [7092], [23411], [3480], [1906], [9429], [10413], [3791], [5781], [5663], [3481], [5265], [7291], [2321], [4772], [4089], [53407], [7298], [7048], [652], [246778], [551], [4625], [659], [4548], [668], [4878], [2395], [5308], [6910], [57167], [8312], [4838], [57142], [55636], [406931], [7026], [6899], [3670], [100507266], [6909], [4621], [4212], [27063], [169792], [8701], [2121], [54768], [199699], [137814], [50805], [85474], [192343]]
Congenital septal defect of heart:[[2697], [1482], [2626], [2627], [4624], [4524], [6331], [10370], [4487], [4625], [4851], [2147], [7422], [7099], [70], [57057], [4879], [4552], [6910], [7048], [53407], [1906], [7026], [652], [4313], [5781], [6899], [78987], [7092], [3670], [55636], [4772], [2321], [4878], [100507266], [4089], [5308], [659], [6909], [4548], [7298], [2395], [4838], [8312], [8701], [137814], [27063], [4212], [4621], [199699], [50805], [192343]]
Septal Defects Heart:[[2697], [1482], [2626], [2627], [4624], [6331], [4524], [4851], [7422], [7048], [4625], [4552], [10370], [4879], [4318], [4548], [5243], [70], [652], [7026], [6910], [1906], [10413], [6899], [5781], [57057], [6532], [7137], [23411], [3480], [7291], [5663], [4089], [4088], [4607], [2147], [4878], [55636], [9429], [3082], [551], [2308], [659], [6909], [5308], [5265], [3491], [6352], [7298], [7341], [4212], [78987], [2395], [406904], [246778], [8312], [8701], [57167], [9475], [4838], [6997], [8085], [6091], [27063], [8928], [7148], [6943], [4621], [8082], [2121], [199699], [54903], [9096], [192343]]
Congenital malformations of cardiac septa:[[7157]]
Congenital septal defects:[[2626], [1482], [4524], [2627], [2697], [7422], [4552], [4879], [2147], [4548], [7026], [10370], [4625], [6331], [5243], [4851], [70], [5781], [1906], [3481], [652], [57057], [7048], [4089], [4624], [7298], [6910], [5308], [7137], [4212], [55636], [78987], [659], [4878], [2395], [8312], [6899], [8085], [4838], [9096], [6909], [7148], [4621], [27063], [8701], [8082], [199699], [143425], [192343]]
Heart septal defects:[[]]
Septal (heart) defect NOS:[[7422], [23411], [3791]]
Septal Defect Cardiac:[[1482], [6331], [2626], [4624], [70], [2697], [2627], [4851], [4625], [4524], [10370], [7422], [57057], [27063], [2147], [6910], [652], [4318], [4879], [1906], [4313], [7099], [4089], [10413], [78987], [4878], [23411], [3670], [3480], [7048], [7291], [9429], [3791], [5781], [2321], [7298], [4212], [551], [659], [5308], [55636], [2395], [6909], [57142], [57167], [406931], [7026], [6899], [137814], [2121], [192343]]
