Angiosarcoma:[[7157], [4609], [7422], [3569], [3091], [5728], [6774], [207], [4790], [2475], [23411], [595], [5290], [3815], [5970], [5979], [3791], [10413], [8626], [7490], [2022], [3627], [2078], [7298], [302], [5159], [2162], [5175], [9332], [5335], [10630], [406992], [25937], [10643], [2324], [5170], [8140], [10395], [2030], [3783], [6520], [2313], [1871], [5629], [574456], [4240], [25913], [7122], [442908], [51547], [5787], [23261], [7090], [23279], [1944], [100506866], [29015]]
Angiosarcomas:[[7422], [4609], [3845], [5728], [29126], [4851], [4233], [3791], [3082], [5465], [6093], [2078], [5335], [6678], [947], [546], [6198], [5175], [943], [2324], [4853], [25913], [7122], [23152], [5787]]
Haemangiosarcoma:[[]]
Malignant haemangioendothelioma:[[2022], [25937], [5175], [26135], [23261]]
Haemangioendothelial sarcoma:[[3845], [673], [2130], [6714], [3815], [2521], [3265], [3725], [2313], [5155], [6757], [4067], [3569], [1398], [6756], [2324], [1436], [2268], [2242], [2241], [79058], [6098], [1399], [7525], [6497], [6760], [1326], [7157], [1956], [23022], [7422], [369], [23435], [2249], [3091], [2197], [4342], [117178], [23598], [3266], [83478], [4790], [29126], [1499], [5243], [7124], [7852], [4609], [207], [1029], [6774], [65980], [595], [4193], [2064], [5728], [7040], [2475], [6759], [672], [64769], [26039], [2099], [4318], [3479], [81617], [3576], [3586], [1401], [4313], [596], [118987], [57658], [6758], [3553], [6302], [5133], [93323], [332], [55511], [79913], [23411], [2146], [5743], [7099], [283673], [999], [3480], [7015], [55726], [857], [1493], [3106], [4137], [5925], [5290], [4233], [3458], [10214], [472], [675], [107075310], [6347], [4780], [1026], [7490], [3383], [548313], [139212], [55119], [5054], [3605], [142], [406991], [3162], [727837], [6696], [355], [4851], [6598], [2932], [238], [3565], [5879], [3077], [1027], [2908], [3791], [5970], [2078], [4869], [2100], [3690], [4292], [5747], [1432], [158521], [4312], [324], [3688], [1576], [56675], [6739], [6648], [4288], [1969], [6667], [9429], [2260], [3082], [10413], [286494], [8743], [1959], [2247], [581], [8842], [406947], [2335], [5241], [7098], [6657], [3417], [682], [4255], [7291], [406938], [2305], [280657], [6790], [2322], [6772], [4314], [3844], [23586], [598], [282617], [2068], [407040], [8600], [5888], [841], [54106], [217], [1019], [51188], [2321], [5781], [25], [2261], [4436], [64773], [4297], [23405], [3481], [3486], [6513], [4170], [11186], [1017]]
Haemangioendothelioma malignant:[[2022], [25937], [5175], [26135], [23261]]
Hemangiosarcomas:[[3265]]
Malignant hemangioendothelioma:[[5925], [10413], [10630], [10643], [25937], [60], [5228], [2324], [5629], [253260], [84441], [23261]]
Hemangioendothelial sarcoma:[[3845], [673], [2130], [6714], [3815], [2521], [3265], [3725], [2313], [5155], [6757], [4067], [3569], [1398], [6756], [2324], [1436], [2268], [2242], [2241], [79058], [6098], [1399], [7525], [6497], [6760], [1326], [7157], [1956], [23022], [7422], [369], [23435], [2249], [3091], [2197], [4342], [117178], [23598], [3266], [83478], [4790], [29126], [1499], [5243], [7124], [7852], [4609], [207], [1029], [6774], [65980], [595], [4193], [2064], [5728], [7040], [2475], [6759], [672], [64769], [26039], [2099], [4318], [3479], [81617], [3576], [3586], [1401], [4313], [596], [118987], [57658], [6758], [3553], [6302], [5133], [93323], [332], [55511], [79913], [23411], [2146], [5743], [7099], [283673], [999], [3480], [7015], [55726], [857], [1493], [3106], [4137], [5925], [5290], [4233], [3458], [10214], [472], [675], [107075310], [6347], [4780], [1026], [7490], [3383], [548313], [139212], [55119], [5054], [3605], [142], [406991], [3162], [727837], [6696], [355], [4851], [6598], [2932], [238], [3565], [5879], [3077], [1027], [2908], [3791], [5970], [2078], [4869], [2100], [3690], [4292], [5747], [1432], [158521], [4312], [324], [3688], [1576], [56675], [6739], [6648], [4288], [1969], [6667], [9429], [2260], [3082], [10413], [286494], [8743], [1959], [2247], [581], [8842], [406947], [2335], [5241], [7098], [6657], [3417], [682], [4255], [7291], [406938], [2305], [280657], [6790], [2322], [6772], [4314], [3844], [23586], [598], [282617], [2068], [407040], [8600], [5888], [841], [54106], [217], [1019], [51188], [2321], [5781], [25], [2261], [4436], [64773], [4297], [23405], [3481], [3486], [6513], [4170], [11186], [1017]]
Hemangioendothelioma malignant:[[5925], [10413], [10630], [10643], [25937], [60], [5228], [2324], [5629], [253260], [84441], [23261]]
Hemangiosarcoma:[[]]
