Neoplasm Hematologic:[[7157], [1499], [3717], [4524], [4318], [3845], [7422], [672], [6774], [4609], [4790], [1029], [5243], [673], [5743], [3091], [675], [1401], [596], [2475], [8358], [811], [4313], [29126], [2944], [1026], [7490], [2950], [2952], [6387], [861], [3815], [238], [3934], [10413], [3107], [2322], [1576], [648], [7076], [4210], [302], [5806], [1788], [3115], [54790], [4684], [2065], [10018], [10320], [4915], [23476], [23451], [2623], [2120], [2624], [60674], [4916], [23657], [6789], [10019]]
Neoplasms Hematologic:[[3717], [7157], [7422], [4524], [672], [3845], [673], [1029], [7040], [5743], [1499], [675], [3091], [6774], [4609], [29126], [3815], [4318], [2944], [5243], [1401], [2475], [4313], [4790], [596], [2952], [960], [811], [861], [2950], [1026], [355], [2322], [23411], [1493], [7490], [2147], [3690], [6387], [238], [10413], [54790], [1788], [4893], [3934], [54658], [2261], [5329], [1387], [406947], [3558], [5781], [648], [7076], [7298], [4297], [4210], [302], [5806], [1050], [4684], [2065], [5562], [7508], [7077], [6382], [6776], [22914], [5914], [10320], [7037], [23476], [23451], [4915], [171023], [2623], [246778], [7042], [2120], [3164], [6348], [7012], [6427], [10019], [7066], [4916], [4005], [23657], [80380], [8013], [7088], [84295], [6016], [22852], [257144], [192343]]
Hematologic malignancy:[[675], [3934], [2629], [3115], [3704], [192343]]
Neoplasms Hematological:[[7015], [3717], [7157], [3815], [7422], [672], [4524], [5781], [3845], [9429], [7124], [4023], [3569], [5156], [3553], [2944], [1401], [4292], [2475], [596], [7852], [7037], [4790], [3576], [2952], [7515], [960], [2146], [240], [1612], [1021], [2678], [54790], [1788], [4436], [1440], [811], [2322], [1890], [10019], [861], [4869], [6387], [1027], [7490], [7066], [1557], [2260], [2033], [3418], [54658], [10666], [25], [3265], [5329], [1387], [7298], [598], [140885], [4297], [3308], [6469], [100124700], [6598], [4778], [4904], [1806], [8795], [2122], [171023], [2120], [406986], [546], [4254], [79728], [6566], [8797], [2512], [3662], [3099], [4916], [930], [4919], [10578], [7799], [64919], [5108]]
Hematologic neoplasm:[[3107], [3115], [8358]]
Malignancies Hematologic:[[7157], [3717], [4524], [7422], [4609], [3845], [673], [6774], [4790], [29126], [861], [7040], [672], [3091], [5243], [1029], [5743], [4318], [3815], [1493], [1401], [675], [2475], [1499], [596], [4313], [2944], [7490], [23411], [960], [6387], [2952], [10413], [2322], [2950], [2153], [3934], [54790], [355], [5781], [177], [54658], [4297], [3558], [238], [1788], [282617], [406947], [5329], [1387], [7298], [811], [3627], [302], [1050], [7076], [26191], [11093], [57817], [7128], [22914], [7077], [3689], [6382], [2214], [2065], [10018], [5562], [7037], [4684], [5914], [4915], [7508], [10320], [7528], [2120], [2624], [246778], [23451], [1025], [171023], [100048912], [1435], [1540], [7012], [5820], [6418], [4916], [6427], [2495], [7096], [862], [406], [1633], [10661], [6789], [80380], [10019], [56848], [55872], [2042], [7088], [8870], [84295], [5078], [51327], [1043], [6016], [22852], [944], [8170], [257144], [54763], [728695], [83539], [192343]]
Malignancies Hematological:[[7015], [7157], [3815], [5781], [9429], [3717], [7422], [217], [4524], [3845], [4790], [3569], [7124], [5156], [7037], [672], [632], [3576], [861], [1401], [2475], [3135], [596], [3553], [7068], [1021], [2678], [7515], [7852], [2146], [54790], [2944], [4869], [894], [960], [4292], [6387], [2952], [7490], [2322], [1788], [2153], [3146], [1027], [54658], [2260], [4297], [3265], [4436], [2033], [7298], [3552], [10019], [6469], [5329], [25], [1387], [1803], [5347], [11093], [10673], [3308], [100124700], [811], [3418], [2539], [2624], [4904], [2214], [6598], [1051], [1977], [7514], [1806], [2120], [8795], [3925], [406986], [2122], [171023], [25939], [3662], [79728], [5196], [8797], [3965], [6566], [4916], [3811], [8170], [930], [4919], [7083], [3440], [5997], [3561], [2969], [10661], [4920], [3549], [64919], [10733], [3809], [10578], [9308], [4100], [1119], [5108], [10769], [406918], [415116], [8490], [7994], [724033], [5996], [10771], [56892], [115761], [8477], [10795], [59335], [107966121], [107966125]]
Haematologic malignancy:[[4869]]
Haematologic neoplasm:[[4869]]
Malignancy Hematologic:[[7157], [7422], [7040], [861], [3845], [673], [1029], [3091], [4524], [4609], [6774], [29126], [1499], [3717], [4318], [5743], [4790], [672], [4313], [675], [960], [5243], [596], [2475], [3815], [2944], [2950], [1493], [1026], [2952], [7490], [23411], [10413], [3934], [3690], [177], [836], [238], [2261], [1576], [406947], [3558], [302], [5781], [4297], [5329], [7076], [4684], [4893], [2629], [648], [2214], [3115], [54790], [7077], [1788], [6382], [7128], [22914], [5914], [10320], [7037], [23476], [2623], [7042], [23451], [1435], [2624], [6348], [5820], [60674], [171023], [3704], [23657], [80380], [55872], [2356], [192343]]
Neoplasm Hematological:[[7157], [7015], [578], [3815], [9429], [3717], [5071], [4524], [3845], [7422], [672], [5156], [7124], [3569], [4790], [3576], [596], [3553], [1401], [2475], [7852], [1612], [2146], [2944], [811], [2952], [7490], [6387], [4869], [2260], [1027], [2322], [1788], [861], [3265], [54790], [54106], [25], [4436], [10019], [6469], [3308], [100124700], [6598], [4778], [2624], [3925], [2120], [6566], [10395], [140733], [9474], [4916], [135138]]
Malignancy Hematological:[[3077], [7157], [7015], [3815], [7422], [3569], [5781], [3845], [9429], [861], [7124], [4524], [3576], [4790], [672], [7852], [7037], [596], [2811], [2159], [960], [3717], [1021], [2475], [2146], [2944], [894], [3146], [2952], [1027], [7490], [3135], [4869], [4292], [2260], [4360], [54106], [5071], [3265], [4436], [929], [54790], [1788], [25], [4297], [5347], [5329], [1803], [598], [100124700], [2214], [10673], [3418], [406986], [6598], [406913], [2624], [7514], [3925], [6566], [171023], [7083], [3704], [3561], [10148], [2188], [9610]]
