Neurohepatic Degeneration:[[]]
Storage Disease Copper:[[540], [6622], [348], [5621], [1401], [80339], [150684], [10063], [51076], [2157], [3091], [4864], [3576], [2950], [1356], [57817], [3082], [6352], [2034], [174], [375], [55240], [285362]]
Hepatolenticular degeneration syndrome:[[540]]
Syndrome Hepatolenticular Degeneration:[[540]]
Hepatocerebral degeneration:[[]]
WD - Wilson's disease:[[540], [150684]]
Wilsons Disease:[[]]
Westphal-Strumpell Syndromes:[[]]
Hepato Neurologic Wilson Disease:[[]]
Syndromes Hepatolenticular Degeneration:[[]]
Wilson Diseases Hepato-Neurologic:[[]]
Hepatocerebral Degeneration:[[]]
Wilson Disease:[[540], [7124], [348], [3569], [3586], [5243], [627], [3576], [1813], [3077], [5621], [6648], [4982], [847], [2876], [1244], [1356], [538], [7879], [51280], [475], [5368], [150684], [4152], [114785]]
Cerebral pseudosclerosis:[[]]
Neurohepatic degeneration:[[]]
Neurohepatic Degenerations:[[]]
Progressive Lenticular Degeneration:[[]]
Wilson Disease Hepato-Neurologic:[[]]
Westphal-Strumpell Syndrome:[[]]
Westphal-Strumpell syndrome:[[]]
WND:[[540], [3557], [538], [4891], [475]]
Storage Diseases Copper:[[540], [5621], [6622], [348], [1401], [3091], [3576], [2034], [2950], [57817], [1356], [2157], [80339], [6352], [4864], [174]]
Westphal Strumpell Syndrome:[[]]
Copper storage disease:[[540], [6622], [348], [5621], [1401], [80339], [150684], [10063], [51076], [2157], [3091], [4864], [3576], [2950], [1356], [57817], [3082], [6352], [2034], [174], [375], [55240], [285362]]
WILSON DISEASE:[[540], [7124], [348], [3569], [3586], [5243], [627], [3576], [1813], [3077], [5621], [6648], [4982], [847], [2876], [1244], [1356], [538], [7879], [51280], [475], [5368], [150684], [4152], [114785]]
Kinnier-Wilson Diseases:[[]]
Wilson's disease:[[4524], [627], [5468], [540], [3077], [5806], [5465], [331], [4015], [538], [4017], [475], [1317], [150684], [25974], [2098]]
Hepatolenticular degeneration:[[540]]
Kinnier-Wilson disease:[[]]
HEPATOLENTICULAR DEGENERATION:[[540]]
Wilson disease:[[540], [7124], [348], [3569], [3586], [5243], [627], [3576], [1813], [3077], [5621], [6648], [4982], [847], [2876], [1244], [1356], [538], [7879], [51280], [475], [5368], [150684], [4152], [114785]]
Hepatolenticular Degeneration:[[540]]
Hepatocerebral Degenerations:[[]]
Wilson's Disease:[[4524], [627], [5468], [540], [3077], [5806], [5465], [331], [4015], [538], [4017], [475], [1317], [150684], [25974], [2098]]
WD:[[540], [6521], [55294], [8945], [55054], [11091], [23291], [57521], [79084], [9948], [284403], [8086], [11152], [134430], [1161], [8726], [57599], [11171], [26118], [55135], [80232], [11169], [64326], [55159], [57539], [57728], [26259], [26100], [256764], [11180], [9128], [6468], [83743], [23001], [55626], [55717], [80349], [55339], [10238], [54461], [10885], [26190], [80335], [222229], [91833], [55062], [55827], [51057], [54663], [79726], [55759], [2146], [55764], [7124], [84942], [9277], [9410], [9742], [54014], [124997], [348], [144406], [3569], [57705], [84231], [55255], [89891], [10300], [57418], [254065], [50717], [10785], [7422], [55884], [55112], [54584], [115825], [116143], [55234], [55023], [282809], [7464], [80304], [56270], [84292], [23038], [23335], [1762], [54468], [9391], [80344], [79228], [55100], [10607], [79968], [3586], [49856], [29062], [151790], [23160], [23398], [80227], [54521], [79582], [22884], [25886], [351], [26094], [25879], [64743], [84128], [84219], [5243], [367], [149465], [10517], [285231], [51096], [89849], [3576], [284434], [22911], [57560], [1499], [197335], [55003], [79585], [79446], [80217], [8816], [4609], [253769], [116966], [55779], [84058], [57590], [164781], [84261], [112840], [54853], [126820], [25853], [348793], [114987], [4851], [374286], [2908], [56964], [79269], [126248], [2932], [92715], [151525], [29919], [3725], [54554], [128025], [146845], [349136], [79819], [51398], [93594], [401551], [6790], [1869], [26226], [138009], [83889], [4297], [139425], [6615], [139170], [340390], [3172], [57495], [340578], [54099], [2784], [7046], [1019], [285429], [100631378], [4087], [347442], [728505], [106481724], [106480688], [100873795], [100287505], [729391], [646086], [594841], [441891], [401127], [6502], [100529144], [2285], [100129009], [391383], [100132724]]
Kinnier Wilson Disease:[[]]
Kinnier-Wilson Disease:[[]]
Pseudoscleroses Cerebral:[[351], [889], [11235], [83605], [348], [3569], [8314], [4854], [3845], [1471], [7124], [7422], [4524], [5414], [7157], [4318], [1401], [7040], [8848], [4846], [55177], [4137], [3091], [5654], [441549], [3717], [1956], [7099], [627], [1636], [5295], [6532], [2099], [3586], [2147], [5243], [3553], [56934], [1813], [4790], [3576], [2064], [5728], [5743], [81618], [9370], [23378], [2153], [4879], [3383], [1499], [6774], [367], [207], [5444], [6347], [1312], [7421], [590], [5468], [6647], [5663], [3479], [4313], [183], [6622], [1557], [3458], [60502], [177], [3162], [3952], [7097], [7852], [5594], [2944], [338], [5621], [84547], [5054], [4208], [3146], [1906], [6285], [100820758], [7450], [6513], [23411], [11277], [4851], [6387], [85442], [3605], [2348], [335], [5290], [2952], [581], [140706], [3688], [960], [7276], [3606], [341], [3565], [2571], [4763], [10452], [3082], [2908], [7515], [23435], [4843], [5970], [857], [6696], [355], [2100], [3690], [11093], [5925], [120892], [51148], [217], [6648], [1432], [406938], [4035], [6531], [3480], [142], [8743], [2157], [3791], [9911], [185], [7080], [3672], [1191], [2244], [836], [3630], [8243], [4282], [328], [1543], [3417], [114548], [3949], [387], [4153], [6667], [10135], [9429], [4312], [6772], [3557], [3486], [4023], [1815], [3627], [3356], [6657], [1071], [4255], [4088], [1268], [4982], [2332], [1277], [19], [2247], [6934], [3552], [4204], [196], [406947], [958], [3064], [1116], [682], [3240], [2321], [5329], [59272], [4852], [4436], [2697], [23621], [2152], [4314], [8074], [56729], [361], [4128], [6352], [3014], [5159], [4089], [959]]
Progressive lenticular degeneration:[[]]
Pseudosclerosis Cerebral:[[351], [889], [11235], [83605], [348], [3569], [8314], [4854], [3845], [1471], [7124], [7422], [4524], [5414], [7157], [4318], [1401], [7040], [8848], [4846], [55177], [4137], [3091], [5654], [441549], [3717], [1956], [7099], [627], [1636], [5295], [6532], [2099], [3586], [2147], [5243], [3553], [56934], [1813], [4790], [3576], [2064], [5728], [5743], [81618], [9370], [23378], [2153], [4879], [3383], [1499], [6774], [367], [207], [5444], [6347], [1312], [7421], [590], [5468], [6647], [5663], [3479], [4313], [183], [6622], [1557], [3458], [60502], [177], [3162], [3952], [7097], [7852], [5594], [2944], [338], [5621], [84547], [5054], [4208], [3146], [1906], [6285], [100820758], [7450], [6513], [23411], [11277], [4851], [6387], [85442], [3605], [2348], [335], [5290], [2952], [581], [140706], [3688], [960], [7276], [3606], [341], [3565], [2571], [4763], [10452], [3082], [2908], [7515], [23435], [4843], [5970], [857], [6696], [355], [2100], [3690], [11093], [5925], [120892], [51148], [217], [6648], [1432], [406938], [4035], [6531], [3480], [142], [8743], [2157], [3791], [9911], [185], [7080], [3672], [1191], [2244], [836], [3630], [8243], [4282], [328], [1543], [3417], [114548], [3949], [387], [4153], [6667], [10135], [9429], [4312], [6772], [3557], [3486], [4023], [1815], [3627], [3356], [6657], [1071], [4255], [4088], [1268], [4982], [2332], [1277], [19], [2247], [6934], [3552], [4204], [196], [406947], [958], [3064], [1116], [682], [3240], [2321], [5329], [59272], [4852], [4436], [2697], [23621], [2152], [4314], [8074], [56729], [361], [4128], [6352], [3014], [5159], [4089], [959]]
Pseudosclerosis:[[]]
