CDH:[[7422], [999], [55349], [9370], [2908], [3934], [1277], [4843], [7133], [5228], [1000], [23028], [2626], [5915], [406984], [1012], [7067], [7026], [1009], [406902], [79719], [80144], [158326], [341640], [84976], [6991], [56110]]
DIAPHRAGM UNILATERAL AGENESIS OF:[[]]
Hemidiaphragm Agenesis:[[]]
Hernia Congenital Diaphragmatic:[[780899], [7040], [1636], [2626], [4879], [2627], [23414], [183], [177], [4312], [6469], [3934], [4843], [2200], [7077], [406984], [406902], [1947], [64220], [745], [80144], [341640], [84976]]
CDH - Congenital diaphragmatic hernia:[[2626], [3934], [4843], [406984], [406902], [80144], [341640], [84976]]
Diaphragmatic Defect Congenital:[[2626], [2627], [7040], [4879], [1636], [7026], [2200]]
Hernias Diaphragmatic Congenital:[[7026]]
Unilateral Agenesis of Diaphragm:[[]]
DIAPHRAGMATIC DEFECT CONGENITAL:[[2626], [2627], [7040], [4879], [1636], [7026], [2200]]
HERNIA CONGENITAL DIAPHRAGMATIC:[[780899], [7040], [1636], [2626], [4879], [2627], [23414], [183], [177], [4312], [6469], [3934], [4843], [2200], [7077], [406984], [406902], [1947], [64220], [745], [80144], [341640], [84976]]
Congenital diaphragmatic hernia:[[7040], [1636], [2626], [4879], [2627], [183], [6469], [4312], [177], [3934], [4843], [2200], [23414], [7077], [406984], [406902], [1947], [64220], [745], [80144], [341640], [84976]]
HCD:[[1732], [7422], [4790], [978]]
HEMIDIAPHRAGM AGENESIS OF:[[]]
Agenesis of Hemidiaphragm:[[]]
Hemidiaphragm Ageneses:[[4534]]
Diaphragmatic Defects Congenital:[[4654], [7040], [2626], [4879], [1636], [2627], [7026], [6469], [183], [177], [2200], [406902], [1947], [64220], [745]]
Diaphragm Unilateral Ageneses:[[]]
DIH:[[]]
Diaphragm Unilateral Agenesis:[[]]
