HZ - Herpes zoster virus:[[]]
shingles:[[348], [3586], [7097], [10866]]
Varicella-zoster virus:[[7124], [3569], [6774], [207], [3123], [2475], [4790], [3553], [3458], [999], [5594], [5290], [7097], [1493], [472], [3119], [6667], [5595], [6772], [5599], [54106], [1385], [100507436], [3685], [9021], [7528], [10018], [3014], [3661], [22914], [4803], [3439], [1000], [3655], [4599], [1460], [10563], [3416], [6041], [6670], [10482], [6059], [11128], [80328], [79465], [55718]]
Varicella-Zoster Virus:[[7124], [3569], [6774], [207], [3123], [2475], [4790], [3553], [3458], [999], [5594], [5290], [7097], [1493], [472], [3119], [6667], [5595], [6772], [5599], [54106], [1385], [100507436], [3685], [9021], [7528], [10018], [3014], [3661], [22914], [4803], [3439], [1000], [3655], [4599], [1460], [10563], [3416], [6041], [6670], [10482], [6059], [11128], [80328], [79465], [55718]]
Varicella Zoster Virus:[[7124], [3569], [6774], [207], [3123], [2475], [4790], [3553], [3458], [999], [5594], [5290], [7097], [1493], [472], [3119], [6667], [5595], [6772], [5599], [54106], [1385], [100507436], [3685], [9021], [7528], [10018], [3014], [3661], [22914], [4803], [3439], [1000], [3655], [4599], [1460], [10563], [3416], [6041], [6670], [10482], [6059], [11128], [80328], [79465], [55718]]
zona:[[7082], [5047], [7784], [57829], [9414], [7783], [22917], [124626], [11055], [50624], [6677], [2099], [131368], [207], [170392], [2475], [2022], [7852], [27134], [1234], [5290], [2908], [2100], [7369], [1588], [1586], [1755], [7049], [1589], [6615], [1585], [101928303], [105373450], [100533195], [100421642], [100421623], [64730], [126987], [25937], [5581], [6950], [3762], [3624], [2516], [3305], [3164], [186], [2683], [8549], [100506658], [190], [2923], [3074], [226], [3284], [2813], [476], [2627], [10576], [7203], [1583], [10694], [10575], [7007], [6822], [10911], [4758], [49], [7417], [22948], [10159], [4158], [776], [2488], [7917], [4504], [1528], [10574], [53340], [10825], [5016], [26998], [9898], [89766], [421], [7142], [8372], [56246], [58494], [167], [83639], [2527], [1047], [7455], [2515], [64093], [4184], [54760], [344018], [10566], [100507588], [54742], [26206], [27120], [56], [22932], [2831], [284359], [431705], [144321], [22983], [57095], [8748], [160065], [11085], [8747], [121601], [390243], [2832], [6975], [203074], [148229], [203102], [8749], [200008], [255926], [136242], [283471], [116804918], [399967], [399968]]
VZ Virus:[[]]
Varicella-Zoster Viruses:[[]]
Herpes zoster Virus:[[]]
VZV - Varicella-zoster virus:[[472], [10018], [3661], [3014], [3655], [3416], [11128]]
HHV-3:[[]]
Herpes zoster:[[3106], [3586], [7015], [3105], [1234], [7097], [1719], [5133], [3627], [7098], [7442], [10866]]
Human (alpha) herpes virus 3:[[5290], [3106], [348], [3123], [282617], [7098], [3105], [860], [861], [332], [7124], [207], [9451], [6774], [3458], [3690], [1234], [912], [7874], [6772], [3586], [6773], [5970], [3661], [8764], [5294], [4088], [836], [5610], [5818], [3725], [7187], [7157], [8651], [114548], [3563], [546], [3685], [4599], [1499], [7132], [3570], [3569], [4792], [7040], [3439], [3678], [1029], [1471], [463], [6775], [1654], [4790], [7097], [351], [2064], [57506], [3596], [7099], [2833], [10488], [4318], [5371], [54106], [7015], [1965], [9531], [472], [1026], [3565], [4137], [23586], [925], [5879], [11035], [6891], [6720], [6667], [29110], [4000], [3456], [10013], [3627], [5133], [3309], [3932], [545], [2237], [1191], [90865], [7189], [4869], [6373], [9076], [5604], [3308], [4277], [3665], [998], [25939], [1514], [3303], [8517], [942], [4691], [7082], [8737], [5587], [1958], [4683], [941], [6778], [8837], [6591], [9575], [10015], [340061], [101180976], [6382], [5359], [3312], [7514], [29992], [7520], [7442], [3428], [2547], [1977], [1616], [10850], [148022], [1386], [3190], [1378], [1072], [10664], [5292], [1460], [3694], [6890], [7494], [637], [3054], [1785], [51652], [10524], [3181], [282618], [7251], [8473], [3482], [9759], [4283], [71], [6404], [1861], [4926], [3304], [10892], [4478], [5734], [1520], [7178], [5819], [8740], [5420], [7403], [5978], [4301], [9734], [3313], [2571], [1759], [5605], [164], [5629], [10611], [134], [667], [3803], [5732], [3337], [9046], [29843], [25803], [8851], [2829], [3660], [81622], [5861], [64806], [56832], [56300], [3696], [5494], [23650], [1512], [9282], [1820], [282616]]
Chickenpox Viruses:[[]]
Varicellae Herpesvirus:[[8740], [5818], [8764], [5819], [7157], [3569], [7124], [1956], [10480], [7422], [7040], [4790], [3091], [351], [4137], [4609], [6774], [207], [1499], [3106], [3845], [1029], [2475], [3576], [4193], [29126], [3458], [6347], [4780], [101056702], [4313], [920], [7097], [23411], [472], [3105], [5925], [1026], [332], [142], [406991], [3162], [5970], [3077], [2908], [3383], [2146], [355], [1432], [1027], [3690], [5133], [2305], [7098], [54106], [3958], [6772], [406947], [23586], [4869], [3320], [861], [682], [3558], [5781], [6790], [3065], [1869], [4615], [983], [4926], [1387], [3596], [1786], [1017], [1457], [5111], [8878], [1969], [285], [3308], [3956], [7189], [1958], [8678], [3014], [867], [3685], [5371], [2034], [5591], [5894], [30835], [1050], [3932], [567], [7424], [773], [5300], [9021], [7128], [79001], [3456], [4179], [10664], [3066], [326], [7874], [6778], [7341], [1051], [1977], [9212], [6502], [8517], [7514], [3428], [2353], [7704], [1509], [3661], [4830], [7329], [7528], [2547], [8737], [6198], [5175], [1508], [7520], [9817], [1147], [4691], [1021], [407018], [5430], [23476], [3439], [5335], [7042], [4067], [284], [3397], [7494], [3572], [29110], [25939], [64135], [6885], [283], [5901], [834], [3654], [1616], [407035], [176], [1649], [9235], [8863], [4261], [7184], [1843], [10155], [156], [340061], [3482], [7014], [406881], [26986], [3516], [7251], [3122], [57506], [406950], [4772], [708], [5076], [9564], [83737], [3636], [5451], [55512], [3459], [931], [51422], [406948], [5469], [8771], [1660], [9474], [290], [9641], [7913], [7374], [6197], [29102], [6670], [6839], [6195], [84444]]
Chickenpox Virus:[[]]
VZ Viruses:[[]]
Human herpesvirus 3:[[]]
Zona:[[7082], [5047], [7784], [57829], [9414], [7783], [22917], [124626], [11055], [50624], [6677], [2099], [131368], [207], [170392], [2475], [2022], [7852], [27134], [1234], [5290], [2908], [2100], [7369], [1588], [1586], [1755], [7049], [1589], [6615], [1585], [101928303], [105373450], [100533195], [100421642], [100421623], [64730], [126987], [25937], [5581], [6950], [3762], [3624], [2516], [3305], [3164], [186], [2683], [8549], [100506658], [190], [2923], [3074], [226], [3284], [2813], [476], [2627], [10576], [7203], [1583], [10694], [10575], [7007], [6822], [10911], [4758], [49], [7417], [22948], [10159], [4158], [776], [2488], [7917], [4504], [1528], [10574], [53340], [10825], [5016], [26998], [9898], [89766], [421], [7142], [8372], [56246], [58494], [167], [83639], [2527], [1047], [7455], [2515], [64093], [4184], [54760], [344018], [10566], [100507588], [54742], [26206], [27120], [56], [22932], [2831], [284359], [431705], [144321], [22983], [57095], [8748], [160065], [11085], [8747], [121601], [390243], [2832], [6975], [203074], [148229], [203102], [8749], [200008], [255926], [136242], [283471], [116804918], [399967], [399968]]
HZ - Herpes zoster:[[3586]]
Herpes zoster infection:[[3106], [3586], [7015], [3105], [1234], [7097], [5133], [3627], [7098], [7442], [10866]]
Human Herpesvirus 3:[[]]
Zoster [herpes zoster]:[[3106], [7124], [3569], [3586], [6774], [207], [3123], [4790], [3553], [2475], [7015], [999], [3458], [7097], [5594], [1493], [3105], [1234], [5290], [1719], [472], [3119], [5133], [6667], [5595], [6772], [5599], [54106], [3065], [3627], [7098], [1385], [100507436], [3685], [9021], [7442], [10018], [3014], [3066], [3661], [7528], [22914], [4803], [1000], [10866], [3439], [3655], [4599], [10563], [1460], [3416], [6041], [6670], [10482], [6059], [11128], [80328], [79465], [55718]]
Herpes zoster Viruses:[[]]
Herpes Zoster:[[3106], [3586], [7015], [3105], [1234], [7097], [1719], [5133], [3627], [7098], [7442], [10866]]
Shingles:[[348], [3586], [7097], [10866]]
Zoster:[[3106], [7124], [3569], [3586], [6774], [207], [3123], [4790], [3553], [2475], [7015], [999], [3458], [7097], [5594], [1493], [3105], [1234], [5290], [1719], [472], [3119], [5133], [6667], [5595], [6772], [5599], [54106], [3065], [3627], [7098], [1385], [100507436], [3685], [9021], [7442], [10018], [3014], [3066], [3661], [7528], [22914], [4803], [1000], [10866], [3439], [3655], [4599], [10563], [1460], [3416], [6041], [6670], [10482], [6059], [11128], [80328], [79465], [55718]]
Ocular Herpes zoster Virus:[[]]
Zoster NOS:[[6774], [3458], [6667]]
Herpesvirus 3 (alpha) Human:[[861], [3106], [3105], [332], [207], [7124], [7128], [3091], [6774], [2034], [3690], [7098], [3958], [6197], [920], [6773], [1432], [5970], [2908], [6772], [30835], [5093], [7157], [5530], [777], [3320], [9021], [3122], [1457], [1499], [3685], [1050], [1869], [3572], [867], [4609], [10379], [1956], [3845], [1147], [7040], [7422], [7341], [3458], [1029], [3439], [773], [3569], [3661], [6198], [3077], [834], [6347], [29126], [7097], [142], [351], [4790], [2475], [8878], [9235], [23187], [1021], [23411], [3459], [4137], [1649], [54106], [3576], [6195], [406991], [2045], [8740], [6670], [472], [4313], [4193], [3596], [5925], [4780], [6839], [5371], [1026], [5781], [4615], [5971], [1387], [3162], [3383], [355], [8764], [2146], [5818], [285], [7042], [1302], [1027], [30011], [4067], [5819], [406947], [5133], [3558], [23586], [5894], [284], [4869], [55512], [3065], [3308], [7424], [1786], [7189], [6249], [3456], [3932], [1017], [5175], [6778], [6790], [84444], [682], [1051], [1958], [8737], [5111], [1107], [3956], [5300], [23476], [1660], [25939], [64135], [3066], [7520], [4691], [567], [5591], [8517], [51422], [3014], [6885], [9212], [1508], [79671], [407018], [5335], [2353], [29110], [156], [1977], [2547], [1509], [3397], [4830], [7874], [7329], [7528], [1969], [10664], [203286], [4179], [5901], [7514], [407035], [57506], [3654], [9817], [2911], [9564], [1843], [283], [3482], [4772], [1616], [3428], [10155], [7494], [406950], [406948], [340061], [406881], [7704], [10454], [4926], [3636], [9641], [83737], [7251], [121504], [10519], [5469], [51330], [148022], [5629], [9020], [4600], [23657], [80380], [2043]]
