Seropositivity HIV:[[3106], [1234], [3119], [7157], [7040], [4318], [3123], [3553], [5743], [4193], [7097], [5133], [4843], [5621], [3627], [959], [958], [820], [3329], [90865], [7052], [2904], [26762], [2902], [1116], [4552], [6775], [4277], [3809]]
Seropositivities HTLV-III:[[]]
Positivities HIV Antibody:[[]]
Anti HIV Positivity:[[]]
Positivities Anti-HIV:[[]]
Seroconversion HIV:[[3106], [1234], [7124], [3586], [3123], [3458], [3119], [2532], [3606], [929], [282617], [3558], [3627], [3117], [3593], [2212], [729230], [6868], [59067], [174], [5196], [4938], [27178]]
HTLV-3 antibody positive:[[]]
Seropositivity AIDS:[[7157], [3106], [1234], [3123], [7097], [4277], [3627], [3329], [26762]]
Seropositivity HTLV-III:[[]]
Seroconversion AIDS:[[7124], [3586], [1234], [3106], [3123], [3458], [27178], [3606], [282617], [929], [3627], [3558], [3593], [729230], [59067], [2532]]
Seroconversions HIV:[[4153]]
Seroconversions HTLV-III:[[]]
Positivity HIV Antibody:[[3106], [4288], [3107], [4684], [7157], [3123], [3586], [1956], [1493], [7422], [7124], [4267], [29126], [3569], [3105], [7040], [2064], [1029], [2099], [3117], [960], [7099], [1401], [5133], [4790], [3558], [6774], [3559], [4137], [3630], [3091], [596], [5728], [4318], [4313], [1499], [5743], [207], [672], [3845], [4582], [7852], [100507436], [3146], [3119], [3815], [3481], [595], [7015], [4846], [999], [3383], [3791], [6387], [5054], [5290], [50943], [64135], [836], [238], [2335], [142], [4851], [8743], [4233], [6622], [5595], [356], [6772], [332], [8600], [387], [7490], [5329], [64127], [1813], [3560], [3082], [4353], [7076], [7133], [5747], [9429], [7057], [4088], [7153], [6513], [721], [7037], [2149], [3934], [350], [90865], [5241], [891], [7150], [8795], [2833], [22943], [7018], [174], [7535], [947], [1045], [5159], [7077], [10630], [3125], [3126], [768], [5228], [9076], [9173], [634], [6775], [50964], [6778], [4360], [643], [914], [23314], [8607], [3918], [945], [2069], [51592], [83417], [54675]]
Seropositivities HIV:[[3106], [1234], [3107], [30835], [904], [10524], [10318], [51341], [9730], [6895], [7424], [10553], [3105], [9235], [6122], [7157], [9733], [27336], [3267], [7124], [348], [10574], [4085], [7422], [3569], [7040], [8359], [1956], [11103], [3091], [3956], [3586], [351], [4739], [672], [4318], [6774], [100507436], [9370], [5243], [207], [3123], [4790], [7421], [3553], [1029], [10005], [5728], [5743], [1499], [7099], [6894], [3576], [2099], [5468], [4609], [54882], [1401], [4137], [2475], [3479], [29126], [596], [7015], [7852], [627], [3458], [4846], [4193], [4313], [3952], [920], [5594], [595], [1312], [6347], [3605], [4780], [1026], [5290], [7097], [23411], [4771], [960], [3845], [1493], [999], [472], [54726], [2903], [6387], [5054], [3146], [3119], [2532], [2908], [3162], [5970], [3383], [2146], [355], [50943], [3606], [5925], [3135], [8358], [1432], [3565], [55432], [142], [96610], [6714], [9420], [2147], [857], [3688], [3690], [5133], [836], [1636], [10866], [2932], [1906], [6648], [4153], [6667], [6531], [2064], [5879], [3958], [5595], [4312], [6647], [8743], [3791], [3725], [5091], [581], [114548], [387], [4288], [6532], [929], [2033], [23435], [6772], [4851], [4843], [19], [4000], [2247], [6934], [4869], [3552], [367], [5621], [3320], [282617], [4282], [2068], [3717], [5265], [2335], [213], [841], [332], [5599], [54106], [3558], [7450], [5578], [177], [2321], [7039], [7316], [1471], [3065], [5593], [1869], [3309], [1859], [6352], [5347], [1806], [3627], [8600], [7098], [983], [5888], [3077], [406938], [6622], [718], [356], [5329], [3117], [2309], [8352], [2944], [1387]]
Seroconversion HTLV-III:[[]]
Human immunodeficiency virus positive:[[7124], [3458], [7157], [3586], [6352], [3565], [348], [7098], [7097], [857], [729230], [920], [6387], [1654], [3558], [6348], [6347], [6376], [335], [3105], [3600], [7852], [1524], [3566], [3162], [2321], [5764], [5591], [6772], [2022], [6934], [659], [2309], [7421], [2641], [905], [4803], [3627], [6356], [3107], [100], [27161], [959], [8862], [3065], [5294], [3574], [5329], [30835], [1025], [6696], [5243], [1234], [904], [3096], [85363], [5478], [60489], [3456], [5133], [282617], [545], [4261], [282618], [7251], [1642], [3811], [3577], [1803], [5328], [94], [7528], [59], [2214], [684], [7514], [100507436], [91543], [10346], [6349], [246778], [71], [1673], [54658], [60], [967], [8399], [8451], [187], [83667], [3439], [10657], [1627], [10015], [5702], [58], [3735], [7187], [1555], [2289], [7874], [3134], [55894], [2821], [11168], [200316], [54210], [2770], [5976], [70], [5518], [10614], [79679], [3959], [6590], [10848], [29997], [2744], [4094], [72], [6596], [9730], [11267], [6430], [6431], [5516], [30834], [406966], [3267], [10219], [59269], [7368], [339390], [10738]]
Seropositivities AIDS:[[7124], [6387], [7157], [3107], [3586], [3569], [1234], [3559], [7422], [3106], [3570], [4057], [2492], [6774], [3123], [3458], [1401], [207], [2475], [4790], [7421], [29126], [3576], [7852], [5728], [1499], [999], [920], [27178], [3479], [4313], [3952], [7173], [4747], [355], [6347], [4153], [332], [7097], [3688], [4277], [3105], [3565], [2908], [7515], [5629], [3162], [3383], [3690], [3606], [3135], [2932], [1432], [142], [3791], [6352], [9734], [1906], [5879], [3075], [282617], [1576], [26580], [406938], [929], [23435], [3320], [2068], [3627], [2335], [10], [5599], [54106], [3558], [60489], [718], [356], [5329], [5608], [26018], [9555], [5111], [3685], [30835], [3620], [800], [3593], [7412], [6615], [7128], [7057], [729230], [9516], [2539], [6927], [5340], [4316], [2214], [5159], [6258], [6660], [64344], [947], [5058], [1555], [4035], [8856], [4904], [59067], [3329], [10599], [1051], [3678], [1977], [3115], [5175], [60495], [1548], [246778], [1535], [7528], [5579], [1025], [2956], [6198], [51284], [3575], [10010], [10866], [6591], [5787], [1524], [8850], [3611], [30834], [4050], [3574], [8542], [10212], [6441], [169792], [943], [2776], [5423], [2185], [7070], [5829], [1612], [26762], [1672], [4361], [1072], [11169], [2246], [6348], [2532], [57007], [4853], [494324], [406942], [1594], [1642], [7251], [405], [961], [1136], [9564], [2313], [6590], [2741], [6506], [3577], [79791], [6351], [9603], [6362], [3055], [10082], [5764], [9582], [101180976], [4208], [4928], [51280], [5934], [200316], [5062], [23314], [1001], [3587], [10747], [9034], [8065], [6992], [9501], [10663], [9585], [2729], [6373], [574452]]
Positivity Anti-HIV:[[3106], [7099], [7852], [6387], [3383], [1576], [3107], [925]]
HIV positive:[[7124], [7422], [3458], [3553], [7040], [3569], [7099], [207], [3146], [406991], [1956], [64127], [7157], [7474], [2475], [3479], [3717], [5155], [2247], [351], [6714], [1906], [3091], [25], [3593], [348], [3565], [6352], [5788], [650], [23411], [3630], [54106], [3952], [4851], [6774], [2150], [7097], [3965], [7424], [9370], [3123], [3791], [3606], [177], [51561], [3586], [6850], [1950], [51738], [948], [857], [54209], [3815], [5159], [3106], [1499], [1236], [183], [672], [90865], [972], [1234], [2185], [11315], [4088], [7098], [8767], [7057], [2149], [3265], [729230], [5970], [7189], [3105], [3558], [1654], [920], [4035], [4609], [8600], [1432], [7015], [596], [904], [64581], [5468], [6376], [2255], [998], [7042], [29108], [3605], [4780], [3107], [2064], [1660], [3481], [120892], [4023], [5595], [50943], [367], [2033], [10524], [7292], [1813], [2932], [6366], [472], [5578], [5728], [6622], [5879], [6868], [30835], [581], [3133], [572], [5594], [2147], [10891], [3596], [8737], [4318], [4790], [958], [975], [1435], [3643], [5743], [6375], [4089], [2625], [149233], [142], [3552], [3082], [29126], [5058], [5295], [3575], [6387], [2697], [7046], [6348], [2099], [3725], [407006], [6363], [3600], [4615], [7048], [335], [4067], [8829], [5747], [940], [6347], [3688], [1385], [5054], [7852], [57506], [5587], [1191], [5581], [3383], [718], [6422], [3845], [7494], [387], [23586], [2332], [3135], [3592], [4282], [3077], [3320], [4137], [2260], [627], [655], [6667], [154], [84868], [5781], [468], [114609], [5590], [3162], [654], [8772], [3326], [10318], [6188], [861], [3066], [5580]]
Seroconversions AIDS:[[4153]]
Human immunodeficiency virus (HIV) positive:[[7124], [3458], [7157], [3586], [348], [3565], [6352], [7098], [7097], [3107], [857], [1234], [30835], [729230], [920], [6387], [3105], [3558], [1654], [904], [6348], [6347], [6376], [3600], [7852], [335], [1524], [3162], [2321], [5591], [6772], [6934], [3566], [659], [7421], [2309], [2022], [5764], [3627], [9730], [959], [100], [27161], [4803], [3065], [5294], [5329], [5243], [3574], [1025], [905], [6356], [3267], [8862], [6696], [85363], [60489], [5478], [100507436], [3456], [5133], [282617], [3096], [545], [4261], [7251], [1642], [3811], [1803], [3577], [5328], [7528], [2214], [684], [59], [7514], [282618], [246778], [71], [10346], [6349], [91543], [60], [10015], [967], [8451], [1673], [3439], [10657], [54658], [58], [1627], [5702], [1555], [3735], [187], [8399], [3134], [11168], [30834], [200316], [55894], [83667], [5976], [70], [7187], [5518], [10614], [2821], [3959], [7874], [2289], [2770], [54210], [72], [6596], [6590], [6431], [6430], [5516], [4094], [11267], [2744], [10848], [10219], [7368], [339390], [10738]]
HTLV III Seropositivity:[[]]
HTLV III Seroconversion:[[]]
