Hodgkin's disease unspecified type:[[581]]
Hodgkin's Disease:[[4846], [2950], [581], [4843], [3596], [1191], [943], [6688], [3965], [5079], [2030], [7503], [930], [4068]]
Lymphoma Hodgkin:[[596], [604], [8915], [3119], [2625], [3596], [595], [4609], [648], [3123], [643], [10563], [5966], [602], [1236], [7157], [5820], [3122], [8626], [51341], [7124], [3106], [3586], [7422], [4026], [6929], [29126], [5551], [3569], [4524], [1029], [6774], [5743], [3717], [4790], [51752], [84868], [5133], [4277], [7040], [5243], [207], [5728], [605], [1499], [4851], [2475], [7421], [843], [3091], [4318], [581], [472], [50943], [1026], [2950], [673], [2146], [831], [6387], [5925], [332], [406991], [1493], [355], [2952], [2099], [7515], [3558], [7099], [3725], [836], [2944], [3565], [1027], [23411], [3105], [4049], [960], [8651], [943], [406947], [4255], [3958], [3952], [3791], [3458], [4313], [9332], [7128], [5594], [2247], [3559], [567], [3135], [2068], [4615], [3480], [10673], [4436], [3956], [25788], [8438], [2932], [7490], [3383], [6850], [3606], [2214], [3146], [10], [4780], [10018], [3600], [1869], [7514], [2100], [5347], [59067], [958], [54658], [5595], [4792], [6696], [8837], [5156], [4548], [3620], [2308], [3690], [3662], [196], [4683], [7298], [7424], [23405], [5777], [1111], [6778], [7132], [54106], [2321], [2309], [11200], [10320], [6513], [9021], [3627], [2212], [1977], [5079], [968], [3308], [1436], [1571], [8678], [2263], [3014], [639], [9314], [2885], [5292], [1268], [931], [7133], [57817], [768], [23705], [2034], [4067], [3716], [9], [6382], [10855], [7412], [5770], [2534], [7528], [9212], [64084], [1019], [3939], [6777], [5788], [7508], [5293], [7077], [7187], [1958], [6688], [5294], [6664], [1901], [572], [3566], [10643], [3663], [891], [6364], [10419]]
Hodgkin granuloma:[[]]
Malignant Lymphogranulomas:[[]]
Hodgkin's disease:[[4846], [2950], [581], [4843], [3596], [1191], [943], [6688], [3965], [5079], [2030], [7503], [930], [4068]]
Hodgkin's Granuloma:[[]]
HODGKIN LYMPHOMA:[[596], [604], [8915], [3119], [2625], [3596], [595], [4609], [648], [3123], [643], [10563], [5966], [602], [1236], [7157], [5820], [3122], [8626], [51341], [7124], [3106], [3586], [7422], [4026], [6929], [29126], [5551], [3569], [4524], [1029], [6774], [5743], [3717], [4790], [51752], [84868], [5133], [4277], [7040], [5243], [207], [5728], [605], [1499], [4851], [2475], [7421], [843], [3091], [4318], [581], [472], [50943], [1026], [2950], [673], [2146], [831], [6387], [5925], [332], [406991], [1493], [355], [2952], [2099], [7515], [3558], [7099], [3725], [836], [2944], [3565], [1027], [23411], [3105], [4049], [960], [8651], [943], [406947], [4255], [3958], [3952], [3791], [3458], [4313], [9332], [7128], [5594], [2247], [3559], [567], [3135], [2068], [4615], [3480], [10673], [4436], [3956], [25788], [8438], [2932], [7490], [3383], [6850], [3606], [2214], [3146], [10], [4780], [10018], [3600], [1869], [7514], [2100], [5347], [59067], [958], [54658], [5595], [4792], [6696], [8837], [5156], [4548], [3620], [2308], [3690], [3662], [196], [4683], [7298], [7424], [23405], [5777], [1111], [6778], [7132], [54106], [2321], [2309], [11200], [10320], [6513], [9021], [3627], [2212], [1977], [5079], [968], [3308], [1436], [1571], [8678], [2263], [3014], [639], [9314], [2885], [5292], [1268], [931], [7133], [57817], [768], [23705], [2034], [4067], [3716], [9], [6382], [10855], [7412], [5770], [2534], [7528], [9212], [64084], [1019], [3939], [6777], [5788], [7508], [5293], [7077], [7187], [1958], [6688], [5294], [6664], [1901], [572], [3566], [10643], [3663], [891], [6364], [10419]]
Hodgkin lymphoma unspecified:[[596], [8915], [595], [4609], [7157], [602], [7124], [7422], [6774], [1029], [207], [4790], [1026], [5743], [5925], [2099], [7040], [3725], [836], [1499], [472], [3091], [7421], [581], [673], [3558], [355], [6387], [3791], [8651], [1027], [5594], [7128], [960], [5595], [4792], [8837], [3559], [2308], [4436], [2885], [6850], [2932], [2100], [5347], [10018], [7514], [1111], [1019], [7424], [7132], [2321], [1436], [11200], [1977], [3014], [1268], [4067], [7133], [2534], [3716], [891], [1901], [7187], [5294], [9020], [5579], [572], [3566], [6885], [3297], [4914], [283], [56616], [5598], [1965], [3020], [55743], [1031], [608]]
Hodgkin lymphoma:[[596], [604], [8915], [3119], [2625], [3596], [595], [4609], [648], [3123], [643], [10563], [5966], [602], [1236], [7157], [5820], [3122], [8626], [51341], [7124], [3106], [3586], [7422], [4026], [6929], [29126], [5551], [3569], [4524], [1029], [6774], [5743], [3717], [4790], [51752], [84868], [5133], [4277], [7040], [5243], [207], [5728], [605], [1499], [4851], [2475], [7421], [843], [3091], [4318], [581], [472], [50943], [1026], [2950], [673], [2146], [831], [6387], [5925], [332], [406991], [1493], [355], [2952], [2099], [7515], [3558], [7099], [3725], [836], [2944], [3565], [1027], [23411], [3105], [4049], [960], [8651], [943], [406947], [4255], [3958], [3952], [3791], [3458], [4313], [9332], [7128], [5594], [2247], [3559], [567], [3135], [2068], [4615], [3480], [10673], [4436], [3956], [25788], [8438], [2932], [7490], [3383], [6850], [3606], [2214], [3146], [10], [4780], [10018], [3600], [1869], [7514], [2100], [5347], [59067], [958], [54658], [5595], [4792], [6696], [8837], [5156], [4548], [3620], [2308], [3690], [3662], [196], [4683], [7298], [7424], [23405], [5777], [1111], [6778], [7132], [54106], [2321], [2309], [11200], [10320], [6513], [9021], [3627], [2212], [1977], [5079], [968], [3308], [1436], [1571], [8678], [2263], [3014], [639], [9314], [2885], [5292], [1268], [931], [7133], [57817], [768], [23705], [2034], [4067], [3716], [9], [6382], [10855], [7412], [5770], [2534], [7528], [9212], [64084], [1019], [3939], [6777], [5788], [7508], [5293], [7077], [7187], [1958], [6688], [5294], [6664], [1901], [572], [3566], [10643], [3663], [891], [6364], [10419]]
Hodgkin disease:[[3586], [5743], [29126], [50829], [472], [3606], [5133], [836], [7514], [1236], [6688], [639], [8408], [602], [6249]]
Hodgkin's granuloma:[[]]
Hodgkin's paragranuloma (clinical):[[3123], [6387], [3122], [7157], [4233], [2625], [7422], [3119], [1559], [3586], [7124], [5243], [3569], [3559], [207], [2064], [3091], [4318], [5743], [4790], [3106], [2309], [596], [367], [3553], [3576], [1029], [5728], [3593], [2944], [4846], [3952], [4609], [2475], [4193], [3717], [4313], [2950], [675], [332], [2952], [1234], [5290], [3565], [1493], [1027], [3383], [2146], [3606], [3105], [5133], [5925], [3135], [4255], [3480], [581], [9429], [238], [3958], [3082], [3557], [4602], [2068], [929], [7490], [4204], [5781], [4843], [2247], [5820], [7076], [1543], [959], [3558], [10673], [682], [354], [2214], [5966], [11186], [2033], [10018], [7424], [7161], [947], [3725], [1803], [7077], [94025], [3065], [1387], [1571], [3596], [4363], [943], [2735], [5295], [4049], [6401], [604], [567], [283120], [1191], [768], [216], [4830], [841], [7153], [4792], [4683], [7128], [92140], [350], [898], [1111], [1977], [1437], [842], [6850], [1244], [10643], [6678], [3002], [2264], [6624], [5079], [406952], [8837], [1540], [931], [1236], [27086], [3578], [57379], [7083], [8320], [30009], [2030], [10767], [8841], [1235], [639], [6653], [9961], [3939], [3662], [572], [6361], [2736], [4791], [6402], [720], [8741], [10395], [6688], [406984], [406900], [930], [3965], [2208], [407046], [7503], [4486], [939], [79444], [3398], [7850], [4068], [5795], [5583], [6504], [2947], [7072], [104], [7280], [387893], [112398], [2323], [8809], [974], [11026], [3590], [399], [8445], [574504], [56919]]
HD - Hodgkin's disease:[[3965], [3596], [2030], [7503], [4068]]
Malignant Lymphogranuloma:[[]]
LYMPHOMA HODGKIN CLASSIC:[[596], [2625], [4609], [643], [7157], [10563], [5966], [8626], [7124], [3106], [3569], [3717], [7422], [29126], [673], [5743], [5133], [7040], [4790], [207], [472], [7421], [3091], [581], [50943], [1493], [5925], [2099], [1027], [3565], [3958], [4313], [9332], [7128], [3480], [3956], [200942], [2932], [2100], [5347], [8837], [4683], [6513], [6778], [1977], [9314], [931], [57817], [768], [7077], [891], [6664], [921], [6361], [890], [10381], [973], [406925], [3670], [1031]]
Hodgkin's disease (clinical):[[4846], [2950], [581], [4843], [3596], [1191], [943], [5079], [2030], [6688], [930], [3965], [7503], [4068]]
Hodgkin's paragranuloma:[[2625], [7157], [7422], [3586], [5243], [7124], [3569], [207], [3123], [2064], [5743], [4318], [3091], [3106], [4790], [596], [367], [4602], [3576], [3553], [1029], [5728], [2944], [4846], [3952], [4609], [4193], [2475], [3717], [4313], [2950], [4233], [3105], [675], [5966], [3122], [5820], [332], [2952], [6387], [1234], [3565], [5290], [1493], [3119], [1027], [3383], [2146], [3606], [5133], [5925], [3135], [4255], [3480], [2247], [581], [1543], [238], [9429], [3958], [3082], [1559], [3725], [3557], [2068], [929], [7490], [2033], [4843], [4204], [10673], [841], [682], [3558], [7161], [5781], [2309], [3065], [1191], [7076], [3559], [1387], [1571], [1803], [3596], [959], [7128], [5295], [4049], [4792], [283120], [354], [2214], [11186], [3593], [6850], [4683], [7153], [567], [7424], [943], [1958], [1111], [10018], [6401], [604], [7077], [3066], [4363], [768], [216], [1977], [6678], [2735], [947], [898], [94025], [8837], [4830], [842], [92140], [8320], [1244], [3002], [10767], [350], [1236], [57379], [1437], [8841], [10643], [931], [406952], [4791], [2264], [4361], [1540], [6624], [3939], [572], [2023], [6402], [6688], [406984], [30009], [6653], [3965], [8741], [3662], [27086], [10111], [7187], [5079], [399717], [894], [2030], [7503], [3578], [6361], [10395], [4486], [2736], [1235], [79444], [639], [720], [2208], [930], [407046], [7083], [4068], [3398], [406900], [9961], [939], [5583], [5795], [7850], [2947], [7072], [104], [7280], [6504], [387893], [112398], [2323], [8809], [974], [6449], [973], [9774], [442892], [7205], [4862], [11026], [3590], [399], [5450], [27434], [944]]
CHL:[[91851], [200942], [3569], [29126], [596], [3717], [3105], [406991], [4233], [5925], [3135], [5133], [2247], [2308], [3559], [5371], [4792], [23586], [7424], [174], [652], [4363], [6382], [8837], [3133], [1436], [6777], [6688], [467], [6304], [6566], [639], [5966], [4486], [4267], [53335], [602], [9122], [968], [9804], [8364], [1997], [64236], [29920], [54511]]
Malignant Granulomas:[[]]
Hodgkins Disease:[[943]]
HODGKIN DISEASE:[[3586], [5743], [29126], [50829], [472], [3606], [5133], [836], [7514], [1236], [6688], [639], [8408], [602], [6249]]
Hodgkins Granuloma:[[]]
Hodgkin Disease:[[3586], [5743], [29126], [50829], [472], [3606], [5133], [836], [7514], [1236], [6688], [639], [8408], [602], [6249]]
Malignant Granuloma:[[]]
Hodgkin lymphoma no ICD-O subtype:[[3091], [4318], [4851], [960]]
Lymphoma Hodgkins:[[53335], [7124], [7422], [3569], [5743], [3576], [142], [3557], [2100], [943], [3417], [6778], [3662], [931], [3400]]
Hodgkin Granuloma:[[]]
Lymphoma Hodgkin's:[[596], [2625], [604], [238], [3119], [5820], [4609], [57379], [5966], [1236], [3596], [3122], [3123], [3106], [7157], [7422], [4602], [3586], [7124], [5243], [3569], [207], [5743], [4790], [1029], [5728], [2475], [4193], [3717], [3091], [4318], [2950], [3576], [332], [581], [6387], [2944], [4233], [5290], [2952], [3565], [1027], [399717], [2146], [5133], [5925], [2064], [367], [3105], [3725], [1493], [675], [3553], [4255], [3952], [2247], [4313], [3558], [10673], [3958], [8320], [3559], [2068], [9429], [3480], [7128], [4049], [10767], [3135], [2214], [3383], [6850], [567], [10018], [682], [943], [3557], [3606], [3082], [7490], [3065], [4792], [1387], [4843], [5781], [929], [2033], [1191], [959], [1543], [1559], [7076], [2309], [4683], [1803], [7424], [4204], [1111], [8837], [7161], [406952], [931], [7153], [1977], [841], [1571], [2735], [3662], [27086], [3066], [283120], [768], [3593], [5079], [5295], [354], [11186], [639], [898], [94025], [7077], [1958], [4830], [6678], [3939], [947], [8741], [6401], [572], [10643], [4363], [7187], [216], [842], [894], [92140], [1244], [3002], [30009], [930], [350], [3578], [4361], [79444], [6688], [6624], [2208], [6361], [1437], [8841], [4791], [1540], [10111], [939], [2264], [406984], [6653], [2030], [10395], [2023], [1235], [6402], [3398], [974], [2736], [4486], [720], [9961], [407046], [7083], [4068], [973], [5583], [406900], [5795], [7072], [7850], [2947], [104], [7280], [6504], [387893], [5450], [112398], [2323], [6449], [442892], [9774], [944], [399], [7205], [4862], [11026], [3590], [27434], [8445], [51177], [4065], [3535], [9529]]
Malignant lymphoma Hodgkin's:[[3091], [4790], [1029], [1027], [2146], [3559], [57379], [931], [4068]]
Hodgkin lymphoma no International Classification of Diseases for Oncology subtype:[[]]
Hodgkin's granuloma (clinical):[[]]
