HUNTINGTON CHOREA:[[4133]]
HC - Huntington chorea:[[]]
HD:[[3064], [25939], [3965], [7157], [7040], [7124], [348], [1956], [55893], [51170], [51347], [3586], [627], [9832], [672], [3632], [9370], [3123], [7421], [374659], [3479], [4879], [3106], [999], [4780], [596], [2944], [1813], [3958], [2147], [5727], [2952], [51020], [4851], [3105], [3077], [7515], [3162], [50943], [3606], [3565], [55088], [7450], [177], [1471], [142], [51738], [64127], [3630], [4282], [1906], [4153], [6531], [4982], [5595], [4312], [8074], [54658], [3082], [19], [6934], [282617], [1815], [213], [5599], [4088], [1268], [10891], [2309], [1387], [4314], [2308], [407040], [8600], [6657], [1116], [10135], [3596], [9518], [23405], [11093], [3593], [2212], [7139], [6794], [203228], [3240], [3308], [5806], [135], [811], [2214], [57817], [7052], [2056], [3600], [9365], [3689], [23586], [5950], [1814], [197], [2904], [5624], [7341], [10599], [3674], [149233], [3551], [5741], [7508], [2641], [3297], [102], [3592], [4221], [8862], [252995], [4915], [7345], [632], [26762], [9332], [10664], [1991], [283131], [249], [3684], [1673], [4552], [79923], [7158], [2668], [2169], [1670], [706], [5725], [2660], [1003], [7337], [6329], [4217], [919], [652995], [6616], [6863], [2030], [9611], [337], [27086], [6517], [5451], [29102], [4985], [7503], [317], [2798], [3145], [25930], [22926], [1734], [3060], [8766], [5997], [7704], [10911], [27429], [4068], [7050], [23213], [4133], [1511], [29072], [794], [2071], [8740], [6515], [3804], [2878], [4303], [100132285], [11091], [8639], [2913], [9869], [2898], [9101], [5520], [5608], [64919], [8997], [501], [5367], [10312], [2990], [6314], [6788], [3092], [146433], [1671]]
Progressive Chorea Hereditary Chronic (Huntington):[[23435]]
HD - Huntington chorea:[[4133]]
Huntington's disease:[[7157], [627], [3569], [4524], [55893], [6774], [4137], [207], [3064], [56731], [1312], [6532], [2475], [3479], [4313], [5594], [472], [4780], [6647], [1813], [3135], [1432], [51738], [5879], [3958], [10891], [324], [114548], [4128], [1268], [135], [4968], [4088], [1385], [5580], [2688], [11315], [10018], [4804], [7415], [4157], [7345], [7077], [6093], [10059], [4803], [4852], [3297], [4915], [2597], [6908], [102], [5335], [51561], [8877], [1020], [2904], [1673], [29110], [1269], [2185], [6446], [406996], [10419], [406928], [5978], [1356], [406907], [7323], [6863], [22933], [27086], [5725], [2903], [4129], [2166], [406940], [5395], [2030], [1760], [2002], [22926], [835], [406903], [6872], [22861], [2572], [2555], [3836], [1128], [839], [10197], [8767], [2915], [29072], [794], [6515], [6009], [23236], [4437], [1270], [3710], [29979], [1152], [9869], [2898], [51366], [6558], [5905], [54541], [1491], [3092], [29978], [1718], [8851], [5602], [6314], [54472], [1822], [5550], [116443], [6431], [10694], [8997], [50], [9568], [4666], [22809], [9001], [6237], [8879], [3093], [57498], [10846], [10915], [80331], [9322], [10564], [22909], [57338], [22894], [51667], [5332], [23390], [4291], [23001], [23551], [23475], [140890], [8079], [6038], [724066], [57801], [114769], [100507043], [25763]]
Chronic progressive hereditary chorea:[[]]
Huntington Disease:[[3064], [109461479], [5621], [7157], [1956], [7422], [7040], [4524], [55893], [627], [109029536], [3952], [23411], [1813], [2932], [51738], [6667], [406938], [10891], [23435], [841], [5578], [4128], [4968], [1268], [2309], [7052], [203228], [5566], [3014], [2904], [57338], [9817], [6908], [9927], [834], [406996], [2668], [2903], [4129], [4747], [5978], [1386], [5216], [407004], [4487], [7051], [5710], [7942], [115004], [5122], [10197], [9869], [1808], [9555], [7053], [793], [28964], [8997], [5126], [10846], [1132], [55660], [8564], [253430], [10114], [22909], [246744], [3208], [3300], [6259], [22895], [23551], [55081], [64130]]
Huntington Chronic Progressive Hereditary Chorea:[[]]
Huntington Chorea:[[4133]]
Huntington's Disease:[[7157], [627], [3569], [4524], [55893], [6774], [4137], [207], [3064], [56731], [1312], [6532], [2475], [3479], [4313], [5594], [472], [4780], [6647], [1813], [3135], [1432], [51738], [5879], [3958], [10891], [324], [114548], [4128], [1268], [135], [4968], [4088], [1385], [5580], [2688], [11315], [10018], [4804], [7415], [4157], [7345], [7077], [6093], [10059], [4803], [4852], [3297], [4915], [2597], [6908], [102], [5335], [51561], [8877], [1020], [2904], [1673], [29110], [1269], [2185], [6446], [406996], [10419], [406928], [5978], [1356], [406907], [7323], [6863], [22933], [27086], [5725], [2903], [4129], [2166], [406940], [5395], [2030], [1760], [2002], [22926], [835], [406903], [6872], [22861], [2572], [2555], [3836], [1128], [839], [10197], [8767], [2915], [29072], [794], [6515], [6009], [23236], [4437], [1270], [3710], [29979], [1152], [9869], [2898], [51366], [6558], [5905], [54541], [1491], [3092], [29978], [1718], [8851], [5602], [6314], [54472], [1822], [5550], [116443], [6431], [10694], [8997], [50], [9568], [4666], [22809], [9001], [6237], [8879], [3093], [57498], [10846], [10915], [80331], [9322], [10564], [22909], [57338], [22894], [51667], [5332], [23390], [4291], [23001], [23551], [23475], [140890], [8079], [6038], [724066], [57801], [114769], [100507043], [25763]]
Huntington's Chorea:[[7102]]
Huntington chorea:[[4133]]
HUNTINGTON DISEASE:[[3064], [109461479], [5621], [7157], [1956], [7422], [7040], [4524], [55893], [627], [109029536], [3952], [23411], [1813], [2932], [51738], [6667], [406938], [10891], [23435], [841], [5578], [4128], [4968], [1268], [2309], [7052], [203228], [5566], [3014], [2904], [57338], [9817], [6908], [9927], [834], [406996], [2668], [2903], [4129], [4747], [5978], [1386], [5216], [407004], [4487], [7051], [5710], [7942], [115004], [5122], [10197], [9869], [1808], [9555], [7053], [793], [28964], [8997], [5126], [10846], [1132], [55660], [8564], [253430], [10114], [22909], [246744], [3208], [3300], [6259], [22895], [23551], [55081], [64130]]
Chronic progressive chorea:[[]]
Huntington's chorea:[[7102]]
