Fibromatosis Hyalinica Multiplex Juvenilis:[[2099], [1029], [324], [5925], [4288], [7030]]
Juvenile hyaline fibromatosis:[[118429], [7040]]
HYALINE FIBROMATOSIS SYNDROME:[[118429], [7040]]
Systemic Juvenile Hyalinoses:[[3123], [5133], [3569], [5071], [4089], [3117], [7128], [6247], [3119], [6775], [4282], [3663], [919], [7124], [26191], [7157], [3586], [10665], [7422], [1813], [7040], [1080], [7421], [3553], [2099], [1401], [7099], [1956], [3480], [50943], [6774], [207], [3606], [4524], [3458], [3106], [3479], [3576], [3605], [627], [3115], [4982], [1234], [6347], [3146], [7097], [355], [7369], [1906], [367], [3815], [4153], [5743], [3845], [4204], [3717], [3135], [596], [5728], [7852], [3383], [6696], [406938], [1380], [3565], [114548], [177], [3162], [1499], [3934], [3557], [3552], [3558], [920], [673], [5972], [3627], [57817], [2952], [54106], [6622], [6532], [8743], [6352], [3559], [4193], [154], [4312], [10135], [2147], [7076], [3596], [56729], [675], [4137], [2554], [8600], [332], [10673], [51738], [5806], [406947], [7412], [22861], [929], [6772], [2100], [3105], [6280], [5290], [4353], [4314], [2200], [836], [356], [2247], [7133], [7132], [4210], [861], [100507436], [149233], [1803], [219285], [51284], [7098], [847], [23418], [3439], [4893], [22914], [6667], [4843], [3953], [10631], [720], [6279], [9332], [8651], [4049], [5580], [8741], [846], [5111], [2621], [302], [406937], [1788], [721], [558], [4792], [54210], [283120], [6283], [6776], [406910], [590], [1240], [1236], [100133941], [23274], [3002], [1991], [3329], [24], [27178], [6348], [2833], [5428], [3566], [54790], [727], [5551], [55576], [7056], [1390], [7042], [4261], [695], [1437], [55600], [144811], [7078], [58191], [115352], [1435], [23569], [1311], [4599], [1021], [712], [7185], [7039], [6890], [406942], [10461], [3554], [51752], [4283], [2023]]
Systemic Hyalinosis:[[7040], [118429]]
Systemic Juvenile Hyalinosis:[[7040], [118429]]
Syndromes Hyaline Fibromatosis:[[7040]]
Syndrome Hyaline Fibromatosis:[[118429], [7040]]
Juvenile Hyaline Fibromatosis:[[118429], [7040]]
HFS:[[118429], [5243], [5054], [1277], [5328], [59341], [406902], [406957], [86614], [159119]]
Syndrome Murray:[[]]
Juvenile Hyalinoses:[[5071], [4089], [6247], [4653], [57679], [3569], [867], [3123], [148738], [4867], [1080], [5781], [7124], [657], [4282], [7157], [3586], [3480], [7422], [4763], [65059], [7040], [1956], [7369], [7421], [4524], [207], [114327], [3553], [2099], [1401], [3106], [5728], [5743], [7099], [1001], [50943], [3845], [627], [66008], [596], [6774], [3606], [5972], [367], [673], [117583], [6622], [4982], [6532], [1499], [3458], [3605], [3479], [3576], [777643], [50715], [26191], [65062], [4137], [2554], [4193], [777645], [3717], [3119], [79679], [1545], [10280], [920], [3162], [7852], [675], [55437], [3146], [1234], [6347], [5820], [574078], [574077], [449018], [100750238], [100689490], [100126594], [60491], [7097], [79800], [355], [4153], [3077], [332], [5290], [3815], [2952], [130540], [2147], [5133], [3105], [1813], [3135], [3565], [9582], [65061], [3383], [154], [6696], [2100], [406938], [177], [22861], [8743], [51738], [4535], [65065], [836], [150864], [8600], [4893], [114548], [1906], [6667], [4312], [3934], [4314], [2247], [3557], [3552], [4204], [79864], [5087], [3064], [3558], [929], [2562], [6772], [4567], [4843], [6352], [2521], [57817], [5880], [406947], [3627], [861], [54106], [3117], [6790], [4353], [3559], [7050], [56729], [151254], [3953], [23405], [3481], [1497], [4210], [7132], [100507436], [7098], [130026], [3784], [10135], [356], [7076], [1387], [1803], [3596], [27350], [846], [7412], [5111], [10673], [6280], [149233], [64478], [3172], [1385], [406937], [5580], [2200], [5806], [65018], [7128], [4540], [4513], [6927], [302], [5894], [4512], [4049], [4792], [7133], [283120], [1788], [6323], [1240], [6775], [652], [10631], [221037]]
Puretic syndrome:[[3757], [1280], [114548], [3753], [2074], [7157], [348], [1281], [51085], [546], [80184], [7466], [3845], [673], [8481], [5728], [8195], [7486], [641], [2706], [2317], [4292], [91147], [8626], [1540], [4000], [54658], [1161], [7490], [2033], [6331], [4023], [1071], [5781], [4436], [2263], [3643], [7291], [3784], [2261], [2260], [582], [10806], [8085], [10083], [367], [4683], [207], [84062], [3123], [7468], [4647], [4952], [2200], [1029], [7399], [4810], [201163], [2969], [10804], [6949], [7227], [2492], [775], [7840], [2316], [5428], [3730], [5080], [585], [1278], [54487], [5604], [55612], [2121], [811], [5290], [132884], [4281], [116442], [84100], [2812], [5077], [64127], [79068], [6663], [783], [338], [57167], [1130], [9968], [2332], [1277], [3990], [10743], [7456], [19], [2122], [3265], [6737], [84059], [6741], [3481], [6513], [4089], [23111], [2646], [356], [1285], [1387], [26585], [8976], [7504], [1827], [331], [23405], [9401], [65217], [4893], [672], [4692], [9569], [5894], [4277], [6774], [3117], [1401], [1788], [7401], [7128], [3570], [545], [10163], [583], [10682], [124590], [129880], [54808], [27241], [2138], [79738], [4137], [2475], [60], [3897], [5159], [1364], [8091], [5885], [79803], [2811], [2956], [9993], [5460], [4286], [675], [3717], [8220], [80144], [80025], [999], [3973], [79621], [4193], [64135], [1145], [55212], [2645], [27031], [4851], [1493], [10535], [2131], [1910], [7122], [9031], [4853], [1134], [2146], [100188856], [355], [50943], [105259599], [2153], [9652], [10908], [3664], [7020], [8214], [5308], [10062], [8517], [5076], [27019], [5189], [5395], [1287], [1906], [25825], [3759]]
Juvenile Hyalinosis:[[7040], [118429]]
Systemic hyalinosis:[[7040], [118429]]
Systemic Hyalinoses:[[5133], [3123], [7100], [3117], [7128], [2113], [3684], [3119], [3663], [6775], [919], [3569], [7292], [9474], [7332], [10318], [3394], [640], [3918], [23534], [10320], [1493], [7157], [1636], [4282], [1813], [960], [3665], [7124], [11277], [26191], [7422], [1445], [7040], [639], [2212], [4846], [2064], [4855], [2099], [3586], [1956], [4318], [6774], [9370], [1401], [348], [7421], [3553], [1027], [4524], [7099], [5156], [4879], [3576], [54899], [3479], [29126], [3091], [3952], [3115], [627], [3458], [207], [4790], [10665], [55024], [1906], [5444], [2213], [1234], [6347], [3605], [22806], [5468], [367], [7097], [5243], [64695], [3106], [351], [57661], [3146], [3815], [2908], [7852], [3383], [6696], [3845], [355], [50943], [4204], [3606], [5054], [221895], [3717], [3135], [185], [5743], [1380], [57705], [2475], [4313], [672], [1029], [4153], [2690], [177], [406991], [5728], [2944], [3934], [1499], [3557], [404714], [3565], [596], [114548], [26298], [406938], [23411], [3552], [9232], [673], [6387], [54887], [4780], [1312], [3118], [54106], [2952], [3558], [920], [1773], [3075], [6648], [999], [3627], [1026], [1080], [335], [154], [3958], [7515], [6622], [170682], [718], [4312], [4982], [10135], [6647], [3162], [6532], [8743], [7076], [2147], [4609], [3596], [56729], [6352], [675], [4137], [90865], [4193], [4582], [959], [213], [958], [332], [941], [7450], [1997], [3082], [51176], [1557], [51738], [5594], [3559], [5806], [1786], [796], [406947], [57817], [59272], [3122], [10673], [282849], [192679], [192677], [100379200], [100322878], [100196918], [100190928], [100188804], [100188803], [100188798], [183], [929], [3120], [6772]]
Systemic Hyalinosis Infantile:[[118429]]
Juvenile Hyaline Fibromatoses:[[]]
Systemic Hyalinoses Infantile:[[7128], [3569], [6774], [7422], [114548], [7124], [335], [3791], [5159], [3586], [1277], [4855], [4318], [7421], [3553], [673], [3479], [207], [5243], [4854], [1591], [2908], [249], [355], [2475], [4313], [4153], [177], [5728], [7535], [340061], [4982], [8743], [90865], [213], [183], [8600], [2321], [1565], [4851], [356], [2554], [4210], [4000], [196], [6401], [7137], [7139], [51062], [2308], [4088], [4053], [153], [659], [5176], [9997], [4842], [85480], [186], [604], [5080], [3767], [1280], [5428], [6441], [5167], [4914], [1394], [284], [2167], [57582], [9971], [634], [3290], [1435], [5972], [3554], [3291], [118429], [1282], [6439], [3587], [54567], [7177], [4938], [199], [9547], [3588], [56975], [9723]]
Syndromes Puretic:[[7157], [7124], [7040], [1471], [3569], [56983], [7422], [5728], [4879], [1401], [3091], [6774], [3586], [3845], [4524], [7099], [3123], [4790], [672], [4318], [5243], [207], [351], [6532], [8626], [9370], [367], [673], [7421], [3553], [1029], [1557], [3106], [4846], [2475], [3717], [3479], [5290], [596], [3952], [7015], [7852], [4609], [3458], [675], [4137], [999], [3417], [114548], [29126], [3162], [5979], [2146], [5594], [2944], [472], [595], [4193], [3605], [7490], [1493], [2263], [861], [6347], [1026], [335], [332], [5781], [4149], [7450], [2952], [406991], [23411], [4000], [960], [1813], [6387], [3146], [3119], [3077], [3815], [7515], [1565], [6331], [4869], [355], [2932], [1432], [3480], [183], [2322], [142], [3690], [5133], [836], [4282], [1543], [406938], [3784], [3958], [2261], [5595], [3043], [4312], [8743], [2152], [7428], [3557], [3757], [338], [5747], [4893], [4255], [54658], [3265], [929], [54790], [4353], [2332], [1277], [4843], [11093], [3320], [6323], [3039], [406947], [2068], [5265], [7132], [6280], [54106], [1071], [4436], [2260], [23451], [11200], [2778], [1869], [8074], [56729], [3953], [4128], [1788], [3486], [4170], [57817], [3418], [4089], [959], [3643], [3627], [958], [255738], [7291], [5329], [26191], [3198], [2309], [2200], [1387], [9518], [1786], [4763], [4297], [7137], [4615], [1457], [7139], [1116], [116519], [5465], [1385], [2896], [5027], [3559], [3667], [4018], [811], [6390], [2022], [2212], [6794], [2316], [2056], [947], [203228], [5428], [4792], [1050], [268], [3689], [1958], [2214], [6392], [11315], [9212], [7442], [3014], [6786], [6335]]
Syndrome Puretic:[[3757], [1280], [114548], [3753], [2074], [7157], [348], [1281], [51085], [546], [80184], [7466], [3845], [673], [8481], [5728], [8195], [7486], [641], [2706], [2317], [4292], [91147], [8626], [1540], [4000], [54658], [1161], [7490], [2033], [6331], [4023], [1071], [5781], [4436], [2263], [3643], [7291], [3784], [2261], [2260], [582], [10806], [8085], [10083], [367], [4683], [207], [84062], [3123], [7468], [4647], [4952], [2200], [1029], [7399], [4810], [201163], [2969], [10804], [6949], [7227], [2492], [775], [7840], [2316], [5428], [3730], [5080], [585], [1278], [54487], [5604], [55612], [2121], [811], [5290], [132884], [4281], [116442], [84100], [2812], [5077], [64127], [79068], [6663], [783], [338], [57167], [1130], [9968], [2332], [1277], [3990], [10743], [7456], [19], [2122], [3265], [6737], [84059], [6741], [3481], [6513], [4089], [23111], [2646], [356], [1285], [1387], [26585], [8976], [7504], [1827], [331], [23405], [9401], [65217], [4893], [672], [4692], [9569], [5894], [4277], [6774], [3117], [1401], [1788], [7401], [7128], [3570], [545], [10163], [583], [10682], [124590], [129880], [54808], [27241], [2138], [79738], [4137], [2475], [60], [3897], [5159], [1364], [8091], [5885], [79803], [2811], [2956], [9993], [5460], [4286], [675], [3717], [8220], [80144], [80025], [999], [3973], [79621], [4193], [64135], [1145], [55212], [2645], [27031], [4851], [1493], [10535], [2131], [1910], [7122], [9031], [4853], [1134], [2146], [100188856], [355], [50943], [105259599], [2153], [9652], [10908], [3664], [7020], [8214], [5308], [10062], [8517], [5076], [27019], [5189], [5395], [1287], [1906], [25825], [3759]]
HYALINOSIS SYSTEMIC:[[7040], [118429]]
Infantile systemic hyalinosis:[[118429]]
