Hydatidiform mole no International Classification of Diseases for Oncology subtype:[[]]
Moles Hydatid:[[]]
HYDM:[[199713]]
Moles Hydatidiform:[[7157], [1956], [7422], [199713], [596], [999], [1028], [960], [3815], [4288], [6657], [3620], [154288], [4830], [2066], [10643], [57167], [5093], [30816], [2526], [406955], [2086], [430], [405754]]
Molar pregnancy:[[355], [356], [7704], [199713], [154288]]
Molar pregnancy with hydatid mole:[[]]
Molar pregnancy with vesicular mole:[[]]
Pregnancy Molar:[[2153], [3479], [4524], [3952], [4318], [7421], [627], [51738], [3486], [4879], [3481], [355], [3953], [3630], [7076], [5950], [2335], [1191], [7291], [174], [356], [3976], [2688], [1082], [6935], [4915], [6591], [1028], [1364], [199713], [7704], [9166], [55655], [154288]]
Mole of pregnancy:[[3484], [5047], [7157], [348], [7422], [3553], [1401], [4313], [5468], [999], [199713], [2321], [3953], [3688], [4288], [2056], [3643], [1028], [3623], [1082], [8038], [100], [1634], [154288], [9166], [93659]]
Hydatid mole:[[]]
HYDATIDIFORM MOLE:[[7422], [57061], [2064], [1401], [3553], [5728], [999], [199713], [4313], [3688], [2321], [3953], [3643], [2056], [847], [1028], [100], [2057], [8038], [154288], [8000], [1082], [9166], [8740], [5698], [5494], [150365], [79703], [574474], [574479], [574483]]
Pregnancies Molar:[[4524], [3479], [4318], [627], [3952], [3486], [4879], [355], [3481], [2335], [356], [2688], [3315], [1191], [5950], [174], [4018], [1082], [4915], [246778], [3976], [199713]]
Mole Hydatid:[[]]
Mole Hydatidiform:[[57061], [199713], [7157], [7422], [2064], [3553], [1401], [5728], [999], [154288], [1028], [4313], [3688], [2321], [4288], [3953], [3643], [2056], [847], [100], [2057], [150365], [8038], [79703], [8000], [1082], [9166], [8740], [5698], [5494], [574474], [574479], [574483]]
Hydatidiform mole no ICD-O subtype:[[2064]]
Classical hydatidiform mole:[[7422], [1401], [3553], [2064], [5728], [999], [4313], [3688], [2056], [8740]]
Hydatidiform mole:[[7422], [57061], [2064], [1401], [3553], [5728], [999], [199713], [4313], [3688], [2321], [3953], [3643], [2056], [847], [1028], [100], [2057], [8038], [154288], [8000], [1082], [9166], [8740], [5698], [5494], [150365], [79703], [574474], [574479], [574483]]
Hydatidiform mole unspecified:[[7422], [2064], [999], [3688], [2321], [3643], [2057]]
