Hyperlipemia Idiopathic Burger-Grutz Type:[[]]
Familial hyperchylomicronemia:[[4023]]
Hyperchylomicronemia Familial:[[116519], [4023]]
Fredrickson type 1 hyperlipoproteinaemia:[[337]]
Hypercholesterinemic xanthomatosis:[[]]
LIPD Deficiencies:[[]]
Lipase D Deficiencies:[[335], [207]]
Familial hyperchylomicronaemia:[[338], [6331], [4254], [8792], [672], [8647], [675], [7157], [5205], [5621], [324], [348], [3949], [114548], [79577], [255738], [4210], [7139], [2099], [7137], [5468], [999], [116519], [3717], [3845], [1540], [5551], [5979], [207], [335], [5728], [4000], [5663], [19], [7428], [4023], [861], [8074], [59], [472], [5649], [3119], [11200], [846], [5290], [3077], [6323], [841], [3784], [351], [1956], [3123], [7273], [2200], [213], [3043], [1029], [5888], [4625], [7124], [4638], [2056], [6622], [773], [4088], [7040], [7422], [7046], [5243], [6927], [4137], [3039], [3643], [2034], [4763], [1636], [7253], [9414], [2057], [79728], [7015], [6334], [3117], [4524], [7369], [4878], [3569], [3172], [7048], [4629], [6647], [4771], [4607], [1312], [5155], [7128], [6262], [7517], [3815], [7168], [9365], [2690], [567], [9370], [4352], [367], [673], [9971], [3785], [120892], [153], [5244], [545], [3553], [2064], [2243], [8517], [112476], [1499], [7099], [4624], [627], [7421], [1285], [5741], [6532], [5327], [477], [3091], [100329167], [79179], [8105], [3586], [6833], [3106], [1536], [5972], [4193], [4790], [5444], [3040], [5071], [1000], [5743], [23435], [4318], [3973], [23385], [1401], [7276], [5054], [100188842], [50968], [580], [3576], [3762], [4693], [3875], [3759], [59341], [554188], [4015], [2776], [1080], [5573], [5376], [117084], [4851], [3458], [595], [1813], [7043], [619536], [619478], [619468], [619411], [619399], [541461], [406216], [338030], [337892], [252843], [252842], [84434], [81865], [56797], [50947], [8249], [8144], [2475], [8438], [5245], [3479], [8989], [1138], [2896], [3952], [6329], [2950], [100499532]]
HYPERCHYLOMICRONEMIA FAMILIAL:[[116519], [4023]]
Type Ia Hyperlipoproteinemia:[[]]
Primary hyperchylomicronemia:[[4023], [116519]]
Familial fat-induced hypertriglyceridemia:[[]]
Hyperchylomicronaemia:[[]]
LPL DEFICIENCY:[[4023], [3077], [3990], [3976], [1071], [3952], [338328], [348], [590], [718], [3569], [338], [9370], [3949], [7421], [7422], [2099], [351], [4615], [1401], [4790], [5468], [7535], [174], [3458], [4846], [23411], [3290], [4851], [344], [3576], [7852], [116519], [3690], [595], [2950], [1536], [51129], [5347], [1994], [8678], [5788], [27329], [5467], [7534], [952], [9948], [9619], [4036], [1952], [5360], [2010], [239], [64788], [7436], [8694], [6787], [192343]]
Syndromes Burger-Grutz:[[7157], [7124], [7040], [1471], [3569], [56983], [7422], [5728], [4879], [1401], [3091], [6774], [3586], [3845], [4524], [7099], [3123], [4790], [672], [4318], [5243], [207], [351], [6532], [8626], [9370], [367], [673], [7421], [3553], [1029], [1557], [3106], [4846], [2475], [3717], [3479], [5290], [596], [3952], [7015], [7852], [4609], [3458], [675], [4137], [999], [3417], [114548], [29126], [3162], [5979], [2146], [5594], [2944], [472], [595], [4193], [3605], [7490], [1493], [2263], [861], [6347], [1026], [335], [332], [5781], [4149], [7450], [2952], [406991], [23411], [4000], [960], [1813], [6387], [3146], [3119], [3077], [3815], [7515], [1565], [6331], [4869], [355], [2932], [1432], [3480], [183], [2322], [142], [3690], [5133], [836], [4282], [1543], [406938], [3784], [3958], [2261], [5595], [3043], [4312], [8743], [2152], [7428], [3557], [3757], [338], [5747], [4893], [4255], [54658], [3265], [929], [54790], [4353], [2332], [1277], [4843], [11093], [3320], [6323], [3039], [406947], [2068], [5265], [7132], [6280], [54106], [1071], [4436], [2260], [23451], [11200], [2778], [1869], [8074], [56729], [3953], [4128], [1788], [3486], [4170], [57817], [3418], [4089], [959], [3643], [3627], [958], [255738], [7291], [5329], [26191], [3198], [2309], [2200], [1387], [9518], [1786], [4763], [4297], [7137], [4615], [1457], [7139], [1116], [116519], [5465], [1385], [2896], [5027], [3559], [3667], [4018], [811], [6390], [2022], [2212], [6794], [2316], [2056], [947], [203228], [5428], [4792], [1050], [268], [3689], [1958], [2214], [6392], [11315], [9212], [7442], [3014], [6786], [6335]]
Fredrickson type 1 hyperlipoproteinemia:[[348], [255738], [1636], [4023], [338328], [116519], [4524], [4018], [3949], [344]]
Type I Hyperlipoproteinemia:[[348], [4023], [255738], [116519], [4018], [4524], [338328], [1636], [3949], [344]]
Hyperchylomicronemias Familial:[[338], [6331], [4254], [8792], [672], [8647], [675], [7157], [5205], [5621], [324], [348], [3949], [114548], [79577], [255738], [4210], [7139], [2099], [7137], [5468], [999], [116519], [3717], [3845], [1540], [5551], [5979], [207], [335], [5728], [4000], [5663], [19], [7428], [4023], [861], [8074], [59], [472], [5649], [3119], [11200], [846], [5290], [3077], [6323], [841], [3784], [351], [1956], [3123], [7273], [2200], [213], [3043], [1029], [5888], [4625], [7124], [4638], [2056], [6622], [773], [4088], [7040], [7422], [7046], [5243], [6927], [4137], [3039], [3643], [2034], [4763], [1636], [7253], [9414], [2057], [79728], [7015], [6334], [3117], [4524], [7369], [4878], [3569], [3172], [7048], [4629], [6647], [4771], [4607], [1312], [5155], [7128], [6262], [7517], [3815], [7168], [9365], [2690], [567], [9370], [4352], [367], [673], [9971], [3785], [120892], [153], [5244], [545], [3553], [2064], [2243], [8517], [112476], [1499], [7099], [4624], [627], [7421], [1285], [5741], [6532], [5327], [477], [3091], [100329167], [79179], [8105], [3586], [6833], [3106], [1536], [5972], [4193], [4790], [5444], [3040], [5071], [1000], [5743], [23435], [4318], [3973], [23385], [1401], [7276], [5054], [100188842], [50968], [580], [3576], [3762], [4693], [3875], [3759], [59341], [554188], [4015], [2776], [1080], [5573], [5376], [117084], [4851], [3458], [595], [1813], [7043], [619536], [619478], [619468], [619411], [619399], [541461], [406216], [338030], [337892], [252843], [252842], [84434], [81865], [56797], [50947], [8249], [8144], [2475], [8438], [5245], [3479], [8989], [1138], [2896], [3952], [6329], [2950], [100499532]]
LIPOPROTEIN LIPASE DEFICIENCY:[[4023], [3990], [7124], [348], [9370], [335], [344], [116519], [1401], [3458], [207], [1071], [5468], [338], [51129], [6667], [5465], [3949], [27329], [350], [6794], [3643], [1756], [5617], [5467], [338328], [6272], [4036], [64788], [336], [51099], [192343]]
Type Ia Hyperlipoproteinemias:[[1278], [657], [5054], [4318], [5798], [3569], [6331], [5376], [4313], [10], [1029], [4846], [5799], [1493], [10396], [3630], [3106], [7299], [3673], [4281], [3479], [2778], [84618], [949], [7450], [169026], [9], [650], [10630], [5289], [1909], [972], [2209], [57674], [815], [3117], [8200], [7156], [3123], [3642], [3914], [92], [2205], [7040], [84676], [472], [2022], [5290], [3690], [2538], [857], [5373], [100421515], [100533800], [5286], [4790], [5580], [4760], [10516], [10568], [81603], [5287], [55521], [3091], [3992], [207], [3105], [4121], [117854], [1499], [3631], [1312], [3674], [1813], [5970], [27333], [30820], [1401], [3135], [5295], [3553], [55223], [5288], [2811], [80128], [3133], [3576], [2147], [2324], [3265], [920], [4141], [140691], [83856], [4312], [1803], [3688], [5265], [123722], [100507436], [718], [9321], [324], [3934], [3725], [238], [4803], [1457], [8878], [213], [406937], [5294], [84868], [57818], [190], [3685], [268], [3689], [84684], [4067], [1147], [1385], [5291], [1462], [2332], [5967], [5268], [406935], [3339], [5293], [2006], [8940], [57167], [7077], [2572], [60], [4086], [406985], [4277], [5175], [3751], [2113], [407021], [1832], [2185], [3249], [29994], [3567], [9821], [83990], [406907], [9734], [3248], [3126], [57038], [8434], [25885], [10563], [643], [7100], [4090], [3134], [10014], [29929], [2588], [4017], [10262], [4784], [2804], [6367], [23600], [3984], [4774], [4891], [11197], [10107], [84675], [5036], [4084], [2920], [7366], [593], [2805], [202333], [23395], [80310], [11253], [80263], [8425], [287015], [84172], [9013], [51299], [399979], [10965], [100126325], [653192]]
HYPERLIPOPROTEINEMIA TYPE I:[[]]
Familial fat-induced hypertriglyceridaemia:[[]]
HYPERLIPOPROTEINEMIA TYPE IA:[[]]
LIPD Deficiency:[[4023]]
Hyperlipoproteinemia Type Ias:[[]]
Burger-Grutz syndrome:[[3757], [1280], [114548], [3753], [2074], [7157], [348], [1281], [51085], [546], [80184], [7466], [3845], [673], [8481], [5728], [8195], [7486], [641], [2706], [2317], [4292], [91147], [8626], [1540], [4000], [54658], [1161], [7490], [2033], [6331], [4023], [1071], [5781], [4436], [2263], [3643], [7291], [3784], [2261], [2260], [582], [10806], [8085], [10083], [367], [4683], [207], [84062], [3123], [7468], [4647], [4952], [2200], [1029], [7399], [4810], [201163], [2969], [10804], [6949], [7227], [2492], [775], [7840], [2316], [5428], [3730], [5080], [585], [1278], [54487], [5604], [55612], [2121], [811], [5290], [132884], [4281], [116442], [84100], [2812], [5077], [64127], [79068], [6663], [783], [338], [57167], [1130], [9968], [2332], [1277], [3990], [10743], [7456], [19], [2122], [3265], [6737], [84059], [6741], [3481], [6513], [4089], [23111], [2646], [356], [1285], [1387], [26585], [8976], [7504], [1827], [331], [23405], [9401], [65217], [4893], [672], [4692], [9569], [5894], [4277], [6774], [3117], [1401], [1788], [7401], [7128], [3570], [545], [10163], [583], [10682], [124590], [129880], [54808], [27241], [2138], [79738], [4137], [2475], [60], [3897], [5159], [1364], [8091], [5885], [79803], [2811], [2956], [9993], [5460], [4286], [675], [3717], [8220], [80144], [80025], [999], [3973], [79621], [4193], [64135], [1145], [55212], [2645], [27031], [4851], [1493], [10535], [2131], [1910], [7122], [9031], [4853], [1134], [2146], [100188856], [355], [50943], [105259599], [2153], [9652], [10908], [3664], [7020], [8214], [5308], [10062], [8517], [5076], [27019], [5189], [5395], [1287], [1906], [25825], [3759]]
Familial Chylomicronemias:[[338], [6331], [4254], [8792], [672], [8647], [675], [7157], [5205], [5621], [324], [348], [3949], [114548], [79577], [255738], [4210], [7139], [2099], [7137], [5468], [999], [116519], [3717], [3845], [1540], [5551], [5979], [207], [335], [5728], [4000], [5663], [19], [7428], [4023], [861], [8074], [59], [472], [5649], [3119], [11200], [846], [5290], [3077], [6323], [841], [3784], [351], [1956], [3123], [7273], [2200], [213], [3043], [1029], [5888], [4625], [7124], [4638], [2056], [6622], [773], [4088], [7040], [7422], [7046], [5243], [6927], [4137], [3039], [3643], [2034], [4763], [1636], [7253], [9414], [2057], [79728], [7015], [6334], [3117], [4524], [7369], [4878], [3569], [3172], [7048], [4629], [6647], [4771], [4607], [1312], [5155], [7128], [6262], [7517], [3815], [7168], [9365], [2690], [567], [9370], [4352], [367], [673], [9971], [3785], [120892], [153], [5244], [545], [3553], [2064], [2243], [8517], [112476], [1499], [7099], [4624], [627], [7421], [1285], [5741], [6532], [5327], [477], [3091], [100329167], [79179], [8105], [3586], [6833], [3106], [1536], [5972], [4193], [4790], [5444], [3040], [5071], [1000], [5743], [23435], [4318], [3973], [23385], [1401], [7276], [5054], [100188842], [50968], [580], [3576], [3762], [4693], [3875], [3759], [59341], [554188], [4015], [2776], [1080], [5573], [5376], [117084], [4851], [3458], [595], [1813], [7043], [619536], [619478], [619468], [619411], [619399], [541461], [406216], [338030], [337892], [252843], [252842], [84434], [81865], [56797], [50947], [8249], [8144], [2475], [8438], [5245], [3479], [8989], [1138], [2896], [3952], [6329], [2950], [100499532]]
Hyperlipoproteinemia type I:[[]]
HYPERLIPEMIA IDIOPATHIC BURGER-GRUTZ TYPE:[[]]
Lipoprotein Lipase Deficiency Familial:[[4023], [338], [348], [116519], [3949], [335], [5468], [207], [7124], [9370], [27329], [3643], [1071], [3458], [1401], [336], [6667], [5465], [6794], [338328], [6272]]
Lipoprotein Lipase Deficiencies:[[207], [335], [6272], [5046]]
Syndrome Burger-Grutz:[[3757], [1280], [114548], [3753], [2074], [7157], [348], [1281], [51085], [546], [80184], [7466], [3845], [673], [8481], [5728], [8195], [7486], [641], [2706], [2317], [4292], [91147], [8626], [1540], [4000], [54658], [1161], [7490], [2033], [6331], [4023], [1071], [5781], [4436], [2263], [3643], [7291], [3784], [2261], [2260], [582], [10806], [8085], [10083], [367], [4683], [207], [84062], [3123], [7468], [4647], [4952], [2200], [1029], [7399], [4810], [201163], [2969], [10804], [6949], [7227], [2492], [775], [7840], [2316], [5428], [3730], [5080], [585], [1278], [54487], [5604], [55612], [2121], [811], [5290], [132884], [4281], [116442], [84100], [2812], [5077], [64127], [79068], [6663], [783], [338], [57167], [1130], [9968], [2332], [1277], [3990], [10743], [7456], [19], [2122], [3265], [6737], [84059], [6741], [3481], [6513], [4089], [23111], [2646], [356], [1285], [1387], [26585], [8976], [7504], [1827], [331], [23405], [9401], [65217], [4893], [672], [4692], [9569], [5894], [4277], [6774], [3117], [1401], [1788], [7401], [7128], [3570], [545], [10163], [583], [10682], [124590], [129880], [54808], [27241], [2138], [79738], [4137], [2475], [60], [3897], [5159], [1364], [8091], [5885], [79803], [2811], [2956], [9993], [5460], [4286], [675], [3717], [8220], [80144], [80025], [999], [3973], [79621], [4193], [64135], [1145], [55212], [2645], [27031], [4851], [1493], [10535], [2131], [1910], [7122], [9031], [4853], [1134], [2146], [100188856], [355], [50943], [105259599], [2153], [9652], [10908], [3664], [7020], [8214], [5308], [10062], [8517], [5076], [27019], [5189], [5395], [1287], [1906], [25825], [3759]]
Endogenous hypertriglyceridaemia:[[348], [4023], [2740]]
Hyperlipoproteinaemia type I:[[337]]
Burger Grutz Syndrome:[[3757], [1280], [114548], [3753], [2074], [7157], [348], [1281], [51085], [546], [80184], [7466], [3845], [673], [8481], [5728], [8195], [7486], [641], [2706], [2317], [4292], [91147], [8626], [1540], [4000], [54658], [1161], [7490], [2033], [6331], [4023], [1071], [5781], [4436], [2263], [3643], [7291], [3784], [2261], [2260], [582], [10806], [8085], [10083], [367], [4683], [207], [84062], [3123], [7468], [4647], [4952], [2200], [1029], [7399], [4810], [201163], [2969], [10804], [6949], [7227], [2492], [775], [7840], [2316], [5428], [3730], [5080], [585], [1278], [54487], [5604], [55612], [2121], [811], [5290], [132884], [4281], [116442], [84100], [2812], [5077], [64127], [79068], [6663], [783], [338], [57167], [1130], [9968], [2332], [1277], [3990], [10743], [7456], [19], [2122], [3265], [6737], [84059], [6741], [3481], [6513], [4089], [23111], [2646], [356], [1285], [1387], [26585], [8976], [7504], [1827], [331], [23405], [9401], [65217], [4893], [672], [4692], [9569], [5894], [4277], [6774], [3117], [1401], [1788], [7401], [7128], [3570], [545], [10163], [583], [10682], [124590], [129880], [54808], [27241], [2138], [79738], [4137], [2475], [60], [3897], [5159], [1364], [8091], [5885], [79803], [2811], [2956], [9993], [5460], [4286], [675], [3717], [8220], [80144], [80025], [999], [3973], [79621], [4193], [64135], [1145], [55212], [2645], [27031], [4851], [1493], [10535], [2131], [1910], [7122], [9031], [4853], [1134], [2146], [100188856], [355], [50943], [105259599], [2153], [9652], [10908], [3664], [7020], [8214], [5308], [10062], [8517], [5076], [27019], [5189], [5395], [1287], [1906], [25825], [3759]]
Mixed hyperglyceridemia:[[4297], [4296], [26585], [8085], [197259], [7157], [51776], [4303], [55904], [58508], [4301], [9757], [4300], [4299], [7124], [4298], [4294], [1956], [3569], [4293], [8028], [348], [10962], [7786], [7422], [673], [4524], [7040], [367], [84451], [3576], [2064], [2099], [3845], [3123], [1029], [2944], [3091], [9370], [3586], [351], [29126], [5468], [5728], [5743], [7099], [3458], [627], [207], [4302], [7421], [3815], [3553], [6532], [4609], [1499], [4137], [1312], [596], [6622], [7015], [3106], [999], [6347], [9175], [3952], [5594], [4193], [3717], [2952], [7097], [4233], [3627], [5444], [3119], [5290], [4879], [3383], [1493], [3105], [1813], [120892], [3146], [657], [154], [2146], [50943], [3606], [5133], [3135], [2932], [6531], [79068], [5241], [1543], [9429], [4312], [7276], [4255], [3558], [238], [4288], [929], [7490], [6331], [6934], [4988], [4023], [3320], [282617], [1815], [3039], [5265], [2335], [861], [10], [356], [6790], [1571], [8074], [6352], [4170], [4089], [196], [4968], [7132], [983], [5888], [1545], [5460], [718], [2260], [1387], [3667], [10673], [867], [6469], [5027], [3620], [1788], [998], [7412], [4221], [4893], [116519], [3600], [5156], [1544], [285], [5566], [4615], [5950], [11315], [3329], [768], [1977], [140678], [106480724], [9212], [775], [551], [4311], [604], [5777], [5770], [940], [1278], [4771], [2052], [2904], [23028], [4915], [4625], [9332], [10763], [5167], [4322], [5443], [4602], [5069], [3290], [8737], [4067], [6441], [8289], [2678], [6007], [7849], [5627], [2185], [975], [668], [54210], [6736], [43], [1409], [6390], [2902], [1861], [23705]]
Hyperlipemia Essential Familial:[[338]]
Hypercholesterinaemic xanthomatosis:[[1593], [9971], [64241]]
Familial lipoprotein lipase deficiency:[[4023]]
HYPERLIPEMIA ESSENTIAL FAMILIAL:[[338]]
LPL Deficiencies Familial:[[3952]]
Hyperlipoproteinemia Type Is:[[]]
LIPD DEFICIENCY:[[4023]]
Hyperchylomicronemia:[[4023], [116519]]
Lipoprotein Lipase Deficiency:[[4023], [3990], [7124], [348], [9370], [335], [344], [116519], [1401], [3458], [207], [1071], [5468], [338], [51129], [6667], [5465], [3949], [27329], [350], [6794], [3643], [1756], [5617], [5467], [338328], [6272], [4036], [64788], [336], [51099], [192343]]
Familial Hyperlipoproteinemia Type 1:[[348], [255738], [4023], [116519], [1636], [3949], [338328], [4524], [4018]]
Hyperlipidemia group D:[[1604], [2099], [5468], [1565], [5465], [8856], [6387], [9970], [6720], [348], [1576], [10628], [7124], [7422], [4524], [3569], [4790], [9370], [1401], [4023], [4846], [6258], [3091], [3479], [5054], [7099], [3952], [7097], [6347], [338], [1543], [5444], [1234], [4879], [177], [1557], [335], [6352], [5741], [1559], [79068], [2335], [56729], [3949], [57817], [718], [10599], [116519], [196], [155], [4035], [5972], [5176], [4878], [2169], [6517], [51129], [231], [57412], [336], [7423]]
Type I Hyperlipoproteinemias:[[4000], [26191], [3481], [1280], [2065], [1278], [1277], [773], [2645], [7422], [5771], [6323], [5054], [658], [4318], [1281], [3569], [7048], [348], [5789], [6331], [3586], [5468], [3852], [6609], [2064], [10], [2617], [4313], [30835], [3557], [111], [5460], [3708], [1029], [5745], [4846], [23274], [5159], [53335], [185], [1786], [3861], [999], [2218], [23411], [5770], [7046], [94], [4882], [10159], [5444], [1026], [4879], [6261], [26580], [5979], [6514], [7227], [4292], [1493], [5781], [778], [6262], [7474], [3791], [1910], [5573], [3990], [6335], [5329], [7189], [6934], [3757], [3630], [58], [79068], [6329], [2066], [331], [7169], [150], [775], [255738], [3172], [7049], [2322], [4843], [11093], [7276], [7471], [6311], [1289], [3508], [6513], [659], [3577], [4968], [7132], [7399], [5156], [5327], [3784], [6690], [6326], [64135], [3106], [1294], [1301], [10083], [5624], [841], [10406], [1308], [4323], [3559], [5429], [3667], [948], [23405], [867], [2904], [7186], [4436], [7139], [4973], [6927], [5315], [11096], [3303], [5777], [7133], [5689], [4880], [5045], [7150], [8091], [252995], [8912], [6310], [796], [5788], [5122], [186], [3767], [3479], [4935], [10653], [3454], [80184], [7137], [1728], [57192], [1000], [5080], [23545], [10577], [4035], [330], [4281], [2130], [4128], [1045], [1282], [2902], [108684022], [3115], [949], [7045], [538], [1030], [79444], [2903], [7450], [3098], [3579], [3710], [2167], [969], [5696], [90], [1285], [1300], [4069], [1287], [6006], [823], [5213], [80781], [249], [3554], [8481], [56999], [4914], [1394], [6928], [329], [6716], [3880], [3291]]
LPL Deficiency Familial:[[4023], [338], [3077], [3949], [348], [2099], [116519], [5468], [1071], [3952], [338328], [718], [351], [9370], [3569], [7422], [7421], [1536], [4790], [1401], [27329], [3458], [4851], [3576], [7852], [595], [2950], [1994], [952], [2010]]
Type I hyperlipoproteinemia:[[348], [4023], [255738], [116519], [4018], [4524], [338328], [1636], [3949], [344]]
Familial type I hyperlipoproteinaemia:[[337]]
CHYLOMICRONEMIA FAMILIAL:[[116519], [4023], [338328]]
Lipase D Deficiency:[[4023], [3988], [2524], [3075], [718], [5335], [7124], [6721], [348], [920], [7422], [3569], [9370], [1956], [335], [4790], [3458], [1401], [3091], [4846], [116519], [629], [7097], [3576], [2064], [207], [1756], [7099], [338], [5468], [3426], [387], [1432], [1950], [5970], [5465], [6667], [10413], [3630], [51129], [3949], [2308], [3643], [6794], [5617], [4036], [336], [5176], [7415], [5467], [9971], [4256], [51196], [192343]]
Familial lipoprotein lipase deficiency with type I phenotype:[[4023]]
Hepatosplenomegalic lipoidosis:[[]]
Primary hyperchylomicronaemia:[[1545], [4790], [857], [4615], [3592], [3575], [3119], [6775], [2324], [6774], [57082], [19], [7132], [284403], [3123], [7127], [8091], [94103], [4609], [22995], [3595], [3717], [23534], [5594], [100048912], [3663], [7010], [22806], [4616], [23645], [1629], [7157], [335], [1737], [941], [3759], [7414], [4000], [3569], [5663], [1956], [10642], [1896], [7412], [7124], [348], [4170], [7422], [3117], [958], [7040], [4524], [3559], [643], [3593], [7139], [6850], [5566], [7253], [7128], [2064], [10018], [2099], [3091], [652], [3586], [1636], [351], [672], [858], [1814], [88], [3115], [4053], [4318], [9370], [51300], [5243], [1401], [3845], [367], [673], [627], [207], [7273], [7421], [3553], [1029], [110806262], [1030], [5890], [5728], [5743], [1499], [7099], [6198], [4846], [1312], [1080], [4602], [3576], [6622], [5468], [6532], [3133], [7015], [659], [3574], [2491], [3106], [4137], [23274], [999], [59341], [2475], [1021], [3479], [4607], [29126], [596], [2057], [3952], [2146], [7852], [55876], [2944], [2624], [3458], [675], [6925], [4193], [4313], [1591], [80781], [6714], [5573], [920], [6335], [595], [9531], [5054], [1594], [5444], [10892], [1234], [6347], [1513], [3605], [4780], [1026], [332], [5290], [4879], [8557], [10133], [5820], [405], [406991], [6647], [7097], [942], [2950], [23411], [2952], [5664], [2147], [960], [7168], [4851], [1493], [4233], [472], [3105], [1813], [6387], [2153], [3146], [5071], [3077], [3683], [3815], [2908], [7515], [3162], [5970], [1565], [1557], [3383], [154], [6696], [5745], [1520], [355], [2100], [9966], [50943], [3606], [4990], [5925], [120892]]
Familial Chylomicronemia:[[116519], [4023], [338328]]
Hyperlipemias Essential Familial:[[8517], [672], [338], [4254], [7157], [6331], [8792], [8647], [675], [5621], [348], [2099], [5205], [114548], [3949], [5468], [324], [999], [255738], [3717], [207], [5728], [6736], [3845], [116519], [472], [861], [5551], [5663], [4000], [183], [5979], [1956], [2521], [8074], [19], [335], [7124], [5290], [185], [7428], [7040], [7422], [4023], [11200], [841], [4137], [846], [1636], [351], [5888], [5649], [4524], [7015], [59], [3569], [3119], [3077], [6622], [2064], [3553], [1499], [7099], [6323], [4352], [1029], [2200], [3091], [3586], [3784], [4790], [2034], [2056], [7046], [4638], [3643], [4318], [2112], [4088], [367], [3123], [4763], [3576], [9370], [773], [1401], [6647], [4625], [7048], [545], [7421], [5972], [120892], [4878], [3815], [5243], [2057], [3172], [6927], [4851], [2475], [23435], [7369], [7128], [7852], [153], [627], [6334], [4771], [3479], [5925], [6262], [673], [4629], [9365], [5741], [4193], [5444], [9971], [8878], [1536], [5743], [7097], [5071], [4607], [4233], [595], [1312], [1080], [3785], [5155], [7517], [6506], [7168], [3458], [567], [5327], [857], [477], [5244], [2243], [355], [3106], [23405], [23385], [6667], [6532], [3952], [8626], [2146], [3791], [6833], [3973], [6347], [811], [406991], [5970], [2033], [2944], [6772], [6790], [1000], [2896], [7276], [1788], [3630], [59341], [5054], [2153], [6559], [2908], [580], [5376], [3762], [8989], [3875], [3759], [84894], [7515], [5245], [10413], [2950], [2147], [2706], [2100], [7415], [7503], [7043], [1234], [3480], [83990], [203228], [2053], [2688], [6329], [4869], [4292], [3105], [948], [112744]]
Familial type I hyperlipoproteinemia:[[348], [255738], [4023], [116519], [3949], [4018], [1636], [4524], [338328]]
LIPASE D DEFICIENCY:[[4023], [3988], [2524], [3075], [718], [5335], [7124], [6721], [348], [920], [7422], [3569], [9370], [1956], [335], [4790], [3458], [1401], [3091], [4846], [116519], [629], [7097], [3576], [2064], [207], [1756], [7099], [338], [5468], [3426], [387], [1432], [1950], [5970], [5465], [6667], [10413], [3630], [51129], [3949], [2308], [3643], [6794], [5617], [4036], [336], [5176], [7415], [5467], [9971], [4256], [51196], [192343]]
Endogenous hypertriglyceridemia:[[348], [4023], [7124], [3569], [6774], [5468], [3479], [3576], [2944], [1401], [5054], [1636], [154], [6347], [7421], [2952], [3606], [3077], [3630], [335], [3383], [9429], [5465], [857], [2308], [3690], [6648], [185], [3949], [1071], [2157], [7276], [7412], [4160], [5950], [847], [655], [6720], [6382], [2876], [5467], [2289], [208], [8542], [55600], [80781], [4547], [8398], [341], [51083], [57761], [6555], [6646], [9420], [10313], [10094]]
Fredrickson's hyperlipoproteinemia type I or V:[[2153], [1956], [2064], [673], [207], [3845], [4318], [4609], [6714], [5970], [3815], [6331], [25], [3685], [116519], [3725], [7442], [3265], [4893], [59341], [2078], [5894], [2113], [308], [4035], [4613], [2065], [2066], [1289], [79679], [2353], [10312], [4602], [5155], [208], [10159], [4067], [7068], [525], [7067], [1436], [23545], [1398], [2268], [4644], [23569], [5644], [3339], [55503], [5966], [6098], [50617], [4249], [1399], [4240], [5971], [51393], [10000], [527], [2114], [6497], [1290], [6955], [7525], [4605], [25824], [526], [2993], [5322], [9114], [523], [535], [9446], [537], [162514], [285440], [5898], [143187], [1515], [51606], [4094], [56302], [111], [8880], [2242], [64115], [9935], [6447], [528], [9572], [6916], [7157], [201633], [6964], [11326], [27], [9296], [6189], [9550], [7025], [1493], [119391], [8869], [369], [169522], [4524], [2814], [529], [5899], [84617], [50509], [7869], [2248], [4610], [533], [534], [10490], [9334], [127124], [245972], [245973], [9975], [252839], [4097], [7040], [389692], [284415], [54708], [3266], [4342], [445347], [55650], [130], [94239], [102724971], [9333], [5145], [8992], [51382], [59269], [10652], [146664], [7124], [131566], [348], [284131], [7975], [136319], [6774], [7441], [7422], [351], [763], [30811], [152404], [28896], [4603], [2063], [2147], [23764], [2527], [3569], [3553], [10205], [6992], [57194], [3586], [627], [96610], [64789], [28461], [4790], [28912], [1636], [1080], [177], [3091], [6696], [1401], [3688], [3690], [3123], [90423], [171177], [920], [2099], [3146], [10408], [367], [201161], [29802], [5743], [155066], [27012], [4846], [5054], [2475], [340547], [6861], [4313]]
