Infantile cortical hyperostosis:[[1277]]
CAFYD:[[1277]]
Familial Caffey Disease:[[1277]]
INFANTILE CORTICAL HYPEROSTOSIS:[[1277]]
Infantile cortical hyperostoses:[[]]
Caffey's disease:[[1493], [5979], [64127], [11315], [351], [8792], [348], [5071], [1910], [3064], [3586], [6774], [3123], [1029], [6622], [4137], [540], [5310], [3717], [6347], [24], [1201], [6387], [3119], [120892], [335], [7450], [5621], [7422], [3569], [338], [5311], [3949], [3107], [4287], [19], [4023], [5664], [57623], [1071], [3558], [4314], [255738], [4088], [356], [3117], [26191], [1191], [653361], [1586], [958], [26503], [1401], [2629], [4018], [3593], [116519], [6927], [4688], [729230], [3106], [864], [3570], [80339], [7415], [6597], [2244], [59067], [345], [8651], [3115], [10577], [149233], [5314], [6261], [3592], [7957], [1030], [28], [10320], [1234], [3659], [246778], [3990], [4041], [1378], [100048912], [3077], [3383], [6775], [5376], [9173], [2161], [55600], [26058], [7439], [1138], [4361], [4582], [7369], [1956], [1282], [3122], [6653], [4747], [51752], [7124], [4359], [538], [55054], [1136], [6311], [5663], [3931], [3992], [2646], [6584], [337], [9966], [4321], [56606], [217], [1235], [274], [5734], [2524], [7040], [341], [7292], [3953], [4524], [1232], [6272], [5966], [5771], [2308], [54901], [4068], [7332], [8878], [3562], [100507436], [9388], [3084], [2099], [10452], [3559], [6583], [5328], [8301], [1636], [3635], [4693], [1230], [2212], [945], [4318], [29881], [9370], [5243], [367], [4790], [7128], [7421], [64241], [54332], [6403], [1373], [7077], [4846], [94103], [51085], [2243], [10019], [345611], [7015], [4311], [2581], [10221], [56731], [7840], [2876], [940], [6606], [60468], [3595], [2266], [50941], [100359403], [3458], [221692], [10347], [3658], [3133], [2904], [64478], [1394], [64170], [64399], [5594]]
Familial infantile cortical hyperostosis:[[1277]]
Infantile Cortical Hyperostoses:[[]]
Caffey De Toni Silvermann Syndrome:[[]]
CAFFEY DISEASE:[[1277], [6905]]
Familial Caffey's Disease:[[8792], [5979], [338], [1493], [64127], [348], [11315], [5621], [351], [3949], [255738], [3717], [116519], [335], [5071], [3119], [19], [6331], [4023], [3123], [1029], [6622], [4137], [8647], [4088], [3586], [3064], [6927], [3117], [120892], [324], [5310], [5663], [114548], [7369], [5664], [3077], [6347], [4254], [2099], [672], [24], [7422], [4018], [1071], [3569], [5376], [5311], [675], [4287], [1138], [7157], [4693], [3558], [1136], [4314], [356], [2629], [26191], [1191], [4041], [7415], [1586], [3106], [1401], [3593], [7128], [6261], [4000], [2243], [6597], [345], [3115], [10019], [1030], [1956], [5205], [1234], [3931], [1540], [4210], [59], [5649], [100048912], [7124], [6311], [6653], [7139], [1282], [7439], [64170], [7040], [8081], [26058], [4747], [4361], [5243], [5468], [3043], [7137], [8878], [999], [51752], [1636], [4524], [79577], [4026], [2580], [3845], [2056], [7015], [337], [3039], [56606], [274], [1232], [6272], [27329], [9370], [3127], [367], [4068], [7253], [100507436], [117084], [51422], [7421], [3172], [3559], [10452], [5551], [207], [8301], [4790], [64241], [4318], [5728], [153], [10133], [1143], [6403], [7077], [7428], [3458], [10221], [861], [1536], [2876], [4851], [6606], [472], [3040], [1813], [8074], [3105], [1394], [5290], [11200], [846], [59341], [3178], [9927], [3565], [5573], [2153], [7038], [5970], [6817], [6323], [841], [4982], [3630], [1609], [3784], [9429], [65018], [84722], [3557], [3075], [1543], [3181], [56946], [2335], [10413], [4312], [213], [7273], [2200], [5888], [6934], [4625], [2033], [6772], [8635], [4353], [4638], [773], [7046], [659], [3643]]
Hyperostosis Cortical Congenital:[[1277]]
Hyperostoses Cortical Congenital:[[]]
Disease Caffey:[[1277], [6905]]
Caffey syndrome:[[1277], [6905], [63901]]
Familial Infantile Cortical Hyperostosis:[[1277]]
Infantile Cortical Hyperostosis:[[1277]]
Caffey disease:[[1277], [6905]]
Familial Caffeys Disease:[[8792], [5979], [338], [1493], [64127], [348], [11315], [5621], [351], [3949], [255738], [3717], [116519], [335], [5071], [3119], [19], [6331], [4023], [3123], [1029], [6622], [4137], [8647], [4088], [3586], [3064], [6927], [3117], [120892], [324], [5310], [5663], [114548], [7369], [5664], [3077], [6347], [4254], [2099], [672], [24], [7422], [4018], [1071], [3569], [5376], [5311], [675], [4287], [1138], [7157], [4693], [3558], [1136], [4314], [356], [2629], [26191], [1191], [4041], [7415], [1586], [3106], [1401], [3593], [7128], [6261], [4000], [2243], [6597], [345], [3115], [10019], [1030], [1956], [5205], [1234], [3931], [1540], [4210], [59], [5649], [100048912], [7124], [6311], [6653], [7139], [1282], [7439], [64170], [7040], [8081], [26058], [4747], [4361], [5243], [5468], [3043], [7137], [8878], [999], [51752], [1636], [4524], [79577], [4026], [2580], [3845], [2056], [7015], [337], [3039], [56606], [274], [1232], [6272], [27329], [9370], [3127], [367], [4068], [7253], [100507436], [117084], [51422], [7421], [3172], [3559], [10452], [5551], [207], [8301], [4790], [64241], [4318], [5728], [153], [10133], [1143], [6403], [7077], [7428], [3458], [10221], [861], [1536], [2876], [4851], [6606], [472], [3040], [1813], [8074], [3105], [1394], [5290], [11200], [846], [59341], [3178], [9927], [3565], [5573], [2153], [7038], [5970], [6817], [6323], [841], [4982], [3630], [1609], [3784], [9429], [65018], [84722], [3557], [3075], [1543], [3181], [56946], [2335], [10413], [4312], [213], [7273], [2200], [5888], [6934], [4625], [2033], [6772], [8635], [4353], [4638], [773], [7046], [659], [3643]]
Syndrome Caffey-De Toni-Silvermann:[[]]
