Syndrome Hyper-IgM Immunodeficiency:[[959], [958], [57379], [5295], [29851], [5293], [5897], [5966]]
Hyper-IgM Syndromes:[[959], [958], [5293], [5897]]
Immunodeficiency with Hyper IgM Syndrome:[[959], [7157], [5728], [6774], [958], [57379], [3586], [5295], [7124], [3569], [29851], [81704], [5293], [54106], [5897], [5966]]
Hyper IgM Immunodeficiency Syndrome:[[959], [7157], [5728], [6774], [958], [57379], [3586], [5295], [7124], [3569], [29851], [81704], [5293], [54106], [5897], [5966]]
Hyper IgM syndrome:[[959], [7157], [5728], [6774], [958], [57379], [367], [7374], [1401], [7124], [3569], [5295], [3586], [351], [3576], [3605], [81704], [54106], [5806], [1828], [3596], [5293], [5966], [5897], [29851], [2208]]
Immunodeficiency with IgM hypergammaglobulinaemia:[[]]
Immunodeficiency with IgM hypergammaglobulinemia:[[]]
Hyper-IgM Syndrome:[[959], [958], [57379], [7374], [5295], [5293], [5966], [5897], [29851], [2208]]
Hyper IgM Syndrome:[[959], [7157], [5728], [6774], [958], [57379], [367], [7374], [1401], [7124], [3569], [5295], [3586], [351], [3576], [3605], [81704], [54106], [5806], [1828], [3596], [5293], [5966], [5897], [29851], [2208]]
Syndromes Hyper-IgM Immunodeficiency:[[959], [958], [5293], [5897]]
Hyperimmunoglobulin M syndrome:[[3605]]
Immunodeficiency with Hyper-IgM Syndrome:[[959], [958], [57379], [5295], [29851], [5293], [5897], [5966]]
