HIGM:[[959], [57379], [5293]]
X-Linked Hyper-IgM Immunodeficiency:[[959], [958], [5966]]
Hyper-IgM Immunodeficiency Syndrome Type 1:[[959], [958], [5295], [57379], [29851], [5293], [5897]]
IMMUNODEFICIENCY 3:[[5295], [5728], [6772], [920], [5293], [5294], [5880], [1493], [6774], [7852], [5426], [7098], [5702], [1789], [30835], [84433], [3718], [50943], [115650], [841], [8547], [348], [9021], [6348], [59269], [7187], [282617], [64421], [58], [3811], [331], [3458], [6097], [5971], [8915], [30011], [1654], [641], [857], [3684], [10379], [6596], [7040], [57007], [6349], [10616], [930], [5424], [4790], [3394], [3959], [5238], [3586], [967], [55894], [904], [3551], [865], [6363], [83706], [537], [3561], [79083], [7157], [1234], [8546], [3105], [6387], [4780], [7037], [7124], [7097], [10625], [6347], [4792], [10095], [84061], [1906], [1524], [72], [335], [29851], [3107], [1380], [8517], [3932], [100], [6786], [6773], [6934], [28956], [84876], [51095], [3593], [4683], [9397], [7535], [3707], [2214], [917], [2137], [2309], [2475], [3479], [56160], [3569], [3566], [958], [54106], [59067], [56672], [5591], [10320], [3096], [4791], [5788], [8737], [545], [472], [23435], [5580], [5243], [54790], [64919], [51284], [10892], [7421], [3553], [2321], [729230], [7099], [3575], [3106], [5897], [6622], [4851], [3097], [5896], [29126], [6894], [3459], [919], [2624], [60489], [3565], [3665], [355], [23495], [4478], [975], [3162], [10738], [4522], [6696], [3577], [3560], [6356], [7450], [931], [3134], [6352], [23416], [5133], [83879], [6789], [51135], [3594], [4153], [3558], [10015], [9636], [929], [4297], [57591], [5265], [959], [695], [1794], [3460], [3065], [27040], [916], [1803], [3627], [5966], [3570], [356], [5329], [3455], [11093], [5328], [2022], [100507436], [10673], [54658], [50615], [3431], [3559], [2212], [3600]]
IMD3:[[959], [7316]]
Hyper-IgM Syndrome 1:[[7374], [959], [958], [5295], [57379], [5293], [5966], [29851], [2208], [5897]]
X-Linked Hyper IgM Syndrome:[[959], [367], [7157], [958], [6774], [7124], [3569], [3586], [3576], [81704], [5966], [2208]]
IMMUNODEFICIENCY WITH HYPER-IgM TYPE 1:[[959], [958], [5295], [57379], [29851], [5293], [5897]]
HYPER-IgM SYNDROME:[[959], [958], [57379], [7374], [5295], [5293], [5966], [5897], [29851], [2208]]
IHIS:[[4869]]
X-linked hyper-IgM syndrome:[[959], [958], [5966], [2208]]
X-Linked Hyper-IgM Immunodeficiencies:[[]]
HYPER-IgM IMMUNODEFICIENCY X-LINKED:[[959], [958], [5966]]
HIGM1 Syndromes:[[959]]
Hyper IgM Immunodeficiency X Linked:[[959], [6774], [3586], [7157], [7124], [958], [3569], [5728], [5788], [81704], [5966]]
HIGM1 Syndrome:[[959]]
HYPER-IgM SYNDROME 1:[[7374], [959], [958], [5295], [57379], [5293], [5966], [29851], [2208], [5897]]
Hyper IgM Immunodeficiency Syndrome Type 1:[[959], [3586], [5728], [7157], [3569], [6774], [5295], [958], [57379], [7124], [29851], [5293], [54106], [5897]]
X-linked hyper-immunoglobulin M syndrome:[[6774]]
Immunodeficiency with Hyper IgM Type 1:[[959], [3586], [3569], [5728], [6774], [5788], [5295], [7157], [958], [57379], [7124], [29851], [5293], [54106], [5897]]
Immunodeficiency with Hyper-IgM Type 1:[[959], [958], [5295], [57379], [29851], [5293], [5897]]
HIGM1:[[959]]
XHIM:[[]]
X Linked Hyper IgM Syndrome:[[959], [367], [7157], [3576], [5728], [6774], [958], [7124], [3569], [1401], [3586], [351], [3605], [81704], [3596], [5966], [2208]]
X-linked with hyper-IgM immunodeficiency:[[959], [958], [5966]]
Hyper IgM Syndrome 1:[[959], [1401], [5728], [7157], [6774], [3586], [367], [7374], [351], [5295], [3576], [3569], [958], [57379], [1828], [7124], [3605], [54106], [81704], [5293], [5806], [3596], [5966], [29851], [2208], [5897]]
