Excessive eating:[[3952], [627], [1312], [6532], [51738], [351], [6774], [9370], [1813], [79068], [5468], [2908], [3162], [4160], [3953], [4128], [7227], [56729], [10135], [885], [1814], [4915], [7054], [1269], [3060], [4925], [4880]]
Excessive oral food intake:[[7157], [3576], [3952], [51738], [627], [9370], [5468], [6532], [3717], [3953], [1803], [56729], [4160], [27178], [4925], [1269]]
Overeating:[[6531], [79068], [1815], [4988], [5021], [1132]]
Polyphagias:[[]]
Hyperphagia:[[4915], [627], [3952], [51738], [3630], [3953], [2688], [2641], [4852], [3060], [5697], [5122], [51422], [9627], [6492], [3097], [9581]]
Excessive eating - polyphagia:[[3952], [627], [1312], [6532], [51738], [351], [6774], [9370], [1813], [79068], [5468], [2908], [3162], [4160], [3953], [4128], [7227], [56729], [10135], [885], [1814], [4915], [7054], [1269], [3060], [4925], [4880]]
Overeats:[[]]
Polyphagia:[[]]
Hyperalimentation NOS:[[]]
Gluttony:[[]]
