Deficiencies Arginase:[[3065], [3066], [5781], [708]]
Argininaemia:[[]]
Deficiency of arginase:[[383], [3569], [1956], [7040], [6774], [4846], [8074], [708], [1565], [4843], [1432], [6648], [1950], [387], [10013], [5562], [8841], [3596], [7412], [10841], [192343]]
ARGI deficiency:[[]]
Hyperargininaemia:[[]]
ARG1 DEFICIENCY:[[383], [1401], [8600], [2099], [6927], [29126], [4609], [3576], [50943], [2146], [929], [4170], [648], [3596], [1788], [90865], [54790], [4914], [4878], [407008], [6117], [2177], [4171], [2554], [8659], [1108], [7436], [51574]]
ARGININEMIA:[[383]]
ARGINASE DEFICIENCY:[[383], [3569], [1956], [7040], [6774], [4846], [8074], [708], [1565], [4843], [1432], [6648], [1950], [387], [10013], [5562], [8841], [3596], [7412], [10841], [192343]]
Deficiencies ARG1:[[50943]]
Hyperargininemia:[[]]
Deficiency Arginase:[[383], [3569], [1956], [7040], [6774], [4846], [8074], [708], [1565], [4843], [1432], [6648], [1950], [387], [10013], [5562], [8841], [3596], [7412], [10841], [192343]]
Deficiency Disease Arginase:[[]]
HYPERARGININEMIA:[[]]
Deficiency Diseases Arginase:[[]]
Argininemia:[[383]]
Hyperargininemias:[[]]
Arginase deficiency:[[383], [3569], [1956], [7040], [6774], [4846], [8074], [708], [1565], [4843], [1432], [6648], [1950], [387], [10013], [5562], [8841], [3596], [7412], [10841], [192343]]
Deficiency ARG1:[[383], [1401], [8600], [2099], [6927], [29126], [4609], [3576], [50943], [2146], [929], [4170], [648], [3596], [1788], [90865], [54790], [4914], [4878], [407008], [6117], [2177], [4171], [2554], [8659], [1108], [7436], [51574]]
