Hyper-Low-Density-Lipoproteinemias:[[2099], [6774], [2213], [5591], [9370], [7157], [1401], [3569], [4137], [351], [7124], [4524], [7422], [7099], [7040], [207], [3091], [4318], [959], [958], [5728], [3586], [6532], [1029], [367], [672], [1191], [6622], [5360], [5594], [673], [51738], [3576], [3605], [2475], [596], [857], [406938], [1026], [4233], [3570], [185], [2908], [7097], [332], [3480], [5970], [5925], [3565], [142], [6667], [929], [4282], [3417], [6790], [6462], [114548], [406937], [2033], [860], [613], [10135], [6772], [4843], [5806], [1958], [5071], [2688], [5788], [4763], [5950], [1906], [249], [3667], [1828], [3439], [406976], [4254], [10631], [5443], [5172], [2891], [112744], [4092], [5062], [3623], [407042], [7297], [3440], [633], [977], [887], [4598], [552], [1103], [114884]]
Hyper-Low-Density-Lipoproteinemia:[[2099], [6774], [2213], [5591], [9370], [7157], [1401], [3569], [4137], [351], [7124], [4524], [7422], [7099], [7040], [207], [3091], [4318], [959], [958], [5728], [3586], [6532], [1029], [367], [672], [1191], [6622], [5360], [5594], [673], [51738], [3576], [3605], [2475], [596], [857], [406938], [1026], [4233], [3570], [185], [2908], [7097], [332], [3480], [5970], [5925], [3565], [142], [6667], [929], [4282], [3417], [6790], [6462], [114548], [406937], [2033], [860], [613], [10135], [6772], [4843], [5806], [1958], [5071], [2688], [5788], [4763], [5950], [1906], [249], [3667], [1828], [3439], [406976], [4254], [10631], [5443], [5172], [2891], [112744], [4092], [5062], [3623], [407042], [7297], [3440], [633], [977], [887], [4598], [552], [1103], [114884]]
Type 2 Hyperlipoproteinemia:[[348], [4023], [255738], [4018], [116519], [4524], [338328], [1636], [3949], [344]]
Lipoproteinemia Hyper-Low Density:[[2099], [6774], [2213], [5591], [9370], [7157], [1401], [3569], [4137], [351], [7124], [4524], [7422], [7099], [7040], [207], [3091], [4318], [959], [958], [5728], [3586], [6532], [1029], [367], [672], [1191], [6622], [5360], [5594], [673], [51738], [3576], [3605], [2475], [596], [857], [406938], [1026], [4233], [3570], [185], [2908], [7097], [332], [3480], [5970], [5925], [3565], [142], [6667], [929], [4282], [3417], [6790], [6462], [114548], [406937], [2033], [860], [613], [10135], [6772], [4843], [5806], [1958], [5071], [2688], [5788], [4763], [5950], [1906], [249], [3667], [1828], [3439], [406976], [4254], [10631], [5443], [5172], [2891], [112744], [4092], [5062], [3623], [407042], [7297], [3440], [633], [977], [887], [4598], [552], [1103], [114884]]
Xanthomatoses Familial Hypercholesterolemic:[[338], [3949], [348], [255738], [5468], [19], [3569], [7099], [3553], [1536], [1401], [5444], [3576], [4018], [7097], [6347], [2100], [1071], [4353], [356], [7076], [2155], [6403], [6721], [693120]]
Hyperbetalipoproteinaemia:[[]]
Essential familial hypercholesterolemia:[[3949], [338], [255738], [183], [1956], [7124], [348], [4524], [3586], [1636], [4318], [3576], [9370], [3791], [5444], [2053], [4018], [19], [1071], [335], [8074], [4353], [4023], [2155], [4982], [949], [4035], [6720], [116519], [7295], [5950], [4878], [3566], [308], [406985], [6721], [6653], [3577], [1232], [3988], [407039], [10221]]
Familial hypercholesterolaemia:[[338], [3949], [255738], [4023], [351], [9370], [4018], [1071], [26119], [4547]]
Hyperlipoproteinemia Type 2s:[[]]
LDL - Low density lipoprotein receptor disorder:[[4035], [3949], [4041], [348], [7804], [29116], [26119], [4040], [338], [351], [9370], [3690], [255738], [4318], [9382], [4790], [26291], [5328], [1191], [7099], [5054], [3091], [1499], [302], [2157], [3630], [7113], [56649], [7133], [10699], [7078], [5651], [730]]
Familial hyperbetalipoproteinaemia:[[338], [6331], [4254], [8792], [672], [8647], [675], [7157], [5205], [5621], [324], [348], [3949], [114548], [79577], [255738], [4210], [7139], [2099], [7137], [5468], [999], [116519], [3717], [3845], [1540], [5551], [5979], [207], [335], [5728], [4000], [5663], [19], [7428], [4023], [861], [8074], [59], [472], [5649], [3119], [11200], [846], [5290], [3077], [6323], [841], [3784], [351], [1956], [3123], [7273], [2200], [213], [3043], [1029], [5888], [4625], [7124], [4638], [2056], [6622], [773], [4088], [7040], [7422], [7046], [5243], [6927], [4137], [3039], [3643], [2034], [4763], [1636], [7253], [9414], [2057], [79728], [7015], [6334], [3117], [4524], [7369], [4878], [3569], [3172], [7048], [4629], [6647], [4771], [4607], [1312], [5155], [7128], [6262], [7517], [3815], [7168], [9365], [2690], [567], [9370], [4352], [367], [673], [9971], [3785], [120892], [153], [5244], [545], [3553], [2064], [2243], [8517], [112476], [1499], [7099], [4624], [627], [7421], [1285], [5741], [6532], [5327], [477], [3091], [100329167], [79179], [8105], [3586], [6833], [3106], [1536], [5972], [4193], [4790], [5444], [3040], [5071], [1000], [5743], [23435], [4318], [3973], [23385], [1401], [7276], [5054], [100188842], [50968], [580], [3576], [3762], [4693], [3875], [3759], [59341], [554188], [4015], [2776], [1080], [5573], [5376], [117084], [4851], [3458], [595], [1813], [7043], [619536], [619478], [619468], [619411], [619399], [541461], [406216], [338030], [337892], [252843], [252842], [84434], [81865], [56797], [50947], [8249], [8144], [2475], [8438], [5245], [3479], [8989], [1138], [2896], [3952], [6329], [2950], [100499532]]
Essential familial hypercholesterolaemia:[[338], [3949], [255738], [4023], [351], [9370], [4018], [1071]]
Hyper beta Lipoproteinemia:[[7040], [3569], [351], [2932], [7046], [1029], [3576], [6622], [3572], [5579], [3767], [1789], [6774], [4625], [5443], [3579], [5915], [5591], [6462], [7157], [7099], [7124], [2206], [10148], [5173], [959], [9370], [4524], [2099], [4318], [7422], [207], [958], [367], [673], [7097], [857], [3586], [4089], [3605], [3091], [1401], [2475], [1191], [4092], [596], [2033], [3565], [672], [3480], [142], [5728], [2908], [4137], [114548], [6772], [5970], [6667], [57379], [5594], [3570], [1906], [25], [1026], [387], [332], [55808], [2146], [4233], [406938], [7515], [3596], [51738], [185], [3315], [6532], [4314], [4843], [1958], [5925], [4221], [867], [5295], [3667], [1869], [5347], [7374], [10018], [3627], [682], [10631], [54106], [6513], [5071], [406937], [2305], [860], [4282], [684], [1786], [3439], [10013], [10135], [6790], [4128], [2641], [929], [2688], [3592], [5806], [55294], [6833], [1828], [983], [5901], [2213], [4286], [3623], [3440], [51284], [5293], [1756], [4613], [613], [5021], [4763], [1788], [5950], [5788], [3014], [5914], [112744], [6261], [3932], [891], [5053], [55612], [249], [4317], [5172], [6606], [859], [5966], [4261], [406907], [977], [7158], [1072], [7010], [633], [8797], [7297], [5216], [930], [24145], [148], [7350], [5079], [7051], [7408], [5360], [552], [2891], [1009], [6319], [406976], [1647], [5062], [29851], [5967], [23314], [407042], [887], [6781], [10765], [1794], [5325], [57510], [4507], [3451], [4435], [3489], [3445], [5897], [6788], [406917], [3452], [3448], [3447], [406918], [3446], [3441], [3442], [9138], [3449], [3443], [3444], [79109], [1179], [51586]]
Hyperbetalipoproteinemias:[[]]
Hyper Low Density Lipoproteinemia:[[2099], [6774], [2213], [5591], [9370], [7157], [1401], [3569], [4137], [351], [7124], [4524], [7422], [7099], [7040], [207], [3091], [4318], [959], [958], [5728], [3586], [6532], [1029], [367], [672], [1191], [6622], [5360], [5594], [673], [51738], [3576], [3605], [2475], [596], [857], [406938], [1026], [4233], [3570], [185], [2908], [7097], [332], [3480], [5970], [5925], [3565], [142], [6667], [929], [4282], [3417], [6790], [6462], [114548], [406937], [2033], [860], [613], [10135], [6772], [4843], [5806], [1958], [5071], [2688], [5788], [4763], [5950], [1906], [249], [3667], [1828], [3439], [406976], [4254], [10631], [5443], [5172], [2891], [112744], [4092], [5062], [3623], [407042], [7297], [3440], [633], [977], [887], [4598], [552], [1103], [114884]]
Hyperbetalipoproteinemia:[[]]
Hypercholesterolemia Familial:[[338], [3949], [255738], [26119], [348], [2099], [5468], [116519], [2690], [19], [207], [335], [4023], [8074], [336], [2053], [1956], [7124], [213], [7040], [7422], [1636], [9370], [4524], [4878], [4018], [6647], [1401], [1536], [5444], [7421], [3586], [4318], [3576], [1071], [183], [3952], [27329], [2147], [2100], [6648], [9429], [4982], [185], [3606], [3630], [4353], [3791], [10019], [7076], [948], [1191], [5950], [1586], [5465], [2022], [2155], [4035], [6720], [10842], [6403], [2638], [7295], [3566], [2641], [949], [6653], [4547], [406985], [308], [5320], [64240], [64241], [241], [6721], [3577], [3988], [1232], [6272], [1233], [6581], [407039], [1382], [10221], [6258], [84722], [693120], [26228], [574508], [93058]]
Type II Hyperlipoproteinemia:[[348], [1636], [4023], [255738], [116519], [4524], [3949], [344]]
Familial hypercholesterolemia:[[338], [3949], [255738], [348], [1956], [7124], [4524], [2690], [3586], [1636], [4318], [9370], [3576], [5444], [4018], [2053], [336], [335], [183], [1071], [3791], [19], [4982], [4353], [4023], [8074], [7076], [26119], [2155], [116519], [5950], [4035], [7295], [3566], [6720], [949], [4878], [406985], [308], [6653], [4547], [241], [3577], [6721], [1232], [64240], [64241], [1233], [3988], [27329], [407039], [1382], [10221], [6581], [10842], [84722], [693120], [574508], [26228], [93058]]
Hypercholesterolemias Essential:[[1814], [8517], [6736], [4846], [7157], [183], [185], [1956], [7124], [7422], [3569], [7040], [4524], [146956], [2521], [2784], [2064], [2099], [3091], [3586], [1636], [2112], [4318], [6774], [348], [207], [4790], [3553], [5728], [1499], [7099], [1401], [672], [3576], [5468], [7015], [4609], [1577], [4137], [2475], [596], [7852], [367], [351], [999], [10436], [7421], [3479], [3717], [920], [9370], [5594], [1026], [26284], [6622], [332], [118], [3845], [4851], [627], [472], [1080], [4313], [6506], [5743], [7097], [3162], [154], [4233], [6387], [5925], [1432], [3383], [3458], [857], [3688], [673], [595], [3690], [4879], [1029], [6667], [5879], [5595], [3952], [960], [2146], [3791], [3725], [355], [581], [4193], [6347], [5290], [387], [406991], [5970], [6714], [2033], [2944], [6772], [50943], [5243], [3123], [3320], [8878], [2153], [5444], [3146], [4780], [2932], [5599], [29126], [2952], [2908], [5524], [142], [6647], [8626], [6790], [23411], [1950], [1788], [3309], [836], [3106], [3630], [4170], [5347], [120892], [3605], [1312], [861], [217], [6657], [3815], [3958], [10413], [6532], [23435], [2147], [2309], [675], [5621], [1789], [79415], [4204], [444980], [387575], [50986], [1234], [1906], [7098], [7450], [7291], [7515], [5663], [3082], [60489], [1869], [6696], [4000], [4869], [3552], [2100], [197342], [811], [8678], [5747], [841], [983], [114548], [5888], [100188321], [117191], [101027378], [100188825], [100188808], [100188807], [5578], [3480], [5781], [7430], [7153], [8743], [5580], [1557], [2950], [1786], [948], [23586], [23476], [79068], [1958], [1588], [1457], [5054], [3949], [9429], [5071]]
Hypercholesterolemia Essential:[[3949], [338], [255738], [4846], [183], [348], [185], [7124], [1956], [7422], [7040], [4524], [1401], [1636], [2099], [3586], [4318], [207], [3576], [5468], [9370], [7421], [3162], [3952], [3791], [5444], [50943], [7450], [6647], [3630], [2147], [1906], [2053], [19], [2100], [1071], [9429], [8743], [2152], [948], [4018], [3606], [6648], [335], [8074], [3953], [4353], [302], [4973], [1191], [4023], [1586], [2155], [6401], [4982], [1536], [949], [4035], [3689], [116519], [6403], [6720], [2022], [5465], [5478], [8826], [5806], [10599], [2811], [7295], [820], [5950], [7941], [4878], [875], [2638], [1535], [3566], [8862], [6721], [308], [407006], [406985], [5320], [27035], [186], [6653], [3577], [4544], [80312], [1232], [6272], [406893], [3988], [9536], [9388], [1601], [10165], [407039], [10221], [5715], [4565], [55911]]
Familial hyperbetalipoproteinemia:[[338], [6331], [4254], [8792], [672], [8647], [675], [7157], [5205], [5621], [324], [348], [3949], [114548], [79577], [255738], [4210], [7139], [2099], [7137], [5468], [999], [116519], [3717], [3845], [1540], [5551], [5979], [207], [335], [5728], [4000], [5663], [19], [7428], [4023], [861], [8074], [59], [472], [5649], [3119], [11200], [846], [5290], [3077], [6323], [841], [3784], [351], [1956], [3123], [7273], [2200], [213], [3043], [1029], [5888], [4625], [7124], [4638], [2056], [6622], [773], [4088], [7040], [7422], [7046], [5243], [6927], [4137], [3039], [3643], [2034], [4763], [1636], [7253], [9414], [2057], [79728], [7015], [6334], [3117], [4524], [7369], [4878], [3569], [3172], [7048], [4629], [6647], [4771], [4607], [1312], [5155], [7128], [6262], [7517], [3815], [7168], [9365], [2690], [567], [9370], [4352], [367], [673], [9971], [3785], [120892], [153], [5244], [545], [3553], [2064], [2243], [8517], [112476], [1499], [7099], [4624], [627], [7421], [1285], [5741], [6532], [5327], [477], [3091], [100329167], [79179], [8105], [3586], [6833], [3106], [1536], [5972], [4193], [4790], [5444], [3040], [5071], [1000], [5743], [23435], [4318], [3973], [23385], [1401], [7276], [5054], [100188842], [50968], [580], [3576], [3762], [4693], [3875], [3759], [59341], [554188], [4015], [2776], [1080], [5573], [5376], [117084], [4851], [3458], [595], [1813], [7043], [619536], [619478], [619468], [619411], [619399], [541461], [406216], [338030], [337892], [252843], [252842], [84434], [81865], [56797], [50947], [8249], [8144], [2475], [8438], [5245], [3479], [8989], [1138], [2896], [3952], [6329], [2950], [100499532]]
Hyper-beta-Lipoproteinemias:[[7040], [3569], [351], [2932], [7046], [1029], [3576], [6622], [3572], [5579], [3767], [1789], [6774], [4625], [5443], [3579], [5915], [5591], [6462], [7157], [7099], [7124], [2206], [10148], [5173], [959], [9370], [4524], [2099], [4318], [7422], [207], [958], [367], [673], [7097], [857], [3586], [4089], [3605], [3091], [1401], [2475], [1191], [4092], [596], [2033], [3565], [672], [3480], [142], [5728], [2908], [4137], [114548], [6772], [5970], [6667], [57379], [5594], [3570], [1906], [25], [1026], [387], [332], [55808], [2146], [4233], [406938], [7515], [3596], [51738], [185], [3315], [6532], [4314], [4843], [1958], [5925], [4221], [867], [5295], [3667], [1869], [5347], [7374], [10018], [3627], [682], [10631], [54106], [6513], [5071], [406937], [2305], [860], [4282], [684], [1786], [3439], [10013], [10135], [6790], [4128], [2641], [929], [2688], [3592], [5806], [55294], [6833], [1828], [983], [5901], [2213], [4286], [3623], [3440], [51284], [5293], [1756], [4613], [613], [5021], [4763], [1788], [5950], [5788], [3014], [5914], [112744], [6261], [3932], [891], [5053], [55612], [249], [4317], [5172], [6606], [859], [5966], [4261], [406907], [977], [7158], [1072], [7010], [633], [8797], [7297], [5216], [930], [24145], [148], [7350], [5079], [7051], [7408], [5360], [552], [2891], [1009], [6319], [406976], [1647], [5062], [29851], [5967], [23314], [407042], [887], [6781], [10765], [1794], [5325], [57510], [4507], [3451], [4435], [3489], [3445], [5897], [6788], [406917], [3452], [3448], [3447], [406918], [3446], [3441], [3442], [9138], [3449], [3443], [3444], [79109], [1179], [51586]]
Hypercholesterolemias Familial:[[338], [6331], [4254], [8792], [672], [8647], [675], [7157], [5205], [5621], [324], [348], [3949], [114548], [79577], [255738], [4210], [7139], [2099], [7137], [5468], [999], [116519], [3717], [3845], [1540], [5551], [5979], [207], [335], [5728], [4000], [5663], [19], [7428], [4023], [861], [8074], [59], [472], [5649], [3119], [11200], [846], [5290], [3077], [6323], [841], [3784], [351], [1956], [3123], [7273], [2200], [213], [3043], [1029], [5888], [4625], [7124], [4638], [2056], [6622], [773], [4088], [7040], [7422], [7046], [5243], [6927], [4137], [3039], [3643], [2034], [4763], [1636], [7253], [9414], [2057], [79728], [7015], [6334], [3117], [4524], [7369], [4878], [3569], [3172], [7048], [4629], [6647], [4771], [4607], [1312], [5155], [7128], [6262], [7517], [3815], [7168], [9365], [2690], [567], [9370], [4352], [367], [673], [9971], [3785], [120892], [153], [5244], [545], [3553], [2064], [2243], [8517], [112476], [1499], [7099], [4624], [627], [7421], [1285], [5741], [6532], [5327], [477], [3091], [100329167], [79179], [8105], [3586], [6833], [3106], [1536], [5972], [4193], [4790], [5444], [3040], [5071], [1000], [5743], [23435], [4318], [3973], [23385], [1401], [7276], [5054], [100188842], [50968], [580], [3576], [3762], [4693], [3875], [3759], [59341], [554188], [4015], [2776], [1080], [5573], [5376], [117084], [4851], [3458], [595], [1813], [7043], [619536], [619478], [619468], [619411], [619399], [541461], [406216], [338030], [337892], [252843], [252842], [84434], [81865], [56797], [50947], [8249], [8144], [2475], [8438], [5245], [3479], [8989], [1138], [2896], [3952], [6329], [2950], [100499532]]
Hyper-beta-Lipoproteinemia:[[7040], [3569], [351], [2932], [7046], [1029], [3576], [6622], [3572], [5579], [3767], [1789], [6774], [4625], [5443], [3579], [5915], [5591], [6462], [7157], [7099], [7124], [2206], [10148], [5173], [959], [9370], [4524], [2099], [4318], [7422], [207], [958], [367], [673], [7097], [857], [3586], [4089], [3605], [3091], [1401], [2475], [1191], [4092], [596], [2033], [3565], [672], [3480], [142], [5728], [2908], [4137], [114548], [6772], [5970], [6667], [57379], [5594], [3570], [1906], [25], [1026], [387], [332], [55808], [2146], [4233], [406938], [7515], [3596], [51738], [185], [3315], [6532], [4314], [4843], [1958], [5925], [4221], [867], [5295], [3667], [1869], [5347], [7374], [10018], [3627], [682], [10631], [54106], [6513], [5071], [406937], [2305], [860], [4282], [684], [1786], [3439], [10013], [10135], [6790], [4128], [2641], [929], [2688], [3592], [5806], [55294], [6833], [1828], [983], [5901], [2213], [4286], [3623], [3440], [51284], [5293], [1756], [4613], [613], [5021], [4763], [1788], [5950], [5788], [3014], [5914], [112744], [6261], [3932], [891], [5053], [55612], [249], [4317], [5172], [6606], [859], [5966], [4261], [406907], [977], [7158], [1072], [7010], [633], [8797], [7297], [5216], [930], [24145], [148], [7350], [5079], [7051], [7408], [5360], [552], [2891], [1009], [6319], [406976], [1647], [5062], [29851], [5967], [23314], [407042], [887], [6781], [10765], [1794], [5325], [57510], [4507], [3451], [4435], [3489], [3445], [5897], [6788], [406917], [3452], [3448], [3447], [406918], [3446], [3441], [3442], [9138], [3449], [3443], [3444], [79109], [1179], [51586]]
Type II Hyperlipoproteinemias:[[1280], [7433], [972], [3123], [7048], [6948], [3557], [185], [4313], [3852], [7046], [3117], [3481], [5080], [5468], [3119], [659], [94], [7422], [4843], [3115], [4000], [6513], [186], [4627], [7133], [1277], [4261], [90], [6326], [657], [5460], [2065], [1278], [3856], [3291], [773], [3586], [5054], [3122], [658], [2645], [3569], [6716], [4318], [815], [3454], [351], [3848], [3855], [824], [1734], [5771], [7850], [269], [348], [23411], [4292], [5576], [3172], [7157], [164656], [6934], [10644], [7421], [91], [2064], [5311], [4628], [4481], [3099], [2208], [5577], [817], [8554], [53335], [3821], [8644], [3284], [1636], [7153], [1281], [384], [5055], [6390], [1786], [3853], [3096], [183], [5305], [2617], [5743], [302], [4846], [1029], [8821], [6927], [6418], [7227], [1376], [3615], [3849], [778], [999], [11240], [5691], [3118], [1026], [2147], [11063], [1045], [57085], [3892], [10970], [7189], [9508], [3891], [9509], [10], [3630], [950], [30835], [777], [22978], [326625], [56649], [5970], [5745], [3708], [23274], [3851], [2494], [4124], [2475], [3854], [1646], [5159], [10159], [3091], [55361], [3861], [3887], [5573], [5593], [6569], [54658], [1910], [8396], [367], [5770], [3479], [4790], [7474], [3791], [4879], [7049], [1493], [9119], [2099], [57509], [1565], [10568], [5329], [5979], [5781], [6335], [3087], [5444], [1645], [775], [6261], [26580], [121391], [904], [3106], [7132], [6774], [247], [6908], [6928], [3127], [1457], [10125], [551], [4929], [3990], [1557], [10155], [3850], [948], [4436], [3757], [7399], [23405], [650], [79837], [5876], [10483], [7150], [2316]]
LDL receptor disorder:[[3949], [4035], [4041], [4040], [29116], [348], [7804], [26119], [338], [2099], [1401], [351], [4846], [4790], [255738], [1499], [5594], [10397], [5054], [7132], [335], [6667], [5595], [4312], [10891], [2157], [10159], [7133], [80339], [3931]]
Xanthomatosis Familial Hypercholesterolemic:[[]]
Lipoproteinemias Hyper-Low Density:[[2099], [6774], [2213], [5591], [9370], [7157], [1401], [3569], [4137], [351], [7124], [4524], [7422], [7099], [7040], [207], [3091], [4318], [959], [958], [5728], [3586], [6532], [1029], [367], [672], [1191], [6622], [5360], [5594], [673], [51738], [3576], [3605], [2475], [596], [857], [406938], [1026], [4233], [3570], [185], [2908], [7097], [332], [3480], [5970], [5925], [3565], [142], [6667], [929], [4282], [3417], [6790], [6462], [114548], [406937], [2033], [860], [613], [10135], [6772], [4843], [5806], [1958], [5071], [2688], [5788], [4763], [5950], [1906], [249], [3667], [1828], [3439], [406976], [4254], [10631], [5443], [5172], [2891], [112744], [4092], [5062], [3623], [407042], [7297], [3440], [633], [977], [887], [4598], [552], [1103], [114884]]
Low density lipoprotein catabolic defect:[[3949], [4035], [335], [7436], [6653], [2099], [8600], [1499], [9370], [7124], [207], [3479], [7099], [26291], [1956], [3162], [1191], [4318], [4353], [1950], [7422], [4790], [4846], [6622], [472], [5743], [1636], [3630], [5663], [4313], [3586], [3077], [2475], [4036], [5594], [23411], [7097], [6662], [5970], [975], [1545], [2335], [5562], [6794], [54790], [1906]]
Hyperlipoproteinemia Type IIs:[[]]
