Hyperesthesia:[[]]
Hyperaesthesia (increased sensitivity):[[]]
Heightened sensation of skin:[[1312], [6532], [3350], [8989], [7166]]
Hypersensitivity - sensation:[[627], [1312], [6532], [7442], [796], [2150], [4803], [2149], [8989], [6335], [7166], [79054], [386653]]
Increased sensitivity - sensation:[[627], [1312], [6532], [3479], [1813], [1080], [51738], [3815], [7442], [1815], [796], [3265], [1268], [6464], [2149], [2150], [6335], [8989], [121278], [10371], [2166], [79054], [4986], [41], [9048]]
Sensations Hyperesthetic:[[7442], [8989], [1138], [5726], [29850], [50838]]
Heightened sensation:[[1312], [6532], [1813], [1815], [3350], [8989], [7166]]
Oxyesthesias:[[]]
Hyperesthesias:[[]]
Sensation Hyperesthetic:[[627], [1312], [1080], [6532], [3479], [1813], [3815], [1815], [51738], [7442], [3265], [796], [1268], [2150], [4803], [3350], [6464], [2149], [6335], [121278], [85480], [8989], [1812], [7166], [79054], [2166], [10371], [386653], [4986], [41], [162514], [7086], [9048], [40], [6339], [2557], [80835], [2675], [8911], [253559]]
Hyperesthesia (increased sensitivity):[[]]
Hyperaesthesia:[[]]
Oxyesthesia:[[]]
