Hyperlipemia Combined Fat And Carbohydrate-Induced:[[]]
Type V Hyperlipoproteinemia:[[348], [116519], [4023], [4524], [4018], [1636], [3949]]
Familial type 5 hyperlipoproteinaemia:[[337]]
Hyperlipoproteinemia Type 5s:[[]]
HYPERCHYLOMICRONEMIA LATE-ONSET:[[]]
HYPERLIPOPROTEINEMIA TYPE V:[[]]
Type V Hyperlipoproteinemias:[[2065], [2064], [4318], [6331], [10159], [111], [1289], [2153], [2066], [23545], [1280], [773], [1277], [59341], [10312], [4035], [1278], [1290], [6323], [7422], [5054], [1956], [523], [23569], [207], [3845], [1493], [1281], [3569], [673], [348], [535], [3586], [25824], [116519], [6714], [4313], [5468], [5970], [4609], [2617], [3557], [4846], [1029], [2993], [6335], [185], [999], [7046], [26580], [775], [778], [3815], [50509], [3265], [3791], [1026], [6261], [5781], [6329], [5329], [208], [3757], [3990], [59269], [64135], [3685], [6326], [3725], [54708], [7442], [4644], [8912], [25], [5145], [4893], [5894], [5624], [57194], [6513], [6311], [659], [3577], [5156], [3784], [841], [5429], [4323], [3559], [948], [867], [2904], [7139], [525], [7068], [3479], [7450], [90423], [2078], [3454], [1728], [23400], [4613], [6324], [4281], [4067], [4915], [4914], [7045], [6006], [2903], [7067], [4287], [50617], [1285], [4627], [3554], [6497], [4868], [6716], [57205], [308], [2475], [5155], [3339], [2113], [7187], [3239], [2353], [6098], [3558], [5644], [4734], [7486], [79679], [54658], [6336], [5340], [5797], [9114], [6517], [554], [3123], [29881], [2550], [4023], [23120], [815], [4602], [1291], [51548], [1436], [2316], [5818], [3738], [776], [3676], [6768], [7706], [779], [7337], [7040], [774], [11280], [6334], [785], [2891], [64421], [164656], [4240], [8913], [529], [526], [25930], [537], [7124], [3690], [1158], [51606], [8880], [9509], [527], [55503], [5971], [777], [7157], [2030], [2335], [3458], [3184], [5046], [472], [5803], [1515], [4249], [781], [10000], [3952], [229], [2114]]
Hyperchylomicronemia Late Onsets:[[]]
Fredrickson type V hyperlipoproteinemia:[[348], [116519], [4023], [4524], [4018], [1636], [3949]]
Mixed Hyperlipemia:[[]]
Hyperlipemia Combined Fat And Carbohydrate Induced:[[338]]
Type V Hyperlipidemia:[[4035], [348], [7422], [5054], [3569], [116519], [5468], [4846], [4023], [948], [4323], [3479], [6517], [7124], [2335], [4524], [3952], [338], [6387], [1071], [4790], [177], [1576], [2099], [4018], [3091], [7099], [1401], [1234], [7097], [5465], [4615], [718], [3949], [1559], [6352], [2621], [345], [3931], [57412], [27329]]
Fredrickson type V hyperlipoproteinaemia:[[]]
Familial type V hyperlipoproteinaemia:[[]]
Late-Onset Hyperchylomicronemias:[[348], [4137], [6622], [1191], [2629], [1378], [6653], [27185], [274], [4625], [6908], [10452], [3122], [8301], [5076], [126], [6311], [945], [4929], [341], [10347], [602], [114902], [5819], [6389], [23607], [2041], [9627], [4905], [23328], [25902], [2580], [10659], [9227], [2747], [7124], [27328], [5983], [351], [7157], [116444], [3586], [1636], [3569], [3091], [23526], [4524], [6315], [9019], [5468], [7099], [9370], [7767], [7422], [627], [3553], [7040], [50937], [4318], [4846], [3123], [120892], [367], [672], [2099], [7097], [1401], [4790], [1312], [7421], [1029], [3952], [5663], [51338], [6774], [7276], [207], [56203], [4313], [2321], [5979], [999], [3479], [3576], [22990], [2153], [5444], [2952], [7515], [2944], [3606], [5621], [4879], [2950], [857], [3552], [1493], [2022], [1813], [338645], [1234], [3605], [388551], [5071], [1116], [6935], [3162], [79739], [3075], [3135], [5228], [1906], [3565], [335], [3077], [2896], [3791], [154], [4292], [3630], [3356], [217], [3949], [6648], [1071], [2932], [4153], [6667], [6531], [177], [3107], [324], [23435], [3934], [4314], [185], [4000], [2706], [90865], [222255], [1588], [3064], [114548], [3172], [387], [929], [2332], [19], [6934], [5328], [11093], [2214], [4282], [2335], [4210], [54106], [3558], [54209], [284352], [23621], [2067], [1589], [3953], [3315], [6352], [6925], [100303453], [3593], [4204], [406947], [5265], [8600], [10], [718], [4311], [26191], [3481], [65018], [5300], [24], [958], [7046], [8878], [4359], [3308], [2200], [2548], [3559], [3767], [9518], [1786], [1788], [1586], [7827], [7048], [796], [1728], [3084], [6927], [203228]]
HYPERLIPIDEMIA TYPE V:[[4035], [348], [7422], [5054], [3569], [116519], [5468], [4846], [4023], [948], [4323], [3479], [6517], [7124], [2335], [4524], [3952], [338], [6387], [1071], [4790], [177], [1576], [2099], [4018], [3091], [7099], [1401], [1234], [7097], [5465], [4615], [718], [3949], [1559], [6352], [2621], [345], [3931], [57412], [27329]]
Familial type 5 hyperlipoproteinemia:[[348], [255738], [116519], [4524], [4023], [3949], [4018], [1636], [338328]]
Familial type V hyperlipoproteinemia:[[348], [116519], [4023], [3949], [4018], [4524], [1636]]
HYPERLIPEMIA COMBINED FAT AND CARBOHYDRATE-INDUCED:[[]]
Hyperlipoproteinemia Type 5:[[348], [4524], [4023], [116519], [255738], [4018], [1636], [338328], [3949], [344]]
Type V Hyperlipidemias:[[348], [29881], [4023]]
HYPERLIPEMIA MIXED:[[]]
Late-Onset Hyperchylomicronemia:[[]]
Mixed Hyperlipemias:[[]]
Hyperchylomicronemia Late Onset:[[4023], [116519]]
