Hypopotassemias:[[]]
Hypokalemic syndrome:[[6329], [3759], [1586], [2688], [5566], [3758], [6559], [10008], [10060]]
Hypopotassemia syndrome:[[3757], [1280], [114548], [3753], [2074], [7157], [348], [1281], [51085], [546], [80184], [7466], [3845], [673], [8481], [5728], [8195], [7486], [641], [2706], [2317], [4292], [91147], [8626], [1540], [4000], [54658], [1161], [7490], [2033], [6331], [4023], [1071], [5781], [4436], [2263], [3643], [7291], [3784], [2261], [2260], [582], [10806], [8085], [10083], [367], [4683], [207], [84062], [3123], [7468], [4647], [4952], [2200], [1029], [7399], [4810], [201163], [2969], [10804], [6949], [7227], [2492], [775], [7840], [2316], [5428], [3730], [5080], [585], [1278], [54487], [5604], [55612], [2121], [811], [5290], [132884], [4281], [116442], [84100], [2812], [5077], [64127], [79068], [6663], [783], [338], [57167], [1130], [9968], [2332], [1277], [3990], [10743], [7456], [19], [2122], [3265], [6737], [84059], [6741], [3481], [6513], [4089], [23111], [2646], [356], [1285], [1387], [26585], [8976], [7504], [1827], [331], [23405], [9401], [65217], [4893], [672], [4692], [9569], [5894], [4277], [6774], [3117], [1401], [1788], [7401], [7128], [3570], [545], [10163], [583], [10682], [124590], [129880], [54808], [27241], [2138], [79738], [4137], [2475], [60], [3897], [5159], [1364], [8091], [5885], [79803], [2811], [2956], [9993], [5460], [4286], [675], [3717], [8220], [80144], [80025], [999], [3973], [79621], [4193], [64135], [1145], [55212], [2645], [27031], [4851], [1493], [10535], [2131], [1910], [7122], [9031], [4853], [1134], [2146], [100188856], [355], [50943], [105259599], [2153], [9652], [10908], [3664], [7020], [8214], [5308], [10062], [8517], [5076], [27019], [5189], [5395], [1287], [1906], [25825], [3759]]
Hypokalaemic syndrome:[[3759], [7809], [1188], [6329], [3758], [6559], [773], [477]]
Hypopotassaemia syndrome:[[3757], [1280], [114548], [3753], [2074], [7157], [348], [1281], [51085], [546], [80184], [7466], [3845], [673], [8481], [5728], [8195], [7486], [641], [2706], [2317], [4292], [91147], [8626], [1540], [4000], [54658], [1161], [7490], [2033], [6331], [4023], [1071], [5781], [4436], [2263], [3643], [7291], [3784], [2261], [2260], [582], [10806], [8085], [10083], [367], [4683], [207], [84062], [3123], [7468], [4647], [4952], [2200], [1029], [7399], [4810], [201163], [2969], [10804], [6949], [7227], [2492], [775], [7840], [2316], [5428], [3730], [5080], [585], [1278], [54487], [5604], [55612], [2121], [811], [5290], [132884], [4281], [116442], [84100], [2812], [5077], [64127], [79068], [6663], [783], [338], [57167], [1130], [9968], [2332], [1277], [3990], [10743], [7456], [19], [2122], [3265], [6737], [84059], [6741], [3481], [6513], [4089], [23111], [2646], [356], [1285], [1387], [26585], [8976], [7504], [1827], [331], [23405], [9401], [65217], [4893], [672], [4692], [9569], [5894], [4277], [6774], [3117], [1401], [1788], [7401], [7128], [3570], [545], [10163], [583], [10682], [124590], [129880], [54808], [27241], [2138], [79738], [4137], [2475], [60], [3897], [5159], [1364], [8091], [5885], [79803], [2811], [2956], [9993], [5460], [4286], [675], [3717], [8220], [80144], [80025], [999], [3973], [79621], [4193], [64135], [1145], [55212], [2645], [27031], [4851], [1493], [10535], [2131], [1910], [7122], [9031], [4853], [1134], [2146], [100188856], [355], [50943], [105259599], [2153], [9652], [10908], [3664], [7020], [8214], [5308], [10062], [8517], [5076], [27019], [5189], [5395], [1287], [1906], [25825], [3759]]
Potassium [K] deficiency:[[3757], [3784], [3767], [3785], [6558], [3777], [3758], [3776], [1585], [84286], [5728], [857], [9370], [1956], [6647], [81570], [3091], [4615], [1080], [5313], [1401], [2645], [1584], [6622], [5311], [1026], [358], [4137], [11093], [406991], [23327], [7015], [7097], [1234], [4780], [64135], [1813], [114548], [7852], [10891], [5970], [841], [1432], [38], [6667], [1950], [5105], [4878], [5747], [1471], [4088], [2056], [387], [2690], [356], [859], [820], [846], [3643], [59272], [1814], [140803], [7048], [23621], [54209], [65125], [468], [10142], [7248], [2516], [659], [1673], [3060], [406992], [2796], [967], [1839], [7012], [287], [360], [134], [2550], [162417], [6910], [4905], [196527], [6900], [81609]]
Hypokalaemia:[[6559], [1188]]
Low serum potassium level:[[9370], [1401], [4582], [2690], [846], [6446], [1956], [857], [3091], [5243], [7015], [406991], [4137], [6647], [3605], [5728], [7097], [23678], [6622], [7852], [1950], [1080], [3688], [154], [1813], [1026], [5970], [4780], [407040], [3643], [114548], [10891], [1471], [2056], [3725], [23327], [356], [1906], [6285], [6667], [5315], [1432], [406913], [11093], [3356], [4852], [59272], [7048], [8862], [3320], [820], [4878], [406992], [4088], [387], [4544], [11060], [659], [5747], [2078], [4615], [1585], [1673], [2784], [5621], [6337], [6559], [8542], [54209], [406904], [23621], [7046], [7066], [2852], [6093], [6548], [801], [3060], [4842], [3249], [406922], [7432], [1839], [64135], [2776], [2516], [51083], [407015], [274], [116], [406994], [6338], [6514], [7447], [3556]]
Hypokalemias:[[]]
Hypopotassaemia:[[]]
Hypokalemia:[[6559], [154], [3757], [6928], [3291], [1584], [1188], [3775], [3773], [100134444], [115111]]
Hypopotassemia:[[]]
