Incontinentia Pigmenti:[[8517], [4790], [6356], [107988021], [107988022], [107988024], [107988025]]
Bloch-Siemens Syndrome:[[]]
Bloch-Siemens-Sulzberger Syndrome:[[]]
Incontinentia pigmenti syndrome:[[8517], [4790], [6356]]
INCONTINENTIA PIGMENTI:[[8517], [4790], [6356], [107988021], [107988022], [107988024], [107988025]]
Bloch Sulzberger Syndrome:[[]]
BLOCH-SULZBERGER SYNDROME:[[]]
Bloch-Sulzberger syndrome:[[]]
Bloch-Siemens syndrome:[[]]
IP:[[6390], [5739], [8517], [93974], [3627], [2833], [7124], [3569], [10768], [7422], [3576], [10437], [1956], [3586], [3458], [348], [6347], [7040], [4725], [3553], [2099], [1401], [4318], [6774], [7099], [4790], [1029], [1499], [4137], [6622], [5468], [23382], [3952], [2475], [7097], [282617], [128229], [3605], [4313], [3757], [5594], [3606], [1234], [1026], [406991], [5970], [960], [6352], [3383], [6696], [1432], [3565], [335], [7450], [8743], [836], [1906], [6667], [5595], [3934], [5747], [3558], [2033], [1950], [6772], [3552], [3320], [7132], [8600], [796], [60489], [2778], [1191], [3708], [1457], [5465], [10631], [3559], [8678], [3456], [6285], [6280], [5371], [2056], [5156], [4283], [4615], [2214], [729230], [6376], [3066], [361], [3661], [10013], [952], [3439], [246778], [5467], [5604], [5310], [6279], [57506], [5335], [3925], [10399], [2919], [29110], [64135], [3710], [8742], [966], [6364], [4317], [5919], [3554], [5196], [1131], [6361], [5311], [1440], [7225], [112744], [1654], [7416], [6688], [3567], [23191], [9611], [6351], [1445], [6915], [89780], [3490], [3577], [6356], [6373], [3827], [5734], [6037], [6367], [1232], [6374], [6366], [3440], [5592], [7178], [5605], [7222], [5732], [51330], [134], [10498], [101180976], [51135], [5015], [9255], [23236], [11006], [3037], [10537], [26999], [3709], [574506], [6318], [197259], [6375], [55605], [128674], [6355], [23396], [11160], [6346], [112], [55922], [4719], [4722], [951], [10565], [10613], [5232], [1039], [9073], [4676], [26256], [3707], [1133], [51734], [55729], [6744], [23262], [85450], [81790], [440138], [127343], [9256], [107988021], [107988022], [107988024], [107988025]]
Syndrome Bloch-Sulzberger:[[246329]]
Incontinentia pigmenti:[[8517], [4790], [6356], [107988021], [107988022], [107988024], [107988025]]
Incontinentia pigmenti of Bloch-Sulzberger:[[]]
IP - Incontinentia pigmenti:[[8517], [4790], [6356], [107988021], [107988022], [107988024], [107988025]]
