TIA (Transient Ischemic Attack):[[1401], [4879], [1557], [7941], [2811], [225]]
Temporary cerebral vascular dysfunction:[[3569], [7157], [4846], [3479], [1432], [7450], [335], [11093], [836], [1116]]
Transient cerebral ischaemia:[[7157], [7422], [3091], [4318], [4846], [627], [4879], [2147], [9370], [3576], [1906], [3082], [6387], [6280], [2056], [7139], [192343]]
Transient cerebral ischemia:[[2645], [2646], [6505]]
Transient ischemic attacks:[[3569], [1401], [6696]]
TIA:[[7072], [7073], [7157], [7422], [7124], [7040], [5743], [1401], [627], [6532], [4137], [5054], [4879], [6647], [355], [7450], [1557], [50943], [79068], [185], [114548], [7490], [23435], [6934], [3064], [2263], [11093], [1994], [7139], [4160], [1280], [7941], [2149], [60], [2811], [407018], [27161], [27185], [931], [406983], [10657], [6241], [6197], [10146], [506], [6428], [7163], [5715], [8666], [56947], [6631], [225], [10922], [619555], [4818], [6775079]]
Transient ischaemic attack:[[7124], [3569], [7040], [348], [1401], [1636], [4879], [4846], [2147], [2153], [4313], [959]]
Transient cerebral ischemic attack unspecified:[[348], [7124], [2147], [2099], [7040], [1956], [207], [4790], [142], [5329]]
TIA Brain:[[627], [4879], [7072], [7422], [7157], [7073], [7124], [7040], [4137], [6532], [5743], [1401], [6647], [355], [79068], [23435], [3064], [5054], [185], [7450], [114548], [50943], [1557], [27185], [6934], [7139], [11093], [2263], [7490], [60], [1994], [7941], [2149], [4160], [27161], [407018], [6197], [10657], [10146], [506], [6428], [7163], [5715], [8666], [56947], [225], [6631], [10922], [6775079]]
TIAs (Transient Ischemic Attack):[[]]
Transient ischemic attack:[[348], [1401], [4879], [1557], [2147], [2153], [959], [958], [345], [7941], [4973], [5617], [2811], [5045], [5473], [4056], [225]]
Transient Ischemic Attacks:[[3569], [1401], [6696]]
Transient Ischemic Attack:[[348], [1401], [4879], [1557], [2147], [2153], [959], [958], [345], [7941], [4973], [5617], [2811], [5045], [5473], [4056], [225]]
TIA - Transient ischaemic attack:[[7124], [7040], [1401], [4879]]
