Syndrome Dubin-Johnson:[[1244], [1499]]
HYPERBILIRUBINEMIA DUBIN-JOHNSON TYPE:[[1244]]
Jaundices Chronic Idiopathic:[[3123], [7015], [3117], [8626], [5159], [653361], [7827], [355], [7422], [4688], [3115], [3119], [2099], [1080], [3107], [7124], [64478], [3704], [7157], [5728], [727897], [4137], [596], [3586], [3569], [7040], [4524], [3162], [4312], [2316], [5155], [1636], [5071], [114548], [7421], [5970], [4846], [348], [6622], [6774], [3952], [10919], [1471], [10144], [3717], [4318], [1401], [2944], [846], [3553], [3479], [2952], [50943], [7077], [5156], [1499], [5243], [3576], [9370], [6441], [7099], [207], [351], [3106], [6513], [3606], [3091], [6532], [5743], [627], [4790], [3458], [4586], [1029], [3605], [3135], [2690], [7852], [367], [673], [22943], [5054], [6347], [4313], [5468], [7515], [1312], [3565], [4282], [3077], [406991], [1493], [2475], [1234], [29126], [5460], [183], [177], [6696], [3105], [3557], [5444], [5133], [3146], [4314], [7050], [4879], [920], [3627], [7097], [2950], [4982], [3383], [154], [1026], [1543], [10665], [2100], [472], [64127], [26191], [120892], [4582], [1906], [4153], [7132], [2672], [2147], [3934], [51738], [7356], [4321], [2247], [3596], [6662], [90865], [6648], [6280], [2908], [54106], [6647], [929], [960], [10673], [6352], [1394], [595], [2244], [8600], [406938], [7042], [3791], [356], [4843], [28], [3552], [56729], [7412], [5265], [3815], [3082], [718], [1565], [2146], [6772], [185], [4353], [6690], [8074], [3559], [406947], [407040], [9021], [3558], [100507436], [857], [1577], [2153], [11093], [7128], [2903], [7098], [2212], [4049], [1116], [7490], [10135], [8743], [3778], [7076], [1490], [1803], [6850], [3953], [5806], [675], [1012], [796], [1137], [2309]]
Hyperbilirubinemia II:[[54658], [3162], [5243], [9970], [213], [2944], [19], [8277], [1244], [151306]]
DUBIN-JOHNSON SYNDROME:[[1244]]
Jaundice Chronic Idiopathic:[[7124], [3586], [3569], [3162], [2944], [3553], [2952], [3383], [7076], [54658], [1490], [10631], [4316], [2688]]
HBLRDJ:[[]]
Hyperbilirubinemia IIs:[[]]
HYPERBILIRUBINEMIA II:[[54658], [3162], [5243], [9970], [213], [2944], [19], [8277], [1244], [151306]]
Hyperbilirubinaemia II:[[54658], [1244]]
DJS:[[1244], [2155]]
Dubin-Johnson syndrome:[[1244]]
DJS - Dubin-Johnson syndrome:[[1244]]
Hyperbilirubinemia 2s:[[213]]
Chronic idiopathic jaundice with pigmented liver:[[]]
Dubin-Sprinz syndrome:[[1244], [1499]]
Dubin Johnson Syndrome:[[1244]]
Hyperbilirubinemia 2:[[28234], [10599], [54657], [1244], [54658], [8277], [9970], [2539], [54600], [54578], [5243], [3162], [54577], [2944], [54575], [54576], [54659], [19], [213], [151306], [54579], [3704]]
Sprinz Nelson syndrome:[[4255]]
Black liver-jaundice syndrome:[[54658], [10599], [7124], [3569]]
Icterus-hepatic pigmentation syndrome:[[]]
