Dislocated joint:[[4312]]
Joint Dislocation:[[4524], [5265], [5339], [7148], [7917]]
Joint dislocation:[[4524], [5265], [5339], [7148], [7917]]
Dislocation:[[4524], [1080], [3135], [5265], [4869], [25], [3309], [5580], [2200], [444], [7415], [6261], [10399], [3156], [2217], [6421], [5339], [7917], [2891], [84447], [7148], [10134], [6400], [79139], [7353], [3093], [55666], [81502], [23197], [3669], [90381], [55432], [11236], [80020], [92305]]
Joint dislocations:[[9469], [26229], [1277], [26224], [54928], [23233]]
Dislocated joints:[[4312]]
Dislocation of joint:[[4524], [5265], [5339], [7148], [7917]]
Joint Dislocations:[[9469], [26229], [1277], [26224], [54928], [23233]]
Dislocations:[[9469], [1277], [26229], [26224], [54928], [201973], [23233]]
DISLOCATION:[[4524], [1080], [3135], [5265], [4869], [25], [3309], [5580], [2200], [444], [7415], [6261], [10399], [3156], [2217], [6421], [5339], [7917], [2891], [84447], [7148], [10134], [6400], [79139], [7353], [3093], [55666], [81502], [23197], [3669], [90381], [55432], [11236], [80020], [92305]]
