Tumor Klatskin:[[346389]]
Klatskin tumour:[[346389]]
Hilar Cholangiocarcinomas:[[4318], [8434]]
Klatskin's tumor morphology:[[]]
Klatskins Tumor:[[]]
Hilar Cholangiocarcinoma:[[4318], [7852], [3576], [2305], [378938], [7424], [285], [22943], [4311], [4803], [301], [6868], [6591], [358], [5294], [1978], [284], [406987], [7010], [5052], [1843], [8932], [3068], [8434], [10280], [2549], [8607], [442918], [9788], [8404], [81539]]
Hilar cholangiocarcinoma:[[4318], [7852], [3576], [2305], [378938], [7424], [285], [22943], [4311], [4803], [301], [6868], [6591], [358], [5294], [1978], [284], [406987], [7010], [5052], [1843], [8932], [3068], [8434], [10280], [2549], [8607], [442918], [9788], [8404], [81539]]
Tumor Klatskin's:[[675], [7124], [7490], [7157], [1029], [7132], [3576], [355], [8600], [7186], [7133], [8743], [6598], [4982], [324], [8626], [10673], [5925], [4049], [356], [8379], [7428], [959], [4582], [6868], [7161], [3082], [7128], [8792], [6790], [5728], [682], [5806], [11186], [5315], [8741], [8795], [57817], [8074], [4072], [1630], [8742], [94025], [7158], [8717], [7292], [4830], [3965], [1896], [1540], [9966], [1030], [8771], [9232], [6690], [3815], [8797], [6288], [2017], [8764], [8740], [9235], [55107], [7184], [23705], [970], [7251], [7337], [7178], [9618], [3490], [26524], [4070], [51752], [8744], [10131], [4055], [9113], [23495], [8718], [5753], [2348], [1915], [939], [7130], [9536], [3959], [3621], [51147], [231], [7299], [367], [10133], [7163], [11178], [5518], [8794], [999], [6768], [7159], [3964], [9547], [944], [79626], [4193], [10075], [1326], [5708], [1687], [8995], [9516], [8793], [4050], [22900], [3373], [56288], [2131], [10181], [4254], [1942], [2195], [2132], [9370], [139285], [54984], [5625], [83593], [84168], [10134], [5325], [57124], [60401], [94241], [25816], [7991], [29997], [11281], [64919], [80184], [6134], [4071], [57509], [3569], [578], [23613], [58490], [64699], [3646], [53635], [7262], [3717], [114902], [7103], [114899], [1956], [11334], [23405], [114897], [771], [6757], [9500], [7099], [7175], [10641], [56937], [3481], [29956], [9589], [115761], [7126], [7127], [3586], [2261], [5002], [2248], [7422], [11200], [754], [3146], [285194], [29126], [672], [7165], [6767], [4330], [9793], [6774], [11202], [7040], [3458], [2012], [53353], [207], [4524], [1937], [84445], [4790], [79689], [338872], [26013]]
Klatskin tumor:[[346389]]
Klatskin's tumor:[[]]
Klatskin's tumour:[[7157], [1956], [7124], [7422], [3569], [7040], [2064], [3091], [3586], [9589], [672], [6774], [3845], [367], [673], [207], [1029], [5728], [5743], [1499], [3576], [2099], [7015], [4609], [999], [29126], [4318], [7852], [4790], [4193], [4313], [595], [2475], [7421], [596], [332], [324], [406991], [174], [960], [675], [3815], [3458], [1401], [4524], [6347], [5290], [4292], [5133], [1026], [3553], [4312], [8626], [8743], [857], [9370], [4233], [50943], [5243], [6387], [5054], [5925], [1636], [351], [4288], [5879], [7490], [5594], [28], [7099], [7428], [627], [3146], [3479], [1080], [5468], [2146], [472], [3106], [4582], [7132], [6657], [7291], [6622], [3952], [6532], [3791], [1869], [4851], [2100], [11186], [3565], [3480], [2321], [3082], [5329], [2950], [23411], [6696], [3688], [6615], [2932], [1432], [4255], [3958], [6935], [4843], [355], [1493], [7424], [3105], [3605], [682], [10413], [1027], [3934], [6647], [5970], [7097], [3690], [8842], [406947], [2524], [768], [5747], [100507436], [3417], [6794], [5595], [4982], [2908], [142], [7076], [6714], [5979], [3162], [7158], [3383], [154], [2706], [581], [23405], [3606], [3320], [836], [3630], [5241], [1543], [3135], [6648], [29964], [9429], [3043], [5027], [3725], [185], [51738], [64127], [2263], [196], [2272], [4282], [1906], [3558], [406938], [7161], [6667], [3265], [4436], [2261], [7431], [1559], [3107], [6790], [1950], [1490], [11200], [959], [4763], [2247], [3481], [3557], [3552], [4000], [3486], [5328], [338], [4089], [1576], [2065], [407040], [1588], [861], [6678], [238], [387], [929], [2260], [2697], [2033]]
Klatskin's tumour morphology:[[7157], [7124], [1956], [7040], [7422], [673], [3569], [6774], [1029], [3091], [4609], [2064], [2099], [3586], [1499], [3845], [351], [999], [672], [367], [207], [7852], [5879], [3576], [4318], [627], [29126], [4790], [4313], [324], [3458], [2475], [7421], [596], [6622], [332], [960], [675], [4524], [5290], [4312], [9370], [5925], [3553], [8626], [8743], [857], [4233], [6387], [5054], [1636], [1080], [4288], [5594], [7428], [7291], [2321], [5329], [2146], [3688], [4582], [6532], [3082], [3952], [3791], [5077], [1869], [2100], [2932], [3958], [23411], [1432], [6615], [6935], [6647], [5970], [355], [8842], [5241], [238], [10413], [4982], [4000], [3690], [23405], [5747], [3417], [5979], [2706], [581], [7158], [3606], [1191], [3630], [6093], [3135], [6648], [2260], [6790], [3725], [185], [4089], [3265], [2261], [2697], [2322], [6598], [5328], [1588], [3064], [861], [6678], [5460], [387], [1803], [4869], [3315], [7057], [841], [5599], [3172], [1116], [7430], [5156], [406937], [3329], [7153], [3309], [6513], [6591], [8678], [6662], [4088], [1045], [10631], [1786], [90865], [1017], [10630], [898], [8314], [7077], [3956], [2200], [3689], [6597], [4297], [2521], [7341], [3611], [8091], [9314], [2150], [7080], [2056], [302], [1994], [4316], [4322], [1788], [6382], [4602], [4613], [406906], [133], [4914], [4771], [2057], [5058], [3491], [2130], [5080], [7249], [3925], [3678], [407006], [4586], [79923], [10643], [7345], [4311], [5172], [6390], [1410], [406996], [7045], [5294], [9927], [3484], [3897], [9368], [406985], [3397], [5175], [54790], [5155], [4015], [3814], [6624], [406988]]
