Klinefelter's syndrome karyotype 47 XXY:[[]]
Klinefelter syndrome:[[367], [2099], [5054], [2100], [2261], [8517], [2852], [3624], [60674], [3640], [4880], [2488], [560], [6795], [4541], [23641]]
Hypogonadism primary:[[3973], [4000], [2260], [2796], [1848], [367], [2798], [3814], [558], [81848], [4846], [55636], [84634], [3952], [2153], [10371], [1588], [3730], [389549], [4982], [4204], [6657], [8074], [3953], [55717], [8600], [2488], [8822], [354], [2253], [10908], [6866], [268], [6870], [190], [10011], [5300], [2516], [2492], [60675], [50964], [5617], [2159], [10273], [54756], [9723], [23705], [55703], [80067], [3623], [85358], [25782], [3640], [26012], [9507], [3625], [3972], [5422], [148738], [5626], [1947], [9394], [285025], [7258], [2051], [84295], [23767], [128674], [25974], [79625], [7681], [8879], [55315], [4692], [152831], [60529], [9397], [1949], [54476], [254394], [57176], [2567], [54726], [54585], [285313]]
Syndrome Klinefelter's:[[4524], [5265], [3640]]
XXY Syndromes:[[367], [268]]
Klinefelter syndrome karyotype 47 XXY:[[560]]
XXY Syndrome:[[367], [268], [354], [51284], [6736], [51311], [5009], [7503], [560], [107652445]]
Klinefelters Syndrome:[[]]
XXY syndrome:[[367], [268], [354], [51284], [6736], [51311], [5009], [7503], [560], [107652445]]
Syndrome Klinefelter:[[367], [2261], [8517], [2099], [5054], [2100], [2688], [3640], [2852], [3624], [60674], [7503], [4880], [2488], [560], [6795], [4541], [23641]]
Syndromes Klinefelter:[[367], [2261], [4880]]
Klinefelter syndrome unspecified:[[2099], [367], [2100], [8517]]
XXY Klinefelter's syndrome:[[]]
Klinefelter syndrome XXY:[[367], [560]]
Klinefelter's syndrome:[[4524], [5265], [3640]]
