Vertebral Cervical Fusion Syndrome:[[2260], [6696], [2261], [1277], [2099], [4318], [7048], [7421], [3606], [3552], [8600], [7298], [7471], [54453]]
Klippel-Feil syndrome:[[392255], [4222], [84700], [9573], [9031]]
Cervical vertebral fusion:[[6696], [2260], [2099], [4318], [1277], [7421], [2261], [3606], [7048], [8600], [3552], [7298], [7471], [54453]]
Klippel-Feil deformity:[[]]
Dystrophia Brevicollis Congenita:[[]]
Dystrophia Brevicollis Congenitas:[[]]
Klippel-Feil sequence:[[392255], [4222], [84700], [9573], [9031]]
Cervical fusion syndrome:[[2260], [7157], [5728], [673], [3845], [1234], [207], [6696], [8626], [1029], [2263], [861], [7291], [2261], [2033], [4000], [5290], [2078], [5077], [5371], [1277], [6774], [356], [2475], [3678], [1493], [1956], [999], [6929], [5460], [4193], [7124], [6513], [595], [4851], [1788], [5894], [2146], [355], [7852], [5594], [3570], [672], [10163], [3181], [10801], [3569], [7422], [3897], [2308], [4790], [2099], [3586], [4318], [5156], [1499], [7099], [2697], [4609], [10413], [7015], [7020], [857], [3553], [3576], [6794], [6934], [7048], [6387], [4313], [3458], [7132], [920], [3091], [5468], [6318], [2064], [4233], [3605], [3146], [406991], [3106], [998], [4323], [2247], [596], [841], [5243], [2625], [5979], [1789], [3756], [7042], [7421], [3479], [29126], [1026], [332], [4846], [4179], [1785], [5595], [1080], [3105], [2934], [154], [3606], [7528], [6347], [406947], [3480], [80781], [5970], [3115], [3383], [3934], [3557], [5071], [3630], [7043], [6890], [3958], [3558], [581], [6591], [5879], [4353], [836], [3627], [6777], [3688], [3565], [9518], [11123], [3981], [4582], [23512], [7161], [2736], [1950], [650], [6891], [4312], [2896], [1432], [648], [3552], [2335], [9927], [8743], [3791], [8600], [682], [4072], [5228], [4314], [378938], [1191], [7424], [2272], [2056], [940], [5329], [3956], [94025], [5265], [5111], [387], [5578], [7430], [2735], [3315], [983], [5328], [7849], [79718], [7431], [4087], [6772], [1869], [9365], [1786], [7298], [4170], [406935], [3329], [302], [5868], [7295], [3685], [7037], [5027], [8837], [3309], [301], [8038], [5562], [50616], [407006], [1514]]
KFS - Klippel-Feil syndrome:[[392255], [4222]]
Syndrome Klippel-Feil:[[392255], [9031], [4222], [84700], [9573]]
Cervical vertebral fusion syndrome:[[2260], [6696], [2261], [1277], [2099], [4318], [7048], [7421], [3606], [3552], [8600], [7298], [7471], [54453]]
Cervical Fusion Syndrome:[[2260], [7157], [5728], [673], [3845], [1234], [207], [6696], [8626], [1029], [2263], [861], [7291], [2261], [2033], [4000], [5290], [2078], [5077], [5371], [1277], [6774], [356], [2475], [3678], [1493], [1956], [999], [6929], [5460], [4193], [7124], [6513], [595], [4851], [1788], [5894], [2146], [355], [7852], [5594], [3570], [672], [10163], [3181], [10801], [3569], [7422], [3897], [2308], [4790], [2099], [3586], [4318], [5156], [1499], [7099], [2697], [4609], [10413], [7015], [7020], [857], [3553], [3576], [6794], [6934], [7048], [6387], [4313], [3458], [7132], [920], [3091], [5468], [6318], [2064], [4233], [3605], [3146], [406991], [3106], [998], [4323], [2247], [596], [841], [5243], [2625], [5979], [1789], [3756], [7042], [7421], [3479], [29126], [1026], [332], [4846], [4179], [1785], [5595], [1080], [3105], [2934], [154], [3606], [7528], [6347], [406947], [3480], [80781], [5970], [3115], [3383], [3934], [3557], [5071], [3630], [7043], [6890], [3958], [3558], [581], [6591], [5879], [4353], [836], [3627], [6777], [3688], [3565], [9518], [11123], [3981], [4582], [23512], [7161], [2736], [1950], [650], [6891], [4312], [2896], [1432], [648], [3552], [2335], [9927], [8743], [3791], [8600], [682], [4072], [5228], [4314], [378938], [1191], [7424], [2272], [2056], [940], [5329], [3956], [94025], [5265], [5111], [387], [5578], [7430], [2735], [3315], [983], [5328], [7849], [79718], [7431], [4087], [6772], [1869], [9365], [1786], [7298], [4170], [406935], [3329], [302], [5868], [7295], [3685], [7037], [5027], [8837], [3309], [301], [8038], [5562], [50616], [407006], [1514]]
Congenital dystrophia brevicollis:[[]]
Klippel Feil Syndrome:[[392255], [4222], [84700], [9573], [9031]]
Bonnevie-Ullrich and Klippel-Feil syndrome:[[]]
Nielsen's disease:[[1493], [5979], [64127], [11315], [351], [8792], [348], [5071], [1910], [3064], [3586], [6774], [3123], [1029], [6622], [4137], [540], [5310], [3717], [6347], [24], [1201], [6387], [3119], [120892], [335], [7450], [5621], [7422], [3569], [338], [5311], [3949], [3107], [4287], [19], [4023], [5664], [57623], [1071], [3558], [4314], [255738], [4088], [356], [3117], [26191], [1191], [653361], [1586], [958], [26503], [1401], [2629], [4018], [3593], [116519], [6927], [4688], [729230], [3106], [864], [3570], [80339], [7415], [6597], [2244], [59067], [345], [8651], [3115], [10577], [149233], [5314], [6261], [3592], [7957], [1030], [28], [10320], [1234], [3659], [246778], [3990], [4041], [1378], [100048912], [3077], [3383], [6775], [5376], [9173], [2161], [55600], [26058], [7439], [1138], [4361], [4582], [7369], [1956], [1282], [3122], [6653], [4747], [51752], [7124], [4359], [538], [55054], [1136], [6311], [5663], [3931], [3992], [2646], [6584], [337], [9966], [4321], [56606], [217], [1235], [274], [5734], [2524], [7040], [341], [7292], [3953], [4524], [1232], [6272], [5966], [5771], [2308], [54901], [4068], [7332], [8878], [3562], [100507436], [9388], [3084], [2099], [10452], [3559], [6583], [5328], [8301], [1636], [3635], [4693], [1230], [2212], [945], [4318], [29881], [9370], [5243], [367], [4790], [7128], [7421], [64241], [54332], [6403], [1373], [7077], [4846], [94103], [51085], [2243], [10019], [345611], [7015], [4311], [2581], [10221], [56731], [7840], [2876], [940], [6606], [60468], [3595], [2266], [50941], [100359403], [3458], [221692], [10347], [3658], [3133], [2904], [64478], [1394], [64170], [64399], [5594]]
Klippel-Feil Sequence:[[392255], [4222], [84700], [9573], [9031]]
