Wernicke-Korsakov syndrome:[[4915], [10560], [8277]]
Wernicke-Korsakoff Syndrome:[[10560], [8277]]
Psychoses Korsakoff:[[]]
Korsakoff's psychosis:[[7124], [348], [627], [1312], [7422], [1813], [3569], [6532], [7040], [4524], [207], [1636], [2099], [1401], [4137], [7421], [3553], [3356], [3084], [5820], [3605], [2952], [2950], [23411], [4277], [1565], [203228], [6648], [6667], [406938], [387], [3757], [4204], [1815], [2321], [4128], [6285], [1268], [27185], [2629], [811], [1814], [91752], [22943], [5021], [5617], [775], [3570], [3350], [135], [1139], [2904], [4852], [10125], [3897], [259232], [4915], [7991], [494332], [406928], [7916], [5320], [3358], [1124], [6925], [7325], [84062], [1812], [706], [267012], [2902], [1591], [5836], [4853], [7100], [12], [3313], [4544], [6311], [51311], [2166], [255239], [4925], [9358], [720], [9378], [406], [54504], [2571], [79648], [5999], [10452], [6367], [4985], [288], [114088], [1454], [2913], [8910], [1158], [4133], [2729], [3782], [2561], [7804], [406994], [283742], [3362], [123624], [5297], [137868], [81578], [8991], [4886], [111], [4900], [145978], [65078], [9463], [2912], [8997], [5816], [57144], [64116], [10017], [6671], [64410], [6536], [57419], [3700], [23237], [3699], [64067], [11280], [319100], [23057], [340024], [27328], [51603], [10531], [63891], [6051], [9993], [54584], [347730], [677820], [100270963], [10137], [55084], [154197]]
Psychosis Korsakoff:[[]]
Korsakoff psychosis:[[]]
Korsakoff Syndrome:[[10560], [8277]]
Wernicke Korsakoff Syndrome:[[10560], [8277]]
ALCOHOL-INDUCED ENCEPHALOPATHY:[[4524], [4846], [1636], [4843]]
Wernicke-Korsakoff Syndromes:[[]]
Korsakov psychosis:[[7124], [348], [627], [1312], [7422], [1813], [3569], [6532], [7040], [4524], [207], [1636], [2099], [1401], [4137], [7421], [3553], [3356], [3084], [5820], [3605], [2952], [2950], [23411], [4277], [1565], [203228], [6648], [6667], [406938], [387], [3757], [4204], [1815], [2321], [4128], [6285], [1268], [27185], [2629], [811], [1814], [91752], [22943], [5021], [5617], [775], [3570], [3350], [135], [1139], [2904], [4852], [10125], [3897], [259232], [4915], [7991], [494332], [406928], [7916], [5320], [3358], [1124], [6925], [7325], [84062], [1812], [706], [267012], [2902], [1591], [5836], [4853], [7100], [12], [3313], [4544], [6311], [51311], [2166], [255239], [4925], [9358], [720], [9378], [406], [54504], [2571], [79648], [5999], [10452], [6367], [4985], [288], [114088], [1454], [2913], [8910], [1158], [4133], [2729], [3782], [2561], [7804], [406994], [283742], [3362], [123624], [5297], [137868], [81578], [8991], [4886], [111], [4900], [145978], [65078], [9463], [2912], [8997], [5816], [57144], [64116], [10017], [6671], [64410], [6536], [57419], [3700], [23237], [3699], [64067], [11280], [319100], [23057], [340024], [27328], [51603], [10531], [63891], [6051], [9993], [54584], [347730], [677820], [100270963], [10137], [55084], [154197]]
Wernicke-Korsakoff syndrome:[[10560], [8277]]
WERNICKE-KORSAKOFF SYNDROME:[[10560], [8277]]
