LARON SYNDROME:[[2690], [3479], [2688], [10628]]
Laron-type isolated somatotropin defect:[[2690]]
Laron Dwarfism:[[2690], [2688]]
Growth Hormone Receptor Defect:[[2690], [3717], [6774], [2688], [3479], [3952], [5747], [3480], [3486], [6776], [5770], [3716], [3718], [8835], [6421], [1154]]
Syndrome Laron:[[2690], [3479], [2688], [10628]]
Laron dwarfism:[[2690], [2688]]
Growth Hormone Receptor Deficiency:[[2690], [2688], [3479], [3952], [3717], [6774], [7297], [51738], [5747], [3480], [3486], [9518], [5617], [6777], [5770], [3718], [3716], [4067], [1442], [8835], [10273], [2689], [574031]]
PITUITARY DWARFISM II:[[2692]]
Pituitary Dwarfism IIs:[[]]
Laron-type dwarfism:[[2690]]
Primary Growth Hormone Resistance:[[2688], [51738], [2690], [6774], [3486], [3717], [5617], [3484], [3479], [2099], [6777], [5468], [7157], [3480], [1956], [3569], [8091], [7124], [3952], [7422], [207], [1071], [9370], [7421], [5728], [999], [695], [3458], [5054], [1021], [5290], [406991], [5747], [3815], [5781], [3630], [79068], [1906], [5295], [4982], [6772], [9232], [3953], [1813], [5770], [2778], [9518], [6776], [7297], [2261], [283120], [9021], [1385], [1277], [4843], [1950], [26291], [5618], [1588], [54901], [252995], [3290], [3784], [860], [3240], [268], [2155], [4067], [213], [8600], [3716], [6720], [9365], [7045], [5829], [6778], [406958], [1051], [949], [2736], [5327], [10320], [5777], [3718], [9076], [57379], [5291], [5443], [10273], [6928], [3488], [176], [116], [6426], [6770], [442906], [5697], [445], [6715], [2695], [407053], [6421], [5015], [4159], [5473], [6755], [54361], [27101], [6449], [1579], [2043], [574031], [1154], [10626], [6655], [30837]]
Laron-type short stature:[[2690]]
GROWTH HORMONE INSENSITIVITY SYNDROME:[[2688], [6777], [7157], [2690], [5728], [3784], [3479], [2099], [1956], [7124], [7422], [268], [7421], [3480], [5618], [3290]]
Primary GH Resistance:[[2688], [4790], [2690], [6774], [3479], [6934], [367], [3717], [3480], [3569], [7157], [2908], [8091], [7124], [348], [1956], [7422], [4023], [5573], [2064], [1636], [51738], [7421], [9370], [3952], [4846], [3576], [7097], [7852], [5054], [55294], [5566], [3486], [3690], [1432], [5781], [2778], [4982], [1576], [23335], [4255], [1869], [3953], [3481], [1565], [2784], [4288], [26291], [9021], [1277], [3685], [5770], [1950], [3552], [252995], [3240], [6776], [1969], [8600], [2167], [4792], [9365], [10], [6777], [268], [3484], [10399], [11091], [133], [3485], [9839], [5617], [604], [7078], [5777], [317], [7045], [1051], [5228], [2264], [3159], [3814], [1734], [3678], [4221], [5443], [3684], [2782], [27436], [79718], [8021], [57521], [156], [409], [5618], [1643], [7184], [5697], [7498], [6755], [8086], [8764], [7293], [7090], [406961], [27339], [6424], [116844], [2696], [10681], [4969], [974], [2783], [26190], [1154], [25886], [3696], [23409], [7201], [23246], [55250], [14], [79858]]
Pituitary Dwarfism II:[[2692]]
GROWTH HORMONE RECEPTOR DEFICIENCY:[[2690], [2688], [3479], [3952], [3717], [6774], [7297], [51738], [5747], [3480], [3486], [9518], [5617], [6777], [5770], [3718], [3716], [4067], [1442], [8835], [10273], [2689], [574031]]
Growth Hormone Insensitivity Syndrome:[[2688], [6777], [7157], [2690], [5728], [3784], [3479], [2099], [1956], [7124], [7422], [268], [7421], [3480], [5618], [3290]]
Laron Type Dwarfism I:[[2690], [2688]]
Laron-type pituitary dwarfism:[[]]
Severe GH Insensitivity:[[2688], [2690], [367], [6777], [7157], [3479], [7124], [7422], [1956], [7421], [4846], [2064], [3480], [2908], [1432], [268], [3483]]
