Leiomyoma no International Classification of Diseases for Oncology subtype:[[]]
Uterine leiomyomata:[[1588], [8091], [196], [2271], [6869], [358], [2194], [6863], [362], [6865], [5890], [56034], [255061]]
uterine myoma:[[5047], [1956], [3958], [5020], [94025], [7056], [23112], [3976], [2073], [4638], [5179], [4629]]
Fibroleiomyoma:[[]]
uterine fibroid:[[4318], [1499], [4313], [50507], [9968], [80312], [7026], [59350], [406917], [406918], [11214], [23112], [124], [51272]]
Leiomyoma of uterus:[[2099], [7422], [3569], [3845], [4846], [5241], [4318], [2100], [2475], [1588], [3206], [94025], [3292], [3207], [406974], [4232]]
Leiomyoma Uterine:[[8816], [7157], [2099], [7422], [317687], [1312], [7124], [1956], [1029], [596], [4318], [7040], [3845], [5241], [3091], [3569], [4313], [5290], [5728], [4846], [207], [1636], [2100], [595], [3576], [3553], [7015], [367], [2944], [999], [1543], [1588], [1026], [3952], [2475], [5468], [6387], [4193], [8091], [3480], [1545], [2247], [9968], [1586], [4288], [2952], [1027], [3688], [3481], [387], [7515], [142], [2146], [1432], [5595], [4312], [7450], [4582], [10135], [5879], [2852], [1277], [185], [3643], [650], [1950], [7043], [2271], [4323], [1958], [5328], [8678], [6794], [94025], [100124700], [947], [6598], [1051], [7249], [5175], [7508], [1591], [3897], [7532], [1508], [3624], [406985], [1462], [1612], [9232], [5744], [6624], [2073], [406881], [406928], [406942], [1594], [2660], [7518], [8140], [2810], [407024], [1012], [57142], [407050], [8434], [2202], [3292], [1289], [123], [8717], [406949], [1959], [6424], [6282], [406999], [3912], [10016], [406974], [3207], [8991], [3294], [574031], [8462], [574443], [6000], [10466], [114088], [54681], [827]]
Uterine Fibroma:[[]]
Fibroids:[[7124], [1312], [2099], [3586], [672], [5743], [1499], [23410], [999], [3605], [2100], [2146], [1906], [10413], [5241], [1277], [3065], [3627], [5888], [3596], [8091], [7057], [10631], [283120], [216], [94025], [4803], [4852], [7056], [7345], [3371], [9968], [25937], [1281], [2271], [7043], [79991], [23112], [6863], [5978], [5020], [9748], [5047], [7432], [60626], [407026], [5184], [4922], [4133], [7058], [51272], [1024], [6855], [5179], [56034], [113746], [22801], [23097], [2834], [400955], [102724351]]
Uterine Fibroids:[[7124], [2099], [672], [5743], [1499], [1312], [23410], [3605], [2100], [2146], [1906], [10413], [5241], [1277], [3065], [3627], [5888], [3596], [7057], [10631], [283120], [8091], [4803], [4852], [7345], [3371], [25937], [1281], [9968], [2271], [79991], [23112], [7043], [6863], [5978], [5020], [9748], [7432], [60626], [5184], [4922], [4133], [7058], [51272], [1024], [6855], [5179], [56034], [113746], [22801], [23097], [2834], [400955], [102724351]]
Fibromyoma:[[]]
Uterine leiomyoma - fibroids:[[2099], [1312], [7124], [5241], [2100], [999], [9968], [8091], [2146], [2271], [1277], [7043], [94025]]
Uterine leiomyoma:[[8816], [7157], [2099], [7422], [317687], [1312], [7124], [1956], [1029], [596], [4318], [7040], [3845], [5241], [3091], [3569], [4313], [5290], [5728], [4846], [207], [1636], [2100], [595], [3576], [3553], [7015], [367], [2944], [999], [1543], [1588], [1026], [3952], [2475], [5468], [6387], [4193], [8091], [3480], [1545], [2247], [9968], [1586], [4288], [2952], [1027], [3688], [3481], [387], [7515], [142], [2146], [1432], [5595], [4312], [7450], [4582], [10135], [5879], [2852], [1277], [185], [3643], [650], [1950], [7043], [2271], [4323], [1958], [5328], [8678], [6794], [94025], [100124700], [947], [6598], [1051], [7249], [5175], [7508], [1591], [3897], [7532], [1508], [3624], [406985], [1462], [1612], [9232], [5744], [6624], [2073], [406881], [406928], [406942], [1594], [2660], [7518], [8140], [2810], [407024], [1012], [57142], [407050], [8434], [2202], [3292], [1289], [123], [8717], [406949], [1959], [6424], [6282], [406999], [3912], [10016], [406974], [3207], [8991], [3294], [574031], [8462], [574443], [6000], [10466], [114088], [54681], [827]]
Fibroid uterus:[[]]
Leiomyoma no ICD-O subtype:[[3091], [4318]]
Uterine fibroids:[[7124], [2099], [672], [5743], [1499], [1312], [23410], [3605], [2100], [2146], [1906], [10413], [5241], [1277], [3065], [3627], [5888], [3596], [7057], [10631], [283120], [8091], [4803], [4852], [7345], [3371], [25937], [1281], [9968], [2271], [79991], [23112], [7043], [6863], [5978], [5020], [9748], [7432], [60626], [5184], [4922], [4133], [7058], [51272], [1024], [6855], [5179], [56034], [113746], [22801], [23097], [2834], [400955], [102724351]]
Uterus Fibroid:[[4318], [5241], [6863], [7432], [59350]]
Fibromyomas:[[]]
Leiomyomas:[[7157], [2099], [7124], [1956], [7422], [1029], [2064], [4318], [3091], [2100], [3845], [367], [596], [1312], [4313], [595], [1026], [406991], [6387], [5241], [3480], [857], [1543], [4288], [2247], [581], [1586], [1588], [8091], [4869], [196], [1116], [2261], [2260], [7076], [26191], [9968], [5111], [8878], [1545], [2885], [6469], [3685], [2034], [2056], [6935], [285], [2271], [283120], [2065], [9314], [7077], [2735], [7295], [6256], [2113], [2852], [407021], [406985], [3159], [284], [9232], [578], [546], [27250], [7010], [9839], [6390], [1616], [1591], [405], [1462], [894], [7532], [407024], [6722], [1082], [5047], [52], [4922], [407026], [2931], [9507], [10516], [1523], [10979], [649], [3009], [6866], [6870], [9681], [407025], [7075], [4519], [9940], [10152], [51378], [170689], [114785], [192343]]
Tumor Fibroid:[[1029], [5156], [3586], [672], [283120], [4318], [1499], [4313], [406991], [2146], [1312], [5241], [5888], [8091], [216], [50507], [80312], [9968], [5047], [406917], [1382], [7432], [7026], [406918], [5947], [11214], [56034]]
UL:[[80856], [3576], [1026], [3605], [7450], [100124700], [22914], [2194], [51561], [26762], [9968], [57142], [2168], [10016], [23112], [353091], [51272]]
Uterine leiomyomas:[[5047], [7157], [2099], [7422], [1029], [1956], [2064], [4318], [7124], [596], [4313], [3091], [2100], [1312], [3845], [5241], [595], [367], [8091], [1026], [6387], [4288], [9968], [1588], [1586], [3480], [2247], [1543], [2271], [857], [1545], [581], [1116], [2852], [196], [7076], [7077], [2261], [2260], [283120], [8878], [2034], [2885], [3685], [2056], [6935], [2065], [9314], [2113], [1591], [546], [406985], [3159], [9232], [7532], [7010], [9839], [1616], [1462], [894], [405], [407024], [4922], [1082], [9507], [10516], [1523], [6870], [9681], [9940], [170689], [114785], [192343]]
Uterine fibroid:[[4318], [1499], [4313], [50507], [9968], [80312], [7026], [59350], [406917], [406918], [11214], [23112], [124], [51272]]
Uterine Fibroid:[[4318], [1499], [4313], [50507], [9968], [80312], [7026], [59350], [406917], [406918], [11214], [23112], [124], [51272]]
Uterine leiomyomas benign:[[7157], [2099], [7422], [1029], [4318], [1956], [2064], [596], [7124], [3845], [4313], [595], [3091], [367], [2100], [4288], [1312], [8091], [5241], [6387], [9968], [2247], [1026], [1588], [1586], [3480], [1543], [857], [581], [2271], [7076], [2852], [1545], [1116], [2261], [7077], [283120], [2034], [3685], [1591], [9232], [1462], [407024], [192343]]
Leiomyoma:[[7157], [2099], [7422], [7124], [1956], [7040], [1312], [3569], [3845], [1636], [5728], [3091], [596], [367], [4846], [1029], [2944], [4318], [207], [3479], [5241], [3553], [5468], [7015], [999], [3576], [8816], [3952], [1543], [4193], [2475], [2100], [595], [1026], [4313], [5290], [6387], [1588], [5444], [2952], [7515], [142], [406991], [1813], [1432], [3480], [2146], [3481], [3688], [1545], [7450], [2247], [4582], [5879], [5595], [4312], [1027], [8743], [185], [1586], [2068], [387], [4288], [1277], [3643], [5111], [10135], [4353], [1950], [4968], [8091], [650], [7132], [2308], [9968], [4323], [1958], [5328], [8678], [6794], [100124700], [3956], [7442], [7517], [947], [6598], [1051], [7249], [3551], [7508], [94025], [3673], [2852], [317687], [3897], [407006], [10013], [5175], [1508], [7043], [407021], [3624], [406985], [9232], [5744], [1812], [1591], [6624], [5037], [1462], [27250], [2073], [1612], [2246], [406928], [7532], [7507], [406942], [2271], [1594], [2660], [7518], [406881], [8140], [2810], [407024], [1012], [6520], [3206], [57142], [407050], [8434], [2202], [3292], [1289], [407026], [6277], [6019], [123], [8717], [406949], [1959], [6424], [6282], [406999], [3912], [10016], [406974], [3207], [8991], [3294], [574031], [84166], [4232], [2797], [8462], [574443], [407025], [7481], [3429], [51384], [4519], [81029], [6000], [23428], [50863], [10466], [114088], [114814], [54681], [827]]
Leiomyofibroma:[[]]
Tumors Fibroid:[[5156], [3586], [672], [4318], [1029], [1499], [4313], [406991], [2146], [5241], [1312], [8091], [216], [5888], [283120], [9968], [80312], [6863], [7432], [1382], [5947], [56034]]
uterine fibromyoma:[[4316], [5047], [7157], [7422], [1956], [2064], [2099], [672], [4318], [7124], [1029], [5743], [3569], [7040], [3091], [25928], [1312], [4313], [596], [1499], [3845], [5290], [207], [4524], [4846], [3576], [3553], [5728], [5243], [1401], [595], [1636], [29126], [7015], [367], [6774], [2100], [675], [999], [2475], [5241], [1026], [3952], [23410], [332], [5468], [8816], [2944], [4609], [6387], [4193], [2321], [23411], [5594], [4851], [1588], [3135], [6347], [4288], [3480], [2952], [1027], [7490], [960], [1543], [5054], [8091], [3605], [682], [387], [3815], [5970], [2247], [3383], [2146], [3688], [2147], [3690], [3119], [5595], [4312], [7515], [154], [857], [6696], [50943], [3606], [4292], [836], [1586], [5925], [1432], [7450], [183], [177], [142], [8626], [3934], [5979], [2067], [5133], [5021], [4582], [1906], [1545], [5879], [3958], [3082], [10413], [1277], [3791], [185], [3481], [581], [3627], [114548], [4255], [238], [10135], [5071], [54658], [2852], [2697], [3107], [6772], [3552], [6513], [4170], [3757], [196], [5228], [650], [861], [54106], [1116], [5578], [4436], [7076], [6790], [1471], [7077], [3065], [1950], [1869], [2152], [4314], [2022], [2263], [3643], [328], [5888], [7291], [2896], [648], [2261], [2260], [4323], [1490], [11200], [3596], [283120], [7298], [3315], [23405], [9968], [8878], [4893], [3172], [2034], [6927], [2885], [7431], [3620], [9518], [7424], [331], [6093], [5328], [133], [11186], [8678], [4684], [7412], [6662], [7057], [6794], [2150], [3685], [7430], [2056], [5591], [6935], [3600], [302], [5156], [7043], [1994], [268], [7345], [94025]]
Leiomyoma of body of uterus:[[2099], [7422], [3569], [4846], [2475], [3845], [4318], [5241], [1588], [94025], [4232]]
Leiomyoma of uterus unspecified:[[2099], [7422], [5241], [2100]]
Uterine Fibromas:[[]]
Fibroid:[[5156], [3586], [672], [4318], [1029], [1499], [1312], [4313], [406991], [2146], [5241], [5888], [283120], [8091], [216], [50507], [9968], [6863], [80312], [5047], [7432], [7026], [1382], [59350], [406917], [11214], [406918], [5947], [56034], [23112], [124], [51272]]
LEIOMYOMA UTERINE:[[8816], [7157], [2099], [7422], [317687], [1312], [7124], [1956], [1029], [596], [4318], [7040], [3845], [5241], [3091], [3569], [4313], [5290], [5728], [4846], [207], [1636], [2100], [595], [3576], [3553], [7015], [367], [2944], [999], [1543], [1588], [1026], [3952], [2475], [5468], [6387], [4193], [8091], [3480], [1545], [2247], [9968], [1586], [4288], [2952], [1027], [3688], [3481], [387], [7515], [142], [2146], [1432], [5595], [4312], [7450], [4582], [10135], [5879], [2852], [1277], [185], [3643], [650], [1950], [7043], [2271], [4323], [1958], [5328], [8678], [6794], [94025], [100124700], [947], [6598], [1051], [7249], [5175], [7508], [1591], [3897], [7532], [1508], [3624], [406985], [1462], [1612], [9232], [5744], [6624], [2073], [406881], [406928], [406942], [1594], [2660], [7518], [8140], [2810], [407024], [1012], [57142], [407050], [8434], [2202], [3292], [1289], [123], [8717], [406949], [1959], [6424], [6282], [406999], [3912], [10016], [406974], [3207], [8991], [3294], [574031], [8462], [574443], [6000], [10466], [114088], [54681], [827]]
