Visceral [kala-azar] leishmaniasis:[[3123], [387582], [3106], [3117], [3586], [7124], [3569], [3458], [1401], [7040], [7099], [3479], [4318], [3553], [6532], [50943], [7097], [1493], [3606], [6347], [4153], [3565], [64127], [54106], [6556], [1803], [3600], [3486], [3620], [3559], [90865], [3593], [59067], [3579], [240], [246778], [6402], [9173], [3577], [639], [6708], [2220], [28514], [3560], [8767], [3594], [6710], [80142], [392636], [192343]]
Mediterranean leishmaniasis:[[7124], [3586], [3569], [3458], [5243], [7099], [3553], [1401], [3106], [7097], [3565], [1493], [3606], [355], [3557], [64127], [5133], [4843], [7132], [356], [3620], [728], [2209]]
Dum-dum fever:[[]]
Mard el bicha:[[]]
Visceral Leishmaniasis:[[3123], [3117], [3586], [3569], [7040], [7099], [1401], [3458], [387582], [3479], [7097], [3606], [50943], [4153], [3565], [64127], [54106], [3486], [1803], [90865], [3600], [3620], [3559], [3593], [59067], [6556], [3579], [240], [246778], [9173], [6402], [3577], [639], [6708], [2220], [28514], [3560], [8767], [3594], [6710], [80142], [392636]]
Fever Black:[[3119], [3123], [7124], [3569], [7157], [7040], [1636], [1401], [4524], [7421], [9370], [3106], [3479], [1080], [5444], [4153], [3952], [3105], [1493], [1234], [1906], [3565], [50943], [2321], [4843], [3953], [959], [57817], [2638], [1910], [2220]]
Burdwan fever:[[4210], [3119], [3123], [7124], [7132], [3553], [3569], [7422], [7157], [3586], [7040], [5243], [90865], [4088], [3559], [7099], [1636], [5743], [1401], [4524], [3576], [3350], [3458], [8737], [85480], [6774], [9370], [3106], [5054], [4790], [7421], [5744], [1080], [4153], [4598], [9173], [7097], [5444], [3717], [3479], [3952], [3383], [7852], [2944], [3146], [114548], [101910199], [5594], [1493], [7096], [3105], [1234], [6347], [4780], [3565], [2952], [2950], [64127], [836], [3552], [5970], [51738], [355], [50943], [3606], [4282], [1432], [30835], [3791], [8600], [3557], [857], [3688], [3690], [796], [1906], [406938], [4982], [5595], [581], [1576], [1268], [2321], [929], [2033], [6772], [4843], [6352], [3757], [282617], [406947], [3627], [2335], [7098], [54106], [356], [2152], [6288], [3953], [4988], [983], [3117], [3596], [23586], [6323], [7412], [959], [8878], [100507436], [4049], [5027], [10451], [3620], [5806], [331], [23405], [811], [57817], [3456], [7057], [2212], [6280], [2312], [3685], [8792], [285], [3689], [3303], [4615], [9021], [22806], [5340], [3570], [5478], [7415], [23274], [7037], [59067], [3439], [2638], [8651], [197], [6493], [2243], [1910], [5610], [6261], [3297], [2876], [7056], [6198], [1437], [9817], [3579], [4691], [5155], [9332], [3684], [284], [5320], [100], [406935], [134430], [1361], [54210], [6573], [10085], [5045], [6777], [7010], [834], [3676], [4599], [1003], [1965], [6348], [6335], [9536], [6890], [406942], [1594], [340061], [7448], [10257], [7145], [57506], [84991], [2209], [9636], [4283], [2215], [51311], [29108], [26986], [728], [10371], [5733], [406934], [7332], [2875]]
Dum Dum fever:[[]]
Kala-Azar:[[387582], [101241899], [101241898], [3586], [3458], [3605], [50943], [5133], [3958], [1803], [50616], [3459]]
Kala-azar:[[387582], [101241899], [101241898], [3586], [3458], [3605], [50943], [5133], [3958], [1803], [50616], [3459]]
VL - Visceral leishmaniasis:[[7099], [3458], [7097], [4153]]
Visceral leishmaniasis:[[3123], [3117], [3586], [3569], [7040], [7099], [1401], [3458], [387582], [3479], [7097], [3606], [50943], [4153], [3565], [64127], [54106], [3486], [1803], [90865], [3600], [3620], [3559], [3593], [59067], [6556], [3579], [240], [246778], [9173], [6402], [3577], [639], [6708], [2220], [28514], [3560], [8767], [3594], [6710], [80142], [392636]]
Indian visceral leishmaniasis:[[3123], [3586], [3569], [7040], [7099], [3117], [1401], [3458], [3565], [7097], [3606], [3479], [50943], [64127], [4153], [54106], [3486], [3593], [1803], [3579], [6402], [8767]]
Sirkari disease:[[1493], [5979], [64127], [11315], [351], [8792], [348], [5071], [1910], [3064], [3586], [6774], [3123], [1029], [6622], [4137], [540], [5310], [3717], [6347], [24], [1201], [6387], [3119], [120892], [335], [7450], [5621], [7422], [3569], [338], [5311], [3949], [3107], [4287], [19], [4023], [5664], [57623], [1071], [3558], [4314], [255738], [4088], [356], [3117], [26191], [1191], [653361], [1586], [958], [26503], [1401], [2629], [4018], [3593], [116519], [6927], [4688], [729230], [3106], [864], [3570], [80339], [7415], [6597], [2244], [59067], [345], [8651], [3115], [10577], [149233], [5314], [6261], [3592], [7957], [1030], [28], [10320], [1234], [3659], [246778], [3990], [4041], [1378], [100048912], [3077], [3383], [6775], [5376], [9173], [2161], [55600], [26058], [7439], [1138], [4361], [4582], [7369], [1956], [1282], [3122], [6653], [4747], [51752], [7124], [4359], [538], [55054], [1136], [6311], [5663], [3931], [3992], [2646], [6584], [337], [9966], [4321], [56606], [217], [1235], [274], [5734], [2524], [7040], [341], [7292], [3953], [4524], [1232], [6272], [5966], [5771], [2308], [54901], [4068], [7332], [8878], [3562], [100507436], [9388], [3084], [2099], [10452], [3559], [6583], [5328], [8301], [1636], [3635], [4693], [1230], [2212], [945], [4318], [29881], [9370], [5243], [367], [4790], [7128], [7421], [64241], [54332], [6403], [1373], [7077], [4846], [94103], [51085], [2243], [10019], [345611], [7015], [4311], [2581], [10221], [56731], [7840], [2876], [940], [6606], [60468], [3595], [2266], [50941], [100359403], [3458], [221692], [10347], [3658], [3133], [2904], [64478], [1394], [64170], [64399], [5594]]
Kala Azar:[[387582], [101241899], [101241898], [3586], [3458], [3605], [50943], [5133], [3958], [1803], [50616], [3459]]
