Juvenile myelomonocytic leukemia NOS:[[6774]]
Juvenile chronic myeloid leukemia:[[3569], [867], [2099], [7157], [7124], [7422], [207], [4524], [7040], [3717], [1499], [3845], [5728], [3553], [2952], [6774], [5743], [596], [3606], [3458], [3576], [26191], [355], [3146], [3162], [7852], [5133], [332], [3135], [6790], [8743], [836], [114548], [3934], [6776], [861], [3559], [3953], [406947], [9590], [1803], [4792], [283120], [1788], [8651], [558], [3439], [22914], [54790], [100133941], [1991], [919], [23092], [7454], [171023], [5004], [3809], [406902], [26040], [107126281]]
Juvenile chronic myelomonocytic leukemia:[[867], [5781], [7157], [3845], [3717], [3815], [861], [4893], [54790], [929], [4210], [1788], [171023], [6427], [406942], [26040], [140685]]
Juvenile myelomonocytic leukaemia:[[867], [5781], [3569], [7157], [3586], [3717], [3845], [861], [6774], [4893], [7097], [54790], [929], [1788], [4210], [1387], [171023], [302], [1437], [406942], [3718], [26040], [9590]]
JMML:[[5781], [7157], [3845], [673], [207], [5728], [3717], [867], [5290], [2322], [4297], [811], [1788], [4067], [7454], [1441], [26040], [6016], [23092], [440193], [107126281]]
Myelomonocytic Leukemias Juvenile:[[7124], [7157], [3717], [861], [3845], [332], [3815], [54790], [929], [1788], [1387], [171023], [6427]]
JCML - Juvenile chronic myeloid leukemia:[[3569], [867], [2099], [7157], [7124], [7422], [207], [4524], [7040], [3717], [1499], [3845], [5728], [3553], [2952], [6774], [5743], [596], [3606], [3458], [3576], [26191], [355], [3146], [3162], [7852], [5133], [332], [3135], [6790], [8743], [836], [114548], [3934], [6776], [861], [3559], [3953], [406947], [9590], [1803], [4792], [283120], [1788], [8651], [558], [3439], [22914], [54790], [100133941], [1991], [919], [23092], [7454], [171023], [5004], [3809], [406902], [26040], [107126281]]
Juvenile chronic myeloid leukaemia:[[861], [3123], [929], [3569], [2099], [7422], [867], [355], [7157], [5728], [596], [3845], [3717], [3586], [207], [7040], [5781], [4524], [3553], [6774], [7099], [673], [3146], [7852], [5743], [2952], [4193], [1788], [7097], [3576], [3606], [5133], [1234], [3135], [3106], [6532], [406947], [54790], [406938], [9590], [5290], [4153], [4893], [1437], [8600], [7128], [6790], [10673], [8651], [675], [1387], [171023], [6667], [4210], [1991], [406942], [652], [1269], [26040], [3718], [2220]]
Juvenile chronic myelomonocytic leukaemia:[[867], [5781], [3569], [7157], [3586], [3717], [3845], [861], [6774], [7097], [54790], [4893], [929], [171023], [1788], [4210], [1387], [9590], [406942], [1437], [26040], [3718]]
LEUKEMIA JUVENILE MYELOMONOCYTIC:[[867], [861], [5781], [4763], [5894], [3569], [3845], [3717], [7124], [7157], [3815], [3586], [1788], [23092], [6774], [4893], [332], [54790], [1385], [7097], [6347], [1387], [171023], [6776], [6427], [929], [9590], [1437], [4210], [302], [3718], [7056], [5806], [406942], [26040], [5293], [7454], [6654], [406881], [389421], [4629], [10661], [406959], [161742], [4666], [8036], [6494], [219285], [92521], [140685], [107126281]]
Juvenile myelomonocytic leukemia:[[867], [861], [5781], [4763], [5894], [3569], [3845], [3717], [7124], [7157], [3815], [3586], [1788], [23092], [6774], [4893], [332], [54790], [1385], [7097], [6347], [1387], [171023], [6776], [6427], [929], [9590], [1437], [4210], [302], [3718], [7056], [5806], [406942], [26040], [5293], [7454], [6654], [406881], [389421], [4629], [10661], [406959], [161742], [4666], [8036], [6494], [219285], [92521], [140685], [107126281]]
Myelomonocytic Leukemia Juvenile:[[867], [861], [5781], [4763], [5894], [3569], [3845], [3717], [7124], [7157], [3815], [3586], [1788], [23092], [6774], [4893], [332], [54790], [1385], [7097], [6347], [1387], [171023], [6776], [6427], [929], [9590], [1437], [4210], [302], [3718], [7056], [5806], [406942], [26040], [5293], [7454], [6654], [406881], [389421], [4629], [10661], [406959], [161742], [4666], [8036], [6494], [219285], [92521], [140685], [107126281]]
JCML - Juvenile chronic myeloid leukaemia:[[861], [3123], [929], [3569], [2099], [7422], [867], [355], [7157], [5728], [596], [3845], [3717], [3586], [207], [7040], [5781], [4524], [3553], [6774], [7099], [673], [3146], [7852], [5743], [2952], [4193], [1788], [7097], [3576], [3606], [5133], [1234], [3135], [3106], [6532], [406947], [54790], [406938], [9590], [5290], [4153], [4893], [1437], [8600], [7128], [6790], [10673], [8651], [675], [1387], [171023], [6667], [4210], [1991], [406942], [652], [1269], [26040], [3718], [2220]]
Juvenile Chronic Myelogenous Leukemia:[[867], [7157], [4524], [207], [3717], [1499], [6774], [3815], [6772], [6790], [1387], [6776], [558], [54790], [3439], [406910], [2621], [171023]]
