T-Lymphocytic Leukemias:[[]]
T-Cell Lymphocytic Leukemia:[[]]
T-Cell Lymphocytic Leukemias:[[]]
Lymphocytic Leukemia T Cell:[[920], [7535], [6886], [3586], [3576], [3558], [51176], [959], [1803], [10018], [912], [6887], [596], [50616], [5788], [3662], [7157], [29126], [4311], [925], [30009], [355], [5366], [3105], [3123], [4267], [3578], [4609], [8115], [914], [6351], [7074], [969], [6367], [7422], [3135], [4790], [1493], [7124], [10578], [3569], [6774], [3195], [3958], [3559], [3458], [4318], [841], [30012], [7040], [59], [207], [3146], [6850], [4851], [406991], [472], [5243], [7852], [3565], [5133], [5290], [5970], [6387], [3394], [7015], [3600], [5594], [3717], [1029], [5728], [3091], [3133], [5743], [7099], [673], [2475], [1030], [972], [960], [406947], [567], [3605], [100507436], [10673], [6347], [7097], [1236], [4193], [1026], [5879], [332], [6777], [3688], [3115], [58], [595], [3676], [5591], [8600], [356], [958], [952], [8743], [3791], [3725], [5294], [5293], [4288], [1027], [7490], [8626], [942], [6772], [6366], [4780], [4313], [2322], [4297], [598], [4170], [7430], [682], [581], [22914], [3162], [80380], [2932], [54106], [5595], [6790], [3689], [4615], [407040], [4684], [2833], [2247], [3320], [639], [2212], [4478], [929], [4843], [25865], [23405], [407008], [9429], [2321], [1869], [54790], [10320], [2056], [10563], [6776], [1901], [5027], [285], [7474], [6693], [2214], [6778], [9314], [5465], [695], [51284], [11200], [3309], [3315], [4345], [6348], [6464], [60], [7037], [4853], [2261], [648], [931], [2309], [4602], [6280], [921], [5074], [3492], [1756], [5580], [57379], [7153], [406942], [1457], [7128], [4067], [865], [5079], [4092], [22943], [1437], [1612], [3303], [1524], [25939]]
T Cell Leukemia:[[6513], [6886], [8115], [5366], [3195], [924], [30012], [8887], [4790], [7157], [7422], [207], [30851], [6988], [7040], [4851], [3196], [5728], [27004], [4318], [4609], [6774], [3344], [23411], [2475], [596], [9623], [1029], [7015], [50943], [29126], [3383], [960], [595], [3605], [1026], [4233], [6696], [355], [5133], [4582], [8743], [3725], [1588], [387], [3082], [6772], [4843], [598], [213], [841], [3558], [7490], [55294], [2033], [196], [6935], [1803], [23705], [6946], [406937], [3559], [768], [7412], [22943], [567], [4316], [23405], [5058], [30835], [1050], [4854], [7474], [8651], [7037], [5777], [3662], [54790], [51284], [1524], [4602], [23476], [1030], [1025], [4067], [3716], [4092], [6441], [1233], [943], [5744], [7014], [3718], [7494], [8850], [3939], [1436], [3178], [9235], [2026], [10628], [6659], [3727], [991], [894], [57142], [6362], [406995], [1739], [7013], [1485], [5062], [896], [7226], [55869], [3292], [824], [4005], [9961], [969], [602], [3560], [3561], [4899], [10460], [406994], [55775], [4102], [10401], [599], [55872], [64919], [51564], [5063], [58508], [10803], [3682], [63976], [64798], [22806], [201633], [4103], [6128], [5527], [1154], [9223], [2355], [10850], [6965], [7750], [4004], [9655], [2275], [407020], [64236], [2826], [80314], [8498], [55885], [57559], [50859], [171558], [100500880], [105373297], [105377310]]
T Lymphocytic Leukemia:[[7430], [60], [4478], [5962], [10803]]
T-Cell Leukemia:[[6513], [6886], [8115], [5366], [3195], [924], [30012], [8887], [4790], [7157], [7422], [207], [30851], [6988], [7040], [4851], [3196], [5728], [27004], [4318], [4609], [6774], [3344], [23411], [2475], [596], [9623], [1029], [7015], [50943], [29126], [3383], [960], [595], [3605], [1026], [4233], [6696], [355], [5133], [4582], [8743], [3725], [1588], [387], [3082], [6772], [4843], [598], [213], [841], [3558], [7490], [55294], [2033], [196], [6935], [1803], [23705], [6946], [406937], [3559], [768], [7412], [22943], [567], [4316], [23405], [5058], [30835], [1050], [4854], [7474], [8651], [7037], [5777], [3662], [54790], [51284], [1524], [4602], [23476], [1030], [1025], [4067], [3716], [4092], [6441], [1233], [943], [5744], [7014], [3718], [7494], [8850], [3939], [1436], [3178], [9235], [2026], [10628], [6659], [3727], [991], [894], [57142], [6362], [406995], [1739], [7013], [1485], [5062], [896], [7226], [55869], [3292], [824], [4005], [9961], [969], [602], [3560], [3561], [4899], [10460], [406994], [55775], [4102], [10401], [599], [55872], [64919], [51564], [5063], [58508], [10803], [3682], [63976], [64798], [22806], [201633], [4103], [6128], [5527], [1154], [9223], [2355], [10850], [6965], [7750], [4004], [9655], [2275], [407020], [64236], [2826], [80314], [8498], [55885], [57559], [50859], [171558], [100500880], [105373297], [105377310]]
T-Lymphocytic Leukemia:[[7430], [60], [4478], [5962], [10803]]
T-Cell Leukemias:[[4851], [2120], [6491], [84101]]
T Lymphocytic Leukemias:[[]]
