Schilling-Type Myeloid Leukemia:[[]]
Acute monocytic leukaemia:[[6774], [2322], [7157], [3569], [3717], [4869], [3553], [7040], [207], [1050], [7422], [3586], [5594], [1788], [3576], [7099], [673], [4609], [7852], [3383], [4297], [1026], [3123], [3106], [5743], [2624], [1234], [7097], [406938], [929], [3606], [3146], [3135], [142], [5781], [5595], [1432], [3105], [406947], [5925], [10673], [4170], [54790], [6667], [1991], [598], [6714], [7128], [5578], [6688], [2022], [5599], [331], [6850], [6093], [5027], [1437], [942], [8797], [406950], [1514], [3206], [100507056], [8431], [239], [51135], [11006], [11240]]
Acute monoblastic leukemia:[[3845], [3576], [960], [1437], [192343]]
Monoblastic Leukemias Acute:[[3845], [4851], [6688]]
Monoblastic Leukemia Acute:[[3845], [3576], [2475], [960], [4851], [4282], [6688], [1437], [4853], [494336], [192343], [574445]]
LEUKEMIA ACUTE MONOCYTIC:[[6774], [2322], [7994], [23522], [1053], [4299], [79870], [4297], [7015], [4170], [3717], [4869], [8028], [3569], [1050], [1788], [4609], [7124], [7157], [2624], [7040], [4790], [7422], [5781], [4300], [3586], [3553], [3576], [4318], [207], [3383], [1026], [7852], [23411], [5594], [5743], [3458], [5468], [29126], [7099], [3952], [7421], [960], [348], [9370], [6347], [673], [3123], [406938], [4313], [3135], [3106], [4988], [3162], [5970], [3394], [4780], [3146], [3565], [8743], [3738], [142], [3606], [406947], [7097], [1432], [3958], [929], [2152], [3688], [356], [5595], [6696], [2321], [3791], [1234], [836], [114548], [5879], [1051], [3934], [3725], [6772], [10673], [3105], [3690], [64127], [5265], [598], [920], [9314], [5925], [5329], [3627], [54790], [3107], [6279], [54106], [3716], [407008], [4602], [6280], [1803], [331], [6688], [1991], [7132], [682], [6850], [7098], [6667], [7056], [6352], [3689], [5578], [7128], [59067], [5599], [4312], [6714], [948], [1437], [4615], [729230], [290], [1436], [3593], [4088], [3684], [7037], [6868], [2022], [7057], [25939], [406950], [820], [6093], [1535], [3592], [5580], [4067], [942], [2212], [6348], [8797], [5027], [6256], [2167], [4087], [1536], [3133], [50507], [1994], [3661], [3329], [3439], [4914], [406907], [2919], [240], [5742], [1236], [6351], [10399], [5657], [5037], [3122], [10801], [5581], [3206], [208], [440], [407015], [760], [1540], [8312], [1514], [1511], [1843], [5168], [639], [382], [941], [4486], [494336], [407010], [3683], [100507056], [5499], [6383], [10578], [200315], [7799], [11240], [79400], [1808], [2920], [10006], [11006], [5813]]
FAB M5:[[3815], [2322], [4297], [867], [23705]]
Myeloid Leukemia Acute M5:[[2322], [3845], [3815], [4869], [1788], [3091], [29126], [4297], [4893], [867], [8028], [4363], [3265], [378938], [1436], [7295], [3491], [10987], [100507056], [9935], [7994], [137196]]
Acute monocytic leukemia:[[7421], [5468], [7852], [5879], [406938], [6772], [4297], [948], [1788], [3716], [2167], [10399], [5037], [1843], [382], [8312], [3738], [6383], [160], [10006], [4300], [50855], [5210], [81617], [9703], [106992256]]
Acute monoblastic leukaemia:[[3845], [4851], [3576], [2475], [6688], [1437], [192343]]
Monocytic Leukemia Acute:[[6774], [2322], [7994], [23522], [1053], [4299], [79870], [4297], [7015], [4170], [3717], [4869], [8028], [3569], [1050], [1788], [4609], [7124], [7157], [2624], [7040], [4790], [7422], [5781], [4300], [3586], [3553], [3576], [4318], [207], [3383], [1026], [7852], [23411], [5594], [5743], [3458], [5468], [29126], [7099], [3952], [7421], [960], [348], [9370], [6347], [673], [3123], [406938], [4313], [3135], [3106], [4988], [3162], [5970], [3394], [4780], [3146], [3565], [8743], [3738], [142], [3606], [406947], [7097], [1432], [3958], [929], [2152], [3688], [356], [5595], [6696], [2321], [3791], [1234], [836], [114548], [5879], [1051], [3934], [3725], [6772], [10673], [3105], [3690], [64127], [5265], [598], [920], [9314], [5925], [5329], [3627], [54790], [3107], [6279], [54106], [3716], [407008], [4602], [6280], [1803], [331], [6688], [1991], [7132], [682], [6850], [7098], [6667], [7056], [6352], [3689], [5578], [7128], [59067], [5599], [4312], [6714], [948], [1437], [4615], [729230], [290], [1436], [3593], [4088], [3684], [7037], [6868], [2022], [7057], [25939], [406950], [820], [6093], [1535], [3592], [5580], [4067], [942], [2212], [6348], [8797], [5027], [6256], [2167], [4087], [1536], [3133], [50507], [1994], [3661], [3329], [3439], [4914], [406907], [2919], [240], [5742], [1236], [6351], [10399], [5657], [5037], [3122], [10801], [5581], [3206], [208], [440], [407015], [760], [1540], [8312], [1514], [1511], [1843], [5168], [639], [382], [941], [4486], [494336], [407010], [3683], [100507056], [5499], [6383], [10578], [200315], [7799], [11240], [79400], [1808], [2920], [10006], [11006], [5813]]
Monocytic Leukemias Acute:[[2322], [3717], [7124], [7157], [7994], [4869], [23522], [4299], [7422], [4297], [1788], [4609], [7852], [3106], [673], [929], [142], [8743], [2321], [3105], [7132], [3791], [9332], [9314], [598], [54790], [4602], [3481], [2022], [6688], [4615], [1436], [8028], [8797], [6404], [3206]]
Acute monocytic leukemia morphology:[[5879], [7421], [7852], [4297], [1788], [382], [6383]]
Myeloid Leukemia Schilling Type:[[]]
Monocytic leukemia acute:[[6774], [2322], [7994], [23522], [1053], [4299], [79870], [4297], [7015], [4170], [3717], [4869], [8028], [3569], [1050], [1788], [4609], [7124], [7157], [2624], [7040], [4790], [7422], [5781], [4300], [3586], [3553], [3576], [4318], [207], [3383], [1026], [7852], [23411], [5594], [5743], [3458], [5468], [29126], [7099], [3952], [7421], [960], [348], [9370], [6347], [673], [3123], [406938], [4313], [3135], [3106], [4988], [3162], [5970], [3394], [4780], [3146], [3565], [8743], [3738], [142], [3606], [406947], [7097], [1432], [3958], [929], [2152], [3688], [356], [5595], [6696], [2321], [3791], [1234], [836], [114548], [5879], [1051], [3934], [3725], [6772], [10673], [3105], [3690], [64127], [5265], [598], [920], [9314], [5925], [5329], [3627], [54790], [3107], [6279], [54106], [3716], [407008], [4602], [6280], [1803], [331], [6688], [1991], [7132], [682], [6850], [7098], [6667], [7056], [6352], [3689], [5578], [7128], [59067], [5599], [4312], [6714], [948], [1437], [4615], [729230], [290], [1436], [3593], [4088], [3684], [7037], [6868], [2022], [7057], [25939], [406950], [820], [6093], [1535], [3592], [5580], [4067], [942], [2212], [6348], [8797], [5027], [6256], [2167], [4087], [1536], [3133], [50507], [1994], [3661], [3329], [3439], [4914], [406907], [2919], [240], [5742], [1236], [6351], [10399], [5657], [5037], [3122], [10801], [5581], [3206], [208], [440], [407015], [760], [1540], [8312], [1514], [1511], [1843], [5168], [639], [382], [941], [4486], [494336], [407010], [3683], [100507056], [5499], [6383], [10578], [200315], [7799], [11240], [79400], [1808], [2920], [10006], [11006], [5813]]
