Syndrome Berardinelli-Seip:[[26580], [857], [9370], [5468], [10555]]
Lipodystrophy Berardinelli-Seip Congenital:[[26580], [857], [5468], [10555], [9370], [100534595]]
Total Lipodystrophy:[[4000], [5468], [857], [7124], [9370], [348], [3952], [3569], [7040], [2200], [3586], [3479], [51738], [3106], [3091], [3458], [3576], [3606], [6347], [3565], [1071], [5346], [3991], [3953], [836], [718], [8074], [56729], [3643], [2688], [2167], [6720], [5950], [26291], [5915], [8742], [1734], [2030], [3177]]
Berardinelli Seip Congenital Lipodystrophy:[[26580], [857], [5468], [10555], [9370], [100534595]]
Berardinelli's syndrome:[[3757], [1280], [114548], [3753], [2074], [7157], [348], [1281], [51085], [546], [80184], [7466], [3845], [673], [8481], [5728], [8195], [7486], [641], [2706], [2317], [4292], [91147], [8626], [1540], [4000], [54658], [1161], [7490], [2033], [6331], [4023], [1071], [5781], [4436], [2263], [3643], [7291], [3784], [2261], [2260], [582], [10806], [8085], [10083], [367], [4683], [207], [84062], [3123], [7468], [4647], [4952], [2200], [1029], [7399], [4810], [201163], [2969], [10804], [6949], [7227], [2492], [775], [7840], [2316], [5428], [3730], [5080], [585], [1278], [54487], [5604], [55612], [2121], [811], [5290], [132884], [4281], [116442], [84100], [2812], [5077], [64127], [79068], [6663], [783], [338], [57167], [1130], [9968], [2332], [1277], [3990], [10743], [7456], [19], [2122], [3265], [6737], [84059], [6741], [3481], [6513], [4089], [23111], [2646], [356], [1285], [1387], [26585], [8976], [7504], [1827], [331], [23405], [9401], [65217], [4893], [672], [4692], [9569], [5894], [4277], [6774], [3117], [1401], [1788], [7401], [7128], [3570], [545], [10163], [583], [10682], [124590], [129880], [54808], [27241], [2138], [79738], [4137], [2475], [60], [3897], [5159], [1364], [8091], [5885], [79803], [2811], [2956], [9993], [5460], [4286], [675], [3717], [8220], [80144], [80025], [999], [3973], [79621], [4193], [64135], [1145], [55212], [2645], [27031], [4851], [1493], [10535], [2131], [1910], [7122], [9031], [4853], [1134], [2146], [100188856], [355], [50943], [105259599], [2153], [9652], [10908], [3664], [7020], [8214], [5308], [10062], [8517], [5076], [27019], [5189], [5395], [1287], [1906], [25825], [3759]]
Berardinelli-Seip congenital lipodystrophy:[[26580], [857], [5468], [10555], [9370], [100534595]]
Lipodystrophies Generalized:[[7040], [4318], [4000]]
Lawrence-Seip syndrome:[[]]
Syndrome Brunzell (with Bone Cysts):[[]]
Seip's syndrome:[[3757], [1280], [114548], [3753], [2074], [7157], [348], [1281], [51085], [546], [80184], [7466], [3845], [673], [8481], [5728], [8195], [7486], [641], [2706], [2317], [4292], [91147], [8626], [1540], [4000], [54658], [1161], [7490], [2033], [6331], [4023], [1071], [5781], [4436], [2263], [3643], [7291], [3784], [2261], [2260], [582], [10806], [8085], [10083], [367], [4683], [207], [84062], [3123], [7468], [4647], [4952], [2200], [1029], [7399], [4810], [201163], [2969], [10804], [6949], [7227], [2492], [775], [7840], [2316], [5428], [3730], [5080], [585], [1278], [54487], [5604], [55612], [2121], [811], [5290], [132884], [4281], [116442], [84100], [2812], [5077], [64127], [79068], [6663], [783], [338], [57167], [1130], [9968], [2332], [1277], [3990], [10743], [7456], [19], [2122], [3265], [6737], [84059], [6741], [3481], [6513], [4089], [23111], [2646], [356], [1285], [1387], [26585], [8976], [7504], [1827], [331], [23405], [9401], [65217], [4893], [672], [4692], [9569], [5894], [4277], [6774], [3117], [1401], [1788], [7401], [7128], [3570], [545], [10163], [583], [10682], [124590], [129880], [54808], [27241], [2138], [79738], [4137], [2475], [60], [3897], [5159], [1364], [8091], [5885], [79803], [2811], [2956], [9993], [5460], [4286], [675], [3717], [8220], [80144], [80025], [999], [3973], [79621], [4193], [64135], [1145], [55212], [2645], [27031], [4851], [1493], [10535], [2131], [1910], [7122], [9031], [4853], [1134], [2146], [100188856], [355], [50943], [105259599], [2153], [9652], [10908], [3664], [7020], [8214], [5308], [10062], [8517], [5076], [27019], [5189], [5395], [1287], [1906], [25825], [3759]]
Beradinelli-Seip syndrome:[[26580], [857], [9370], [5468], [10555]]
Total Lipodystrophies:[[7040], [4318], [4000]]
Lipoatrophic diabetes:[[9370]]
Congenital generalised lipodystrophy:[[]]
Congenital total lipodystrophy:[[857], [4000], [5468], [7124], [7040], [9370], [3569], [3952], [2200], [3479], [3106], [3091], [51738], [3458], [3953], [2688]]
Lipodystrophy Generalized:[[284119], [26580], [857], [4000], [7124], [10555], [348], [3586], [3952], [3569], [3091], [7040], [3106], [3576], [3458], [6347], [3565], [56729], [718], [2353], [5696]]
Lipodystrophy Congenital Generalized:[[284119], [26580], [857], [4000], [10555], [7124], [7040], [3952], [3569], [3091], [3106], [3458], [2353]]
Total lipoatrophy:[[7124], [56729], [1734], [5346]]
Lawrence syndrome:[[55600]]
Lipodystrophies Congenital Generalized:[[4000], [7040]]
Congenital generalized lipodystrophy:[[284119], [26580], [857], [4000], [10555], [7124], [7040], [3952], [3569], [3091], [3106], [3458], [2353]]
Lipoatrophic diabetes mellitus:[[]]
Berardinelli Seip Syndrome:[[26580], [857], [9370], [5468], [10555]]
