Low back pain:[[7124], [3569], [3553], [1312], [3576], [7099], [6347], [23411], [3606], [4312], [3552], [114548], [4314], [7132], [9518], [7442], [842], [6678], [1269], [834], [8200], [176], [9507], [11096]]
Low Backache:[[]]
Low Backaches:[[]]
Pain Lower Back:[[3569], [7124], [3586], [1312], [3553], [4914], [6532], [348], [2099], [6347], [3576], [7040], [7099], [1636], [3106], [1565], [154], [3952], [5468], [3458], [4137], [6647], [1268], [7097], [23411], [3606], [3552], [5594], [4312], [4314], [2321], [7442], [7132], [5595], [729230], [114548], [1910], [2335], [23621], [3375], [2896], [2260], [1269], [3303], [9518], [842], [834], [2081], [1909], [3662], [1082], [176], [972], [9507], [11096], [27430]]
Low Back Ache:[[]]
Low Back Aches:[[]]
Lower back pain:[[]]
Nonspecific pain in the lumbar region:[[]]
Low back syndrome:[[348], [7157], [114548], [3845], [8626], [367], [4973], [2260], [4647], [6653], [1277], [3953], [356], [4089], [4137], [5460], [3569], [472], [7124], [5594], [1956], [3075], [5468], [10413], [7040], [1312], [7099], [3586], [7132], [2099], [3553], [1910], [1636], [3576], [3106], [1131], [6532], [7015], [958], [3952], [3458], [998], [6347], [7097], [8200], [3606], [3077], [6647], [23411], [25939], [185], [154], [2321], [114781], [3064], [5610], [4233], [3688], [3791], [5595], [4312], [581], [1565], [3552], [1000], [9518], [2335], [2896], [1268], [5265], [4314], [3685], [7442], [8864], [56606], [2521], [100], [387], [23621], [4221], [1385], [842], [4914], [3303], [540], [9575], [7295], [6678], [729230], [1269], [4915], [3676], [6660], [3375], [834], [773], [5515], [2547], [5579], [4625], [1509], [7494], [1812], [3959], [84634], [176], [4208], [1082], [6402], [4287], [8452], [406922], [9507], [24145], [26249], [288], [51185], [117579]]
LBP - Low back pain:[[3569], [7124], [3553], [7099], [3576], [3552], [6678]]
Lumbago:[[]]
Pain Low Back:[[348], [3569], [7124], [3586], [4914], [1312], [3553], [6532], [7099], [2099], [6347], [5468], [3576], [7040], [1636], [3106], [5594], [3952], [3458], [4137], [1565], [154], [5595], [6647], [7097], [23411], [1268], [3606], [7132], [4312], [3552], [2335], [114548], [2321], [7442], [4314], [842], [1910], [23621], [9518], [1269], [2260], [2896], [3303], [729230], [3375], [6678], [834], [773], [4916], [7494], [2081], [8200], [3662], [176], [1082], [9507], [11096], [288], [6660], [55799]]
Lumbalgia:[[]]
Pains Lower Back:[[3688]]
Lumbago NOS:[[4843], [4842], [4846], [1956], [7422], [3091], [351], [2099], [6774], [5243], [5743], [1499], [6622], [3479], [29126], [3458], [339345], [154], [23411], [6648], [3162], [355], [6714], [857], [6667], [1027], [1559], [8743], [3791], [3757], [3320], [1756], [56729], [796], [5295], [4792], [4035], [801], [1509], [111365141], [383], [3753], [23569], [823], [953], [5592], [6097], [9722], [384], [23564], [79924], [6541], [2982], [11184], [406963], [7270], [2983], [2232], [2977], [340719]]
Lumbar pain:[[6335], [3569], [7124], [4914], [3586], [3553], [2099], [1401], [627], [1312], [7040], [348], [3576], [4318], [9370], [4982], [3479], [3952], [3123], [6647], [4137], [5468], [3458], [650], [3605], [4314], [3557], [3552], [50943], [3606], [7132], [3119], [2643], [4803], [8600], [4312], [1588], [406947], [2335], [7133], [9365], [1280], [842], [176], [358], [8792], [8200], [9507], [11096], [1302], [6775079]]
Pains Low Back:[[3688]]
