Malignant lymphoma follicle center:[[4790], [2146]]
Follicular low grade B-cell lymphoma:[[595], [3119], [604], [596], [2214], [4609], [7157], [9429], [7422], [3569], [7124], [1029], [5728], [7040], [6774], [673], [29126], [3586], [5133], [4524], [3845], [1499], [2146], [7852], [3091], [2475], [367], [5290], [3576], [4193], [3953], [581], [332], [1026], [5243], [675], [960], [5970], [4233], [7421], [3717], [406947], [50943], [2944], [4851], [3958], [5820], [355], [3934], [3135], [406938], [4311], [2952], [6513], [3791], [6347], [4170], [2113], [23411], [598], [5595], [4684], [643], [3558], [6772], [958], [6382], [8651], [406952], [27086], [6935], [57379], [285], [10673], [6850], [6469], [5347], [387], [4830], [1030], [7080], [331], [54790], [7474], [3662], [10018], [2033], [567], [3624], [407035], [6591], [6778], [84868], [2625], [931], [4548], [3716], [23410], [7528], [2194], [5604], [23476], [3567], [10563], [407048], [3604], [57575], [192343]]
Malignant lymphoma centroblastic-centrocytic follicular:[[]]
Follicular non-Hodgkin lymphoma:[[596], [604], [7157], [7124], [4026], [3586], [673], [7040], [4524], [5728], [3952], [1029], [4609], [29126], [6774], [7421], [3958], [2146], [3123], [5243], [595], [6387], [2475], [643], [1493], [1026], [3558], [332], [2321], [1027], [5925], [50943], [3135], [3791], [406947], [581], [3559], [567], [10673], [5347], [3627], [958], [84868], [7298], [2214], [10018], [2212], [4548], [5156], [8651], [9314], [7528], [3716], [4179], [3567], [10155], [2208], [4283], [3394], [931], [2030], [602], [639], [5336], [23495], [115650], [8744]]
Brill - Symmers' disease:[[]]
Lymphoma Follicular:[[596], [3119], [604], [643], [595], [4609], [5820], [2625], [2531], [57379], [100306940], [10563], [340152], [602], [942], [3596], [7157], [3123], [7422], [3107], [3569], [868], [2113], [7124], [5728], [257144], [4026], [4524], [1956], [7040], [1029], [3576], [4318], [3586], [673], [5743], [84868], [29126], [5133], [6774], [3845], [29113], [2146], [5243], [7015], [3952], [1499], [3565], [2475], [4193], [2099], [5468], [3091], [3958], [7852], [59067], [4851], [7421], [6387], [3717], [1026], [332], [5290], [1027], [581], [367], [5925], [4288], [355], [50943], [4170], [3479], [4313], [2952], [4311], [2944], [1401], [1493], [4233], [406947], [5970], [23411], [960], [3458], [5551], [675], [3605], [3553], [3558], [3559], [10673], [3480], [387], [6622], [3791], [5594], [6347], [2214], [9429], [10018], [3600], [6772], [3557], [2100], [598], [3135], [4684], [682], [4893], [2321], [920], [1387], [6850], [3606], [567], [27086], [958], [406938], [8651], [5347], [5879], [5595], [2908], [3934], [406952], [1803], [6696], [7424], [959], [4582], [8170], [6469], [2033], [695], [7076], [54790], [3688], [3492], [3690], [1191], [3662], [4292], [4153], [1030], [5156], [4312], [4548], [7298], [3953], [9332], [6513], [8837], [6778], [5265], [2335], [10135], [331], [23405], [3627], [8600], [2212], [3624], [7057], [7291], [5295], [3718], [3716], [285], [378938], [578], [3593], [5159], [9314], [2213], [6935], [931], [4005], [2597], [5027], [4323], [283120], [6382], [3418], [11186], [998], [639], [7528], [22914], [4853], [4791], [8741], [94025], [406942], [4316], [7474], [3164], [4830], [3592], [5228], [6678]]
Malignant lymphoma nodular:[[3091], [1027], [2261], [1844]]
Nodular lymphoma:[[]]
Malignant lymphoma follicle center follicular:[[2146]]
Disease Brill-Symmers:[[]]
Follicular lymphosarcoma:[[]]
Malignant lymphoma follicle centre:[[]]
Follicular non-Hodgkin's lymphoma:[[3119], [596], [7422], [7157], [3569], [3586], [3576], [4318], [3952], [5243], [3565], [4609], [3123], [5743], [3091], [367], [2146], [4313], [3553], [2944], [332], [675], [6387], [3717], [5290], [1493], [2952], [1027], [5925], [3557], [604], [3559], [10673], [3558], [682], [2033], [1387], [7424], [959], [10018], [27086], [6850], [4791], [6678], [94025], [931], [8741]]
Giant follicular lymphoma:[[]]
Nodular malignant lymphoma:[[3091], [1027], [2261], [1844]]
Lymphomas Follicular:[[596], [7157], [7422], [3569], [4609], [7124], [673], [1029], [7040], [29126], [4318], [5728], [6774], [2146], [3586], [3576], [5133], [7015], [5743], [3845], [3091], [604], [4851], [595], [2475], [4313], [3565], [7852], [999], [3553], [5594], [1499], [4193], [1027], [6387], [643], [3717], [355], [1493], [3605], [5290], [4893], [5820], [5970], [23411], [960], [3606], [27086], [5925], [406947], [1026], [2321], [387], [4288], [5595], [3791], [6696], [4311], [50943], [4292], [3135], [1950], [581], [9429], [6850], [3559], [1803], [3492], [4170], [10673], [3558], [10135], [7424], [5347], [4684], [2697], [7076], [57379], [598], [958], [5156], [1457], [3662], [331], [23405], [3593], [998], [8651], [1030], [9314], [6935], [4791], [2625], [3418], [406952], [22914], [1612], [4803], [3164], [6778], [4830], [3592], [8764], [7528], [54790], [4853], [2324], [896], [29851], [10643], [23410], [639], [10563], [6404], [3567], [4005], [5551], [8741], [572], [406942], [2208], [406881], [3718], [931], [5293], [3394], [602], [1460], [664], [8085], [5336], [3604], [1459], [2277], [6768], [4172], [23495], [407975], [8013], [115650], [8744], [257144], [100271849], [4332], [2145], [89857], [9242], [327657], [192343]]
Germinoblastoma follicular:[[3119], [596], [7157], [7422], [3569], [673], [7040], [4318], [5728], [7124], [3576], [5468], [3107], [7015], [1956], [3952], [4524], [260436], [1029], [2099], [3845], [4609], [3586], [2531], [3479], [5743], [3091], [367], [627], [2113], [5133], [29126], [3958], [2146], [6774], [3123], [7421], [4313], [3565], [5243], [1401], [999], [3553], [5979], [7852], [1499], [3458], [340152], [4193], [2475], [6622], [59067], [643], [2944], [4851], [595], [675], [6387], [6347], [3717], [3605], [5820], [100306940], [4893], [5290], [942], [920], [268], [960], [5594], [2100], [1493], [1026], [2321], [332], [2952], [3265], [177], [1027], [5970], [51738], [23411], [3606], [4233], [5925], [406938], [4288], [3480], [2908], [3934], [4311], [3557], [604], [6696], [355], [50943], [3135], [1906], [6648], [183], [1950], [3791], [857], [3688], [3690], [4292], [3630], [406947], [79068], [4582], [4153], [9429], [5879], [5595], [10413], [4312], [324], [2332], [6772], [581], [5265], [1588], [5747], [682], [3558], [387], [10135], [4982], [2033], [1387], [3559], [1803], [3953], [3486], [6513], [4170], [4684], [3643], [2335], [8600], [10673], [7849], [2697], [7076], [56729], [598], [3481], [1191], [5347], [3624], [959], [3627], [958], [7098], [5295], [7291], [3600], [5329], [59272], [285], [3596], [7253], [7298], [7424], [2214], [1457], [10018], [2213], [6469], [5027], [4323], [5806], [378938], [9518], [331], [23405], [5328], [133], [11186], [3593], [998], [4026], [84868], [27086], [7057], [2212], [2312], [7018], [6794], [6935], [652], [22943], [5156], [57379], [6850], [567], [283120], [4316], [23586], [5159]]
Lymphomas Giant Follicular:[[3576], [596], [7157], [7422], [673], [3569], [4318], [7124], [29126], [1029], [7040], [3586], [5133], [7015], [3845], [595], [5743], [2475], [3091], [999], [4193], [4313], [3565], [1499], [3605], [4893], [5290], [4288], [3606], [1026], [581], [6696], [3559], [4170], [10673], [3558], [10135], [2697], [7424], [958], [5156], [3593], [1030], [3418], [22914], [3592], [10643], [192343]]
Brill Symmers Disease:[[]]
Lymphoma Giant Follicular:[[596], [3576], [595], [7157], [3123], [3569], [3596], [7422], [7124], [4318], [673], [1029], [3586], [1956], [7040], [29126], [5743], [5133], [3845], [2475], [4193], [1499], [3091], [7015], [3565], [581], [59067], [4288], [1026], [332], [5290], [3479], [4170], [3605], [4313], [3458], [4233], [3558], [3559], [10673], [6772], [682], [4893], [3600], [2100], [958], [3606], [5879], [6696], [7424], [959], [4582], [6469], [5156], [3690], [1191], [8600], [1030], [4312], [9332], [10135], [7291], [3593], [2597], [3418], [22914], [7080], [3592], [10643], [6364], [1435], [968], [890], [192343]]
Nodular Lymphoma:[[]]
Nodular Lymphomas:[[6965]]
Malignant lymphoma follicle centre follicular:[[]]
Nodular lymphosarcoma:[[]]
Malignant lymphoma lymphocytic nodular:[[3091], [1027], [2261]]
Follicular lymphoma unspecified:[[596], [7157], [2099], [7422], [1029], [7040], [7124], [5925], [4609], [2033], [5594], [595], [1387], [675], [5595], [7852], [598], [960], [6387], [6772], [5347], [3559], [8651], [6850], [7424], [10018], [5604], [8741], [3009]]
Malignant lymphoma follicular:[[4524], [1029], [3091], [2146], [1027], [3559], [7298], [57379], [931], [6470]]
Follicular lymphoma:[[3119], [596], [7157], [3107], [7422], [4524], [7124], [7040], [2531], [4609], [3586], [2113], [1029], [2099], [3123], [2146], [3576], [340152], [2475], [7852], [5133], [675], [5820], [100306940], [942], [5594], [595], [3565], [960], [4851], [6387], [5925], [50943], [604], [4292], [4153], [5595], [3557], [643], [4288], [2033], [4311], [6772], [1387], [3559], [5347], [8600], [10135], [7298], [598], [2214], [958], [10673], [4026], [10018], [2212], [6850], [567], [7424], [7517], [57379], [29113], [59067], [1030], [8651], [3115], [22914], [4548], [94025], [7528], [695], [5604], [2597], [9332], [6778], [406952], [3662], [4179], [8289], [27086], [1612], [3492], [407035], [4853], [8741], [406942], [10381], [3567], [1915], [8764], [8170], [4005], [4283], [6891], [8085], [2208], [712], [406979], [896], [5563], [6470], [3394], [226], [23495], [386653], [140885], [10672], [115650], [968], [60468], [50615], [57476], [79415], [3009], [9180], [6660], [5689], [201633], [3006], [3008], [5452], [100271849], [3007], [257144], [526], [4332], [83478], [537], [53632], [3899], [51237], [133396], [9242], [286530], [327657], [23460], [693203], [56112], [10349]]
