Histiocytic Lymphomas:[[]]
Malignant lymphoma - large cell cleaved and non-cleaved:[[]]
Diffuse non-Hodgkin's lymphoma large cell (clinical):[[7157], [596], [7422], [3586], [4609], [3106], [3383], [3569], [6387], [3565], [604], [3119], [3576], [3553], [5925], [3717], [3559], [10673], [4790], [367], [3105], [3091], [4683], [931], [6850], [4204], [2146], [4318], [5243], [5290], [974], [3578], [1236], [1493], [5743], [3939], [4255], [2950], [947], [3557], [4313], [332], [2068], [2033], [27086], [7424], [238], [2735], [2944], [1387], [4049], [2952], [6678], [6653], [2736], [406984], [399], [79444], [92140], [720], [4791], [8741], [5966]]
Malignant lymphoma histiocytic diffuse:[[]]
Malignant lymphoma large B-cell diffuse:[[1029], [4790], [4524], [3091], [2146], [931], [3559], [57379], [7298], [6470]]
Lymphoma Large Cell Diffuse:[[596], [1029], [4609], [604], [3106], [7157], [595], [3815], [7422], [3586], [4851], [3119], [1956], [8915], [2625], [3569], [3383], [5788], [7040], [6469], [5820], [406991], [3565], [7124], [1499], [84868], [207], [7852], [6352], [1021], [8626], [6387], [2064], [942], [11200], [57379], [5468], [1030], [5777], [960], [958], [4193], [2475], [10892], [7015], [2263], [3576], [5728], [7535], [1236], [4582], [5133], [975], [3553], [5347], [581], [5925], [5819], [983], [695], [6774], [29126], [238], [355], [1803], [387], [4602], [8115], [50943], [4170], [3479], [2099], [3717], [3146], [1020], [10673], [4233], [257144], [4684], [4790], [9370], [1026], [7057], [931], [6850], [572], [4683], [7048], [84433], [3791], [3105], [1436], [5594], [930], [3845], [367], [3091], [6513], [23411], [6347], [3559], [2017], [605], [966], [3958], [407040], [974], [55770], [917], [2146], [80380], [5079], [3135], [4005], [8648], [3055], [472], [7082], [6622], [7494], [5293], [54790], [768], [836], [991], [6957], [4267], [939], [4318], [115650], [5290], [3578], [79679], [4204], [8317], [896], [6362], [4853], [9314], [2335], [54658], [3567], [3939], [7132], [4026], [6657], [5243], [5743], [4089], [5970], [10320], [9131], [4524], [1493], [3811], [6198], [3604], [7184], [27086], [5156], [673], [406938], [2113], [2950], [7421], [729230], [4255], [59067], [7099], [3624], [4780], [332], [1490], [1401], [3574], [6664], [406950], [961], [891], [3557], [3725], [54106], [5966], [4615], [2033], [7177], [947], [5996], [951], [8863], [406976], [4313], [2068], [7424], [7128], [407007], [8651], [3662], [3620], [921]]
Lymphoma diffuse large B cell non Hodgkins:[[3569], [7422], [7124], [5743], [3576], [3662], [943], [931], [6778]]
Malignant lymphoma large cell cleaved and noncleaved:[[]]
Lymphoma Large Lymphoid Diffuse:[[3119], [4609], [10892], [596], [1029], [8915], [3106], [2625], [7157], [57379], [10320], [7040], [1499], [1236], [8085], [4790], [3586], [3845], [7124], [54790], [6774], [3553], [3569], [6387], [7015], [581], [4524], [2475], [29126], [4851], [673], [7852], [5743], [5133], [5728], [207], [5966], [3717], [5243], [4318], [472], [5290], [3815], [3383], [2064], [2146], [355], [4853], [3576], [332], [7132], [367], [406947], [3725], [605], [1387], [1026], [7099], [50943], [4683], [3479], [3662], [4313], [3565], [943], [1493], [27086], [2214], [4311], [3105], [4049], [2944], [7128], [3559], [6469], [3791], [695], [59067], [3135], [4204], [10673], [567], [3620], [639], [4780], [3418], [4089], [958], [84433], [921], [196], [5595], [3065], [5079], [406938], [2260], [10013], [3492], [7298], [5292], [3716], [7057], [930], [5788], [8741], [3066], [7535], [6566], [1490], [330], [6382], [729230], [6664], [2833], [1901], [947], [407008], [4267], [3551], [3939], [80380], [3574], [3578], [2313], [2026], [4261], [407018], [79444], [10111], [939], [3055], [2744], [79679], [5142], [407010], [3394], [121504], [3604], [2277], [10318], [60468], [976], [917], [9436], [3581], [5996]]
Malignant lymphoma histiocytic:[[]]
Malignant lymphoma large B-cell diffuse no International Classification of Diseases for Oncology subtype:[[]]
Diffuse malignant lymphoma - histiocytic:[[]]
Diffuse Large-Cell Lymphomas:[[1803], [7424], [2324]]
Lymphoma Large B-Cell Diffuse:[[596], [3119], [604], [1029], [4609], [595], [8915], [3569], [2625], [5820], [3106], [695], [238], [3565], [257144], [942], [10892], [7422], [958], [10673], [84433], [7157], [3586], [57379], [1030], [605], [974], [10320], [2099], [7040], [1499], [5079], [581], [8648], [7124], [54790], [6774], [4790], [115650], [3567], [7015], [2475], [3845], [8626], [4524], [29126], [1236], [8115], [5728], [4851], [673], [11200], [472], [6387], [207], [3553], [5133], [54106], [5966], [4026], [1956], [3815], [5788], [4193], [2146], [406991], [3717], [3091], [7099], [7852], [5290], [5743], [5243], [4853], [4615], [3576], [4318], [1026], [332], [4170], [55770], [355], [27086], [836], [50618], [406947], [3383], [5970], [1493], [3725], [4233], [6850], [7128], [59067], [2950], [407040], [7048], [9370], [2272], [7421], [1387], [50943], [7132], [64411], [84868], [2214], [931], [5996], [1401], [5925], [3396], [4311], [930], [3662], [3135], [8651], [943], [3559], [4188], [975], [5594], [367], [960], [9429], [5347], [2033], [4255], [2263], [4602], [2068], [3958], [4288], [9242], [3791], [7515], [23411], [387], [952], [639], [3105], [2952], [4049], [6778], [2308], [327657], [2944], [5595], [5293], [2531], [2113], [921], [6347], [6469], [4005], [55294], [8085], [7494], [4854], [196], [5777], [3620], [4204], [567], [1612], [3492], [4684], [406952], [3716], [966], [3065], [2305], [7535], [7153], [5579], [54658], [1786], [5444], [973], [4780], [331], [3480], [572], [3574], [4282], [3566], [3953], [5292], [9212], [6513], [4683], [406938], [330], [4792], [4548], [2078], [7424], [1901], [8741], [2208], [6664]]
Lymphoma Large-Cell Diffuse:[[596], [4609], [604], [238], [595], [7157], [6774], [3845], [4790], [3586], [7124], [29126], [1956], [2475], [1499], [207], [1436], [5728], [4851], [2146], [3717], [5290], [4233], [836], [581], [8626], [3576], [2064], [406947], [2950], [355], [4170], [5925], [7015], [3815], [943], [3662], [4313], [3791], [27086], [59067], [3620], [7424], [6469], [1803], [4684], [5156], [6790], [5079], [4204], [2272], [7048], [6657], [3716], [7291], [5788], [4627], [3578], [4267], [406950], [2737], [4791], [2313], [6957], [1326], [945], [976], [442891], [9242]]
Malignant lymphoma large cell:[[1029], [6403], [931], [919], [1027], [57379], [3091], [3559], [4790], [4068], [2146], [2261], [4524], [7298], [7014], [10987], [6470]]
Diffuse large B-cell lymphoma:[[3119], [4609], [1029], [595], [3106], [604], [7422], [1030], [5820], [7157], [1499], [7040], [7124], [3845], [3586], [11200], [3569], [596], [6774], [4790], [2475], [54790], [8648], [942], [29126], [4524], [8626], [673], [207], [5133], [5728], [4851], [5290], [406991], [4193], [3717], [3396], [7852], [4615], [238], [581], [5243], [7132], [5970], [2146], [2272], [3815], [7048], [406947], [4233], [472], [367], [54106], [4170], [3091], [332], [4853], [7421], [55770], [2950], [50618], [1387], [3576], [9429], [407040], [27086], [2214], [3662], [4311], [355], [1026], [8651], [3725], [2068], [943], [4255], [10892], [6347], [64411], [5347], [960], [4854], [836], [3135], [4188], [3958], [7515], [2944], [50943], [387], [7128], [23411], [6469], [1493], [975], [695], [59067], [2952], [54658], [3791], [3620], [3559], [2308], [55294], [2033], [3565], [6778], [3566], [921], [7153], [639], [958], [84433], [2305], [3953], [1786], [2078], [974], [5595], [331], [57379], [196], [3492], [4684], [4005], [406938], [8085], [2625], [4049], [567], [6513], [931], [2335], [3065], [213], [2212], [983], [2194], [2735], [6850], [7298], [57817], [7494], [10673], [6935], [4792], [3570], [5788], [3716], [572], [10320], [23405], [966], [1977], [2056], [7080], [4548], [6566], [6198], [898], [8915], [6382], [4830], [1535], [3014], [7150], [406952], [5292], [3066], [9353], [5294], [9212], [84868], [729230], [10013], [4683], [4904], [952], [5966], [7189], [23410], [60], [8850], [6678], [2208], [7535], [3551], [5604], [7295], [2113], [5777], [6591], [406913], [8837], [23476], [891], [407007], [2017], [9122], [6653]]
Diffuse non-Hodgkin lymphoma large cell:[[1029], [596], [7157], [3586], [4609], [3106], [604], [7040], [7124], [595], [8626], [6387], [84868], [5777], [958], [2475], [5728], [5347], [6774], [5925], [29126], [581], [3146], [50943], [10673], [4683], [3791], [1026], [931], [966], [7082], [3135], [3958], [3559], [974], [79679], [5079], [472], [939], [2146], [9314], [115650], [836], [3567], [4026], [3939], [1493], [10320], [4524], [5243], [673], [5156], [7421], [54106], [4255], [332], [2068], [3725], [3620], [4615], [8651], [567], [4049], [921], [7515], [639], [3670], [943], [406947], [2214], [57817], [3394], [196], [605], [3716], [1604], [5579], [7298], [3014], [5336], [9212], [2212], [4283], [7486], [973], [4548], [2208], [7187], [10318], [3587], [3588]]
Diffuse Histiocytic Lymphomas:[[]]
Diffuse malignant lymphoma - large cell:[[1029], [4790], [931], [57379], [3091], [3559], [2146], [4524], [7298], [6470]]
Lymphoma Histiocytic:[[596], [5966], [7124], [84868], [673], [9332], [5781], [64421], [5079], [1050], [8085], [6688], [930], [968], [4345]]
Malignant lymphoma large B-cell diffuse no ICD-O subtype:[[3091]]
Malignant lymphoma large B-cell:[[1029], [4524], [4790], [3091], [2146], [931], [3559], [1027], [57379], [2261], [7298], [4068], [6470]]
Diffuse Large B Cell Lymphoma:[[3119], [4609], [1029], [595], [3106], [604], [7422], [1030], [5820], [7157], [1499], [7040], [7124], [3845], [3586], [11200], [3569], [596], [6774], [4790], [2475], [54790], [8648], [942], [29126], [4524], [8626], [673], [207], [5133], [5728], [4851], [5290], [406991], [4193], [3717], [3396], [7852], [4615], [238], [581], [5243], [7132], [5970], [2146], [2272], [3815], [7048], [406947], [4233], [472], [367], [54106], [4170], [3091], [332], [4853], [7421], [55770], [2950], [50618], [1387], [3576], [9429], [407040], [27086], [2214], [3662], [4311], [355], [1026], [8651], [3725], [2068], [943], [4255], [10892], [6347], [64411], [5347], [960], [4854], [836], [3135], [4188], [3958], [7515], [2944], [50943], [387], [7128], [23411], [6469], [1493], [975], [695], [59067], [2952], [54658], [3791], [3620], [3559], [2308], [55294], [2033], [3565], [6778], [3566], [921], [7153], [639], [958], [84433], [2305], [3953], [1786], [2078], [974], [5595], [331], [57379], [196], [3492], [4684], [4005], [406938], [8085], [2625], [4049], [567], [6513], [931], [2335], [3065], [213], [2212], [983], [2194], [2735], [6850], [7298], [57817], [7494], [10673], [6935], [4792], [3570], [5788], [3716], [572], [10320], [23405], [966], [1977], [2056], [7080], [4548], [6566], [6198], [898], [8915], [6382], [4830], [1535], [3014], [7150], [406952], [5292], [3066], [9353], [5294], [9212], [84868], [729230], [10013], [4683], [4904], [952], [5966], [7189], [23410], [60], [8850], [6678], [2208], [7535], [3551], [5604], [7295], [2113], [5777], [6591], [406913], [8837], [23476], [891], [407007], [2017], [9122], [6653]]
Lymphoma Histiocytic Diffuse:[[596], [7124], [5966], [673], [84868], [9332], [5079], [8085], [930]]
Diffuse non-Hodgkin's lymphoma large cell:[[7157], [596], [7422], [3586], [4609], [3106], [3383], [3569], [3565], [604], [6387], [3119], [3576], [3553], [5925], [10673], [3717], [4683], [3105], [931], [4790], [367], [6850], [3091], [3559], [974], [1236], [4204], [2146], [3578], [4318], [5243], [5290], [3939], [1493], [5743], [4255], [947], [27086], [2950], [3557], [2033], [4313], [332], [2068], [7424], [238], [2735], [1387], [4049], [2944], [6678], [2952], [6653], [406984], [2736], [399], [79444], [4791], [720], [4361], [92140], [8741], [10111], [5966]]
