Plasmodium Infections:[[]]
Plasmodiosis:[[]]
Unspecified malaria:[[7124], [7157], [7422], [7040], [348], [5743], [836], [3558], [355], [2321], [493], [285], [114548], [7132], [7133], [6850], [834], [3559], [6868], [3659], [3566], [8741], [2057], [975], [3572], [3594], [1903]]
Malaria:[[3043], [7124], [2539], [3383], [28], [4843], [948], [2212], [7157], [3586], [3569], [6521], [1378], [7040], [7099], [7422], [3458], [348], [3553], [2532], [3565], [5243], [1401], [3123], [3106], [4846], [1636], [7097], [5743], [4318], [3576], [3162], [54106], [2950], [2213], [3479], [2993], [2944], [3105], [4780], [1012], [3606], [5133], [3135], [4153], [2952], [114609], [1565], [154], [355], [1493], [57817], [91752], [1906], [3558], [7450], [50943], [4282], [3240], [285], [3557], [836], [3627], [10673], [2994], [493], [406938], [2321], [4312], [1644], [19], [185], [959], [259197], [114548], [682], [4982], [3107], [2309], [2778], [11093], [3593], [255738], [7132], [10544], [3953], [6352], [6513], [958], [2056], [284], [356], [59272], [1490], [7133], [2022], [90865], [1116], [3559], [2214], [7412], [4049], [6850], [6868], [135], [4615], [3592], [2215], [4842], [2995], [59067], [1536], [3659], [1154], [7056], [3456], [84868], [50616], [3566], [6279], [949], [6606], [1113], [9332], [6376], [3002], [6288], [407018], [6778], [27161], [64135], [5313], [246778], [51561], [3574], [57379], [1604], [2057], [8741], [975], [834], [710], [7531], [7096], [26762], [966], [54210], [3572], [6348], [80781], [5196], [3251], [6341], [112744], [3459], [931], [4283], [708], [30061], [3454], [823], [6037], [111365141], [6708], [2217], [1118], [6362], [728], [9582], [653361], [8766], [7178], [10859], [7293], [6948], [3562], [3587], [824], [9780], [2220], [10747], [3804], [10333], [3594], [2869], [7167], [10578], [6710], [1727], [3903], [23765], [3902], [3046], [7919], [3998], [2936], [1903], [6349], [3810], [57292]]
Paludism:[[]]
Disease caused by Plasmodiidae:[[]]
Malaria unspecified:[[7124], [7157], [7422], [7040], [348], [5743], [836], [3558], [355], [2321], [493], [285], [114548], [7132], [7133], [6850], [834], [3559], [6868], [3659], [3566], [8741], [2057], [975], [3572], [3594], [1903]]
Remittent Fever:[[]]
Disease due to Plasmodiidae:[[]]
Marsh Fever:[[]]
Plasmodium Infection:[[3558], [84868], [940], [1969], [942]]
Malarial fever:[[7124], [3553], [3586], [5743], [4524], [3458], [3383], [2944], [3606], [3105], [3565], [2950], [4282], [4843], [6352], [54106], [2212], [3596], [959], [197], [100]]
