MASTSYS:[[]]
Systemic mast cell disease:[[3815], [26511]]
Systemic Mastocytoses:[[]]
Systemic tissue mast cell disease:[[3815], [26511]]
MASTOCYTOSIS SYSTEMIC:[[5133], [3569], [3815], [960], [29126], [5156], [6347], [7097], [3717], [1029], [596], [673], [3559], [3596], [7412], [861], [2022], [943], [22943], [2260], [3570], [1788], [7052], [4893], [54790], [4803], [11315], [4915], [1392], [4914], [1394], [1113], [171023], [634], [8289], [6427], [7177], [386653], [389421], [1511], [3563], [914], [27087], [3568], [81608], [55500], [192343]]
Systemic Mast-Cell Diseases:[[]]
Systemic Mast-Cell Disease:[[3815], [26511]]
SMCD - systemic mast cell disease:[[]]
Systemic Mastocytosis:[[3815], [673], [3717], [29126], [6347], [960], [5133], [861], [3559], [2260], [3596], [7412], [4893], [22943], [5156], [11315], [54790], [943], [8289], [171023], [6427], [389421], [7177], [3563], [914], [3568], [81608], [55500]]
Systemic Mast Cell Disease:[[3815], [26511]]
Systemic mastocytosis:[[3815], [673], [3717], [29126], [6347], [960], [5133], [861], [3559], [2260], [3596], [7412], [4893], [22943], [5156], [11315], [54790], [943], [8289], [171023], [6427], [389421], [7177], [3563], [914], [3568], [81608], [55500]]
