Megalocephaly:[[]]
Macrocephaly:[[5728], [5058], [348], [4286], [260403], [2475], [2132], [8405], [23405], [6469], [4781], [7204], [5077], [374654], [8925], [10000], [54453], [9378], [29072], [26047], [64324], [51256], [2639], [23209], [220296], [8481], [57680], [4784], [3155], [8675], [23334], [254065], [84224], [55672], [255928], [11133], [100132406], [100033413], [284565], [728841], [149013], [25832], [400818], [653149], [105980006], [100288142], [148545], [343505], [105980008], [401967], [644861], [285622], [343381], [205655], [441908], [101929780]]
Megacephalies:[[]]
Megalencephalies:[[]]
Macrocrania:[[]]
Macrocephalus:[[]]
Megalocephalies:[[]]
Macroencephaly:[[]]
Megalencephaly:[[5290], [2475], [10000], [894], [5296], [4613], [5058], [8635], [5727], [27086], [92335], [6009], [51256], [8893], [8738]]
Megacephaly:[[]]
Macrocephalies:[[]]
