Meningococcal Diseases:[[7124], [3075], [7099], [1401], [7097], [5054], [3565], [4153], [4282], [54106], [929], [355], [5806], [7098], [11093], [1361], [153], [7018], [102], [727], [4317], [7448], [942], [2215], [941], [23643], [51297], [5199]]
Meningococcal infection unspecified:[[]]
Meningococcal disease NOS:[[355]]
Meningococcal Infections:[[727], [5199], [732], [729]]
Meningococcal infectious disease:[[]]
Meningococcal infection:[[5054], [3565], [153], [710], [4179], [4317], [118], [629]]
Meningococcal disease:[[1401], [3075], [7124], [10544], [3565], [11093], [7099], [153], [102], [5054], [4153], [7097], [960], [2215], [941], [355], [10878], [4282], [54106], [929], [7098], [5806], [7018], [1361], [4179], [727], [710], [4317], [634], [942], [118], [7448], [629], [23643], [5199], [51297], [730], [732], [729]]
Infection due to Neisseria meningitidis:[[7124], [3586], [7099], [7097], [1432], [3958], [1026], [929], [6714], [3075], [3689], [387], [820], [2152], [4179], [634], [998], [718], [6401], [7018], [6609], [3929], [7416], [721], [1386]]
Meningococcal Infection:[[5054], [3565], [153], [710], [4179], [4317], [118], [629]]
Meningococcal Disease:[[1401], [3075], [7124], [10544], [3565], [11093], [7099], [153], [102], [5054], [4153], [7097], [960], [2215], [941], [355], [10878], [4282], [54106], [929], [7098], [5806], [7018], [1361], [4179], [727], [710], [4317], [634], [942], [118], [7448], [629], [23643], [5199], [51297], [730], [732], [729]]
