Tumors Meningeal:[[7157], [673], [4255], [6615], [6778], [4771], [10763], [3308], [4057], [3329], [9332], [3566], [10395], [1654], [10499], [6362], [4665], [4886], [1964], [4887], [9590], [23462]]
Meningeal neoplasm:[[]]
Meningeal neoplasm (morphology):[[]]
Meningeal-derived tumour:[[7157], [673], [6615], [4255], [3308], [3329], [4057], [9332], [10763], [4771], [3566], [23462]]
Neoplasms Meningeal:[[7157], [673], [4255], [6615], [3308], [6778], [3329], [10763]]
Neoplasm of meninges:[[2065], [6598]]
Neoplasm Meningeal:[[7157], [673], [4255], [3308], [6615], [3329], [3566], [4771], [10395], [6362]]
Meningeal tumour:[[7157], [673], [6615], [4255], [3308], [4771], [10763], [4057], [3329], [3566], [9332], [57105], [23462]]
Tumor Meningeal:[[7157], [673], [4255], [4057], [3308], [6615], [6778], [3329], [4771], [9332], [10763], [6362], [1654], [10395], [3566], [10499], [9590], [114609], [4665], [4886], [57105], [1964]]
Tumour of meninges:[[196], [2065], [6598], [10763], [2066]]
Meningeal tumor:[[]]
Tumor of meninges:[[6598], [196], [2065], [2066], [10763], [6778], [6097], [4665]]
Meningeal-derived tumor:[[7157], [673], [4057], [4255], [6615], [3308], [3329], [6778], [9332], [10763], [4771], [6362], [1654], [3566]]
