X Linked Copper Deficiency:[[331], [9131], [538], [2950], [540], [3576], [581], [7157], [1565], [2157], [351], [6622], [6647], [348], [2153], [5071], [5054], [3091], [332], [7422], [472], [11315], [4137], [875], [1401], [836], [3383], [3845], [7018], [57817], [760], [8678], [4000], [5444], [29126], [406991], [6667], [3172], [3064], [841], [196], [23621], [4891], [2034], [567], [28952], [7150]]
MK:[[4192], [538], [4598], [241], [7157], [51657], [207], [7422], [3553], [2475], [3717], [596], [7097], [2932], [142], [836], [6790], [5241], [861], [598], [1017], [9518], [2022], [1111], [8678], [4072], [5764], [7249], [2534], [3673], [10013], [1020], [4067], [79923], [2017], [1978], [890], [4352], [1890], [780], [5451], [7465], [1647], [2313], [10146], [79727], [79444], [8529], [9261], [253260], [2993], [7367], [2323], [2864], [8614], [2994], [2642], [29914], [338442], [5968], [7867], [8550], [5253], [340205], [114971]]
Menkes kinky-hair syndrome:[[538]]
Kinky Hair Disease:[[]]
Kinky Hair Syndrome:[[538]]
Kinky hair disease:[[]]
COPPER TRANSPORT DISEASE:[[540], [538], [351], [11315], [475], [348], [6622], [1317], [3064], [5071], [4137], [5621], [5243], [7422], [1191], [150684], [1401], [337], [3383], [358], [3953], [6647], [7157], [9388], [4891], [2153], [9973], [7879], [2157], [51076], [3091], [10063], [875], [9927], [4842], [4864], [760], [55737], [1543], [4035], [332], [5250], [26507], [4000], [213], [3481], [359], [287], [3172], [375], [1356], [3576], [3845], [23621], [29126], [57817], [4780], [406991], [7018], [567], [6667], [8678], [1353], [169522], [6352], [5444], [331], [3783], [1544], [1565], [1621], [836], [581], [3082], [84062], [5025], [7431], [196], [174], [3375], [5289], [9971], [4017], [6834], [6857], [2034], [4512], [4976], [4513], [1410], [5868], [3297], [8991], [9997], [759], [4504], [9131], [22820], [29958], [84557], [2288], [23126], [5066], [6283], [5692], [6863], [1409], [1616], [761], [2246], [5587], [4519], [51280], [9843], [664], [2745], [4489], [10211], [8408], [1183], [79689], [55630], [55240], [28952], [1678], [55686], [513], [3347], [388753], [261729], [9377], [4520], [341208], [9706], [55068]]
Steely hair disease:[[]]
Steely Hair Disease:[[]]
Menkes Disease:[[538], [475]]
MNK - Menkes syndrome:[[538]]
Hypocupremia Congenital:[[2218], [1589], [4868], [2324], [26580], [146059], [5290], [857], [284119], [167691], [1080], [2266], [1145], [79147], [1134], [2244], [10381], [2243], [5631], [91869], [7422], [4810], [1144], [4000], [1545], [4524], [5054], [1180], [3000], [2147], [5979], [7253], [7040], [4893], [9215], [7124], [6261], [7157], [2697], [29954], [4072], [1991], [64802], [1956], [25], [3265], [4933], [1636], [58], [2673], [2626], [26154], [3569], [4352], [7849], [6335], [3845], [4879], [1634], [1482], [8087], [2065], [5236], [190], [23581], [3091], [367], [673], [4625], [2784], [8929], [6010], [2627], [2099], [1441], [55906], [2706], [4803], [60482], [3342], [7010], [59341], [3479], [3341], [6329], [7051], [6576], [2064], [55624], [182], [1401], [4846], [207], [6121], [4790], [351], [3553], [7099], [9370], [5243], [3106], [399565], [627], [4359], [7421], [3952], [7170], [59344], [5743], [2944], [1499], [55858], [3938], [150082], [7454], [4137], [999], [1650], [23418], [2668], [596], [1294], [5468], [3908], [10585], [2950], [4851], [4609], [57190], [23746], [11093], [7485], [100861439], [619409], [619404], [550625], [404715], [317685], [266979], [81866], [54719], [54115], [53368], [7792], [5765], [4934], [981], [878], [1906], [6616], [3675], [5373], [2779], [80184], [3757], [3458], [5587], [1293], [1785], [2153], [778], [4487], [2290], [3921], [4604], [3717], [1406], [101202687], [101202686], [101154642], [101055624], [100682325], [100302720], [100188765], [780915], [780899], [8130], [8104], [8094], [907], [4313], [332], [4053], [1140], [2512], [9469], [7097], [1811], [406987], [10653], [84061], [7067], [1026], [7450], [2952], [406991], [10661], [6331], [1291], [5080]]
Menke's kinky hair syndrome:[[538]]
Congenital hypocupremia:[[]]
X-Linked Copper Deficiencies:[[331], [7157]]
Steely hair syndrome:[[]]
KINKY HAIR DISEASE:[[]]
Hypocupremias Congenital:[[2218], [1589], [4868], [2324], [26580], [146059], [5290], [857], [284119], [167691], [1080], [2266], [1145], [79147], [1134], [2244], [10381], [2243], [5631], [91869], [7422], [4810], [1144], [4000], [1545], [4524], [5054], [1180], [3000], [2147], [5979], [7253], [7040], [4893], [9215], [7124], [6261], [7157], [2697], [29954], [4072], [1991], [64802], [1956], [25], [3265], [4933], [1636], [58], [2673], [2626], [26154], [3569], [4352], [7849], [6335], [3845], [4879], [1634], [1482], [8087], [2065], [5236], [190], [23581], [3091], [367], [673], [4625], [2784], [8929], [6010], [2627], [2099], [1441], [55906], [2706], [4803], [60482], [3342], [7010], [59341], [3479], [3341], [6329], [7051], [6576], [2064], [55624], [182], [1401], [4846], [207], [6121], [4790], [351], [3553], [7099], [9370], [5243], [3106], [399565], [627], [4359], [7421], [3952], [7170], [59344], [5743], [2944], [1499], [55858], [3938], [150082], [7454], [4137], [999], [1650], [23418], [2668], [596], [1294], [5468], [3908], [10585], [2950], [4851], [4609], [57190], [23746], [11093], [7485], [100861439], [619409], [619404], [550625], [404715], [317685], [266979], [81866], [54719], [54115], [53368], [7792], [5765], [4934], [981], [878], [1906], [6616], [3675], [5373], [2779], [80184], [3757], [3458], [5587], [1293], [1785], [2153], [778], [4487], [2290], [3921], [4604], [3717], [1406], [101202687], [101202686], [101154642], [101055624], [100682325], [100302720], [100188765], [780915], [780899], [8130], [8104], [8094], [907], [4313], [332], [4053], [1140], [2512], [9469], [7097], [1811], [406987], [10653], [84061], [7067], [1026], [7450], [2952], [406991], [10661], [6331], [1291], [5080]]
Kinky Hair Diseases:[[]]
X-linked copper deficiency:[[538], [331], [9131], [2950], [7157], [2157], [332], [348], [875], [3091], [472], [3576], [581], [836], [28952]]
Menkes Syndrome:[[538]]
Syndrome Steely Hair:[[7157], [8626], [2706], [1832], [7486], [2263], [367], [1029], [7399], [3784], [4647], [10083], [201163], [4157], [10804], [7227], [8924], [80144], [6663], [4089], [3265], [331], [7401], [65217], [672], [1401], [4286], [4851], [124590], [2068], [538], [5308], [1956], [7124], [472], [3759], [5076], [5594], [7042], [1588], [595], [6469], [3953], [4254], [2737], [7040], [2697], [1499], [7299], [7276], [7422], [54101], [63892], [3569], [3339], [1950], [7015], [2099], [7048], [958], [1487], [7421], [80326], [9370], [627], [7053], [54345], [3952], [5243], [51119], [3479], [652], [5727], [6657], [6608], [3106], [6654], [7474], [5500], [9119], [103], [7062], [2624], [596], [8036], [5818], [4313], [50814], [1028], [3105], [2944], [3383], [2100], [3572], [6387], [617], [5970], [4609], [9076], [11005], [6647], [1001], [2736], [5979], [51738], [4038], [4780], [25836], [1462], [5873], [4036], [3861], [2950], [2255], [222662], [3778], [10311], [3815], [2304], [1026], [861], [1234], [3627], [3516], [6926], [796], [3082], [3791], [285], [7098], [6285], [10855], [1559], [8558], [3688], [162514], [64072], [2932], [7442], [1027], [10891], [51702], [5443], [5228], [5329], [4803], [1747], [2254], [833], [2056], [4160], [196], [2735], [1268], [4087], [25959], [1729], [6615], [1041], [6662], [9575], [5241], [3084], [3600], [1490], [10269], [4041], [7249], [3066], [1544], [10468], [3574], [22943], [5478], [3624], [5617], [6716], [84343], [864], [59341], [79083], [22914], [50507], [9333], [25861], [5310], [3911], [5155], [10381], [4914], [249], [1392], [2149], [4306], [407021], [1474], [3488], [89781], [8737], [406]]
Trichopoliodystrophy:[[]]
Copper transport disease:[[540], [538], [351], [11315], [475], [348], [6622], [1317], [3064], [5071], [4137], [5621], [5243], [7422], [1191], [150684], [1401], [337], [3383], [358], [3953], [6647], [7157], [9388], [4891], [2153], [9973], [7879], [2157], [51076], [3091], [10063], [875], [9927], [4842], [4864], [760], [55737], [1543], [4035], [332], [5250], [26507], [4000], [213], [3481], [359], [287], [3172], [375], [1356], [3576], [3845], [23621], [29126], [57817], [4780], [406991], [7018], [567], [6667], [8678], [1353], [169522], [6352], [5444], [331], [3783], [1544], [1565], [1621], [836], [581], [3082], [84062], [5025], [7431], [196], [174], [3375], [5289], [9971], [4017], [6834], [6857], [2034], [4512], [4976], [4513], [1410], [5868], [3297], [8991], [9997], [759], [4504], [9131], [22820], [29958], [84557], [2288], [23126], [5066], [6283], [5692], [6863], [1409], [1616], [761], [2246], [5587], [4519], [51280], [9843], [664], [2745], [4489], [10211], [8408], [1183], [79689], [55630], [55240], [28952], [1678], [55686], [513], [3347], [388753], [261729], [9377], [4520], [341208], [9706], [55068]]
Menkes syndrome:[[538]]
STEELY HAIR DISEASE:[[]]
Syndromes Menkea:[[]]
Transport Diseases Copper:[[538], [540], [351], [5243], [348], [5621], [7157], [6622], [6647], [358], [5071], [4137], [3091], [7422], [4842], [332], [4035], [1401], [3576], [3064], [314], [4780], [406991], [11315], [213], [57817], [359], [29126], [5444], [2034], [3383], [1356], [2157], [3953], [875], [5587], [1543], [55737], [4864], [4000], [567], [6667], [1191], [7018], [6352], [1621], [5025], [1565], [331], [337], [1544], [836], [196], [581], [174], [9971], [3297], [1410], [8991], [4017], [7431], [4976], [3172], [9927], [84557], [1409], [664], [6283], [4489], [2745], [51280], [28952], [55630]]
Menkes' Diseases:[[]]
MENKES DISEASE:[[538], [475]]
MK - Menkes syndrome:[[538]]
Menkes disease:[[538], [475]]
MENKES SYNDROME:[[538]]
MNK:[[538], [7040], [207], [2475], [5290], [1977], [5595], [540], [3456], [5294], [3439], [5868], [1981], [8569], [10020], [7879], [3440], [6732], [23191], [2872], [55577]]
Congenital hypocupraemia:[[2218], [1589], [4868], [2324], [26580], [146059], [5290], [857], [284119], [167691], [1080], [2266], [1145], [79147], [1134], [2244], [10381], [2243], [5631], [91869], [7422], [4810], [1144], [4000], [1545], [4524], [5054], [1180], [3000], [2147], [5979], [7253], [7040], [4893], [9215], [7124], [6261], [7157], [2697], [29954], [4072], [1991], [64802], [1956], [25], [3265], [4933], [1636], [58], [2673], [2626], [26154], [3569], [4352], [7849], [6335], [3845], [4879], [1634], [1482], [8087], [2065], [5236], [190], [23581], [3091], [367], [673], [4625], [2784], [8929], [6010], [2627], [2099], [1441], [55906], [2706], [4803], [60482], [3342], [7010], [59341], [3479], [3341], [6329], [7051], [6576], [2064], [55624], [182], [1401], [4846], [207], [6121], [4790], [351], [3553], [7099], [9370], [5243], [3106], [399565], [627], [4359], [7421], [3952], [7170], [59344], [5743], [2944], [1499], [55858], [3938], [150082], [7454], [4137], [999], [1650], [23418], [2668], [596], [1294], [5468], [3908], [10585], [2950], [4851], [4609], [57190], [23746], [11093], [7485], [100861439], [619409], [619404], [550625], [404715], [317685], [266979], [81866], [54719], [54115], [53368], [7792], [5765], [4934], [981], [878], [1906], [6616], [3675], [5373], [2779], [80184], [3757], [3458], [5587], [1293], [1785], [2153], [778], [4487], [2290], [3921], [4604], [3717], [1406], [101202687], [101202686], [101154642], [101055624], [100682325], [100302720], [100188765], [780915], [780899], [8130], [8104], [8094], [907], [4313], [332], [4053], [1140], [2512], [9469], [7097], [1811], [406987], [10653], [84061], [7067], [1026], [7450], [2952], [406991], [10661], [6331], [1291], [5080]]
X-Linked Copper Deficiency:[[538], [331], [9131], [2950], [7157], [2157], [332], [348], [875], [3091], [472], [3576], [581], [836], [28952]]
Menkes Kinky Hair Syndrome:[[538]]
Syndrome Menkea:[[]]
Steely Hair Diseases:[[]]
Menkes' Disease:[[]]
Transport Disease Copper:[[540], [538], [351], [11315], [475], [348], [6622], [1317], [3064], [5071], [4137], [5621], [5243], [7422], [1191], [150684], [1401], [337], [3383], [358], [3953], [6647], [7157], [9388], [4891], [2153], [9973], [7879], [2157], [51076], [3091], [10063], [875], [9927], [4842], [4864], [760], [55737], [1543], [4035], [332], [5250], [26507], [4000], [213], [3481], [359], [287], [3172], [375], [1356], [3576], [3845], [23621], [29126], [57817], [4780], [406991], [7018], [567], [6667], [8678], [1353], [169522], [6352], [5444], [331], [3783], [1544], [1565], [1621], [836], [581], [3082], [84062], [5025], [7431], [196], [174], [3375], [5289], [9971], [4017], [6834], [6857], [2034], [4512], [4976], [4513], [1410], [5868], [3297], [8991], [9997], [759], [4504], [9131], [22820], [29958], [84557], [2288], [23126], [5066], [6283], [5692], [6863], [1409], [1616], [761], [2246], [5587], [4519], [51280], [9843], [664], [2745], [4489], [10211], [8408], [1183], [79689], [55630], [55240], [28952], [1678], [55686], [513], [3347], [388753], [261729], [9377], [4520], [341208], [9706], [55068]]
Syndromes Steely Hair:[[7157], [7124], [7040], [3569], [7422], [8626], [1401], [367], [596], [1029], [7015], [7421], [672], [3952], [9370], [5243], [2263], [3479], [3106], [2068], [5594], [4609], [595], [472], [3815], [5979], [2944], [861], [1026], [6387], [2932], [3784], [4089], [3265], [4804], [3953], [3627], [958], [5329], [4286], [2056], [7442], [4803], [7249], [59341], [5727], [6654], [50507], [3574], [2624], [4306], [1028], [2668], [4747], [283], [10381], [1896], [4647], [6663], [147183], [5076], [474], [2737], [5873], [2878], [2931], [7227], [162514], [51119], [50814], [4038], [7401]]
