Heavy periods NOS:[[1956], [351], [3162]]
Hypermenorrhea:[[]]
Profuse menstrual flow:[[]]
Hypermenorrhoea:[[]]
Heavy periods:[[1956], [7040], [2153], [3569], [3586], [351], [3553], [4318], [1312], [3135], [4313], [2147], [1026], [1813], [3162], [1432], [6531], [125], [9378], [1645]]
Heavy Periods:[[1956], [7040], [2153], [3569], [3586], [351], [3553], [4318], [1312], [3135], [4313], [2147], [1026], [1813], [3162], [1432], [6531], [125], [9378], [1645]]
Heavy menstrual bleeding:[[7124], [7422], [3569], [7040], [5243], [4318], [4313], [3952], [1401], [3553], [5743], [6387], [2155], [6382], [5196], [3290]]
Heavy menstruation:[[7422], [5468], [3952], [3290], [5196]]
Heavy Period:[[3106], [6696], [1536], [6280], [8864], [7157], [3908], [348], [7124], [3569], [7422], [9370], [1956], [4318], [7099], [4524], [5243], [2064], [3586], [3479], [6532], [3952], [3845], [627], [4790], [351], [1312], [1029], [7015], [1401], [207], [5743], [4313], [3576], [4879], [3553], [51738], [540], [2475], [3605], [29126], [6622], [5468], [3458], [3135], [596], [5444], [3383], [2147], [4988], [3949], [1813], [1432], [3481], [1543], [10], [1906], [6531], [4128], [338], [4353], [3486], [4023], [5265], [4035], [718], [2155], [26191], [4297], [7139], [4018], [811], [558], [3303], [2289], [3674], [7494], [1514], [5196], [7827], [2693], [4868], [4638], [2897]]
Menstrual Bleeding Heavy:[[7124], [7422], [3569], [7040], [5243], [4318], [4313], [3952], [1401], [3553], [5743], [6387], [2155], [6382], [5196], [3290]]
Flooding during periods:[[]]
Menorrhagia NOS:[[4846], [7422], [3791]]
Menorrhagia:[[7422], [7124], [4318], [4846], [4313], [6387], [3791], [2321], [358], [3484], [284], [2324], [5047], [164656]]
Heavy period:[[3106], [6696], [1536], [6280], [8864], [7157], [3908], [348], [7124], [3569], [7422], [9370], [1956], [4318], [7099], [4524], [5243], [2064], [3586], [3479], [6532], [3952], [3845], [627], [4790], [351], [1312], [1029], [7015], [1401], [207], [5743], [4313], [3576], [4879], [3553], [51738], [540], [2475], [3605], [29126], [6622], [5468], [3458], [3135], [596], [5444], [3383], [2147], [4988], [3949], [1813], [1432], [3481], [1543], [10], [1906], [6531], [4128], [338], [4353], [3486], [4023], [5265], [4035], [718], [2155], [26191], [4297], [7139], [4018], [811], [558], [3303], [2289], [3674], [7494], [1514], [5196], [7827], [2693], [4868], [4638], [2897]]
