Syndrome Xs Angina:[[]]
Microvascular Angina:[[1401], [3162], [1557], [959], [11082], [6761]]
Angina Pectoris with Normal Coronary Arteriogram:[[]]
Cardiac syndrome X:[[546], [348], [2475], [3479], [1636], [3569], [9370], [1401], [4846], [183], [3952], [3486], [4524], [4313], [3586], [3958], [185], [5468], [5444], [3458], [5054], [5950], [7412], [79068], [718], [3557], [2152], [959], [948], [197], [26291], [23327], [2678], [3459], [2220], [10747], [623], [1489], [3460], [8547], [375704]]
Chest pain with normal coronary angiography:[[1401], [4879], [9370], [3934], [26762]]
Coronary microvascular disease:[[348], [6387], [7422], [6927], [338], [4018], [345], [1401], [100048912], [351], [4314], [6347], [3569], [6774], [1910], [3953], [7450], [9370], [1636], [3077], [10452], [2099], [3383], [2161], [3084], [6403], [7124], [1956], [1191], [4846], [1234], [7040], [2153], [948], [4318], [2335], [3557], [2321], [11093], [4851], [6934], [4790], [3458], [3146], [5243], [5594], [197], [7184], [5444], [9966], [4321], [2308], [1524], [3630], [26291], [3162], [7077], [2056], [3091], [5175], [7157], [4982], [3565], [3576], [50507], [2243], [5970], [940], [2266], [1909], [6648], [2346], [3553], [5743], [7099], [1906], [5468], [4313], [627], [4843], [5054], [3827], [7097], [4049], [177], [1535], [7852], [6772], [3479], [3605], [3952], [4879], [3481], [3791], [5578], [23411], [1557], [133], [183], [3606], [207], [2162], [6868], [50616], [472], [3579], [3958], [2645], [959], [1536], [5728], [3371], [2152], [1432], [2919], [2950], [4803], [406938], [6352], [182], [2475], [8743], [5196], [10891], [5329], [2113], [285], [6401], [857], [7412], [10135], [4780], [51738], [2643], [3688], [836], [7076], [6647], [59], [5595], [7057], [5290], [3082], [5465], [2247], [8862], [4153], [142], [718], [7137], [4852], [581], [406937], [3240], [1803], [90865], [4973], [3627], [2022], [1889], [7056], [3683], [2167], [6376], [3725], [1277], [7276], [5747], [2697], [5228], [5624], [2678], [3486], [9365], [1003], [5159], [11082], [406913], [59272], [4089], [650], [7052], [3329], [796], [3484], [5176], [4842], [1958], [6464], [860], [6781], [4854], [10631], [3689], [3303], [284], [135], [5155], [7430], [3600]]
Microvascular angina:[[1401], [3162], [1557], [959], [11082], [6761]]
X Syndrome Angina:[[4318], [9370], [627]]
Syndrome X Cardiac:[[546], [348], [2475], [3479], [1636], [3569], [9370], [1401], [4846], [183], [3952], [3486], [4524], [4313], [3586], [3958], [185], [5468], [5444], [3458], [5054], [5950], [7412], [79068], [718], [3557], [2152], [959], [948], [197], [26291], [23327], [2678], [3459], [2220], [10747], [623], [1489], [3460], [8547], [375704]]
Angina X Syndromes:[[58191], [7124], [3569], [1401], [959], [3586], [7099], [4318], [9370], [4846], [7422], [1471], [3091], [3146], [3458], [3479], [6347], [3952], [7450], [3605], [335], [142], [3162], [3689], [3690], [183], [4353], [4312], [929], [11093], [7139], [1071], [7137], [947], [2896], [345]]
Coronary small artery disease:[[348], [1029], [6387], [335], [338], [4023], [3949], [255738], [4018], [1282], [345], [19], [6927], [116519], [1030], [100048912], [28], [1071], [3990], [6347], [7422], [337], [6597], [6272], [11315], [1586], [217], [9388], [341], [3931], [11173], [84722], [6943], [64127], [3570], [51085], [10221], [8882], [4524], [8613], [1284], [4088], [3586], [2099], [54805], [22808], [351], [9370], [1401], [85440], [3576], [1634], [10019], [3107], [4314], [4287], [3569], [3315], [1373], [79068], [6774], [6403], [64241], [22978], [4040], [3988], [6581], [57623], [7450], [3084], [1910], [4598], [6352], [2153], [2321], [3123], [3156], [2335], [6356], [10400], [7124], [2590], [3383], [7040], [2155], [2160], [958], [2524], [23294], [3781], [2244], [1636], [197], [3119], [4318], [6376], [3635], [11093], [6354], [356], [1191], [55600], [4846], [3953], [375056], [729230], [10544], [1956], [1234], [326625], [3558], [4851], [7035], [26291], [7291], [3162], [5594], [2982], [1471], [51196], [23293], [50507], [5175], [7518], [1909], [3077], [7184], [864], [7421], [64968], [3146], [875], [3592], [4548], [51655], [8651], [51530], [26608], [5052], [4790], [367], [26191], [83892], [7157], [5243], [6374], [653361], [246778], [79660], [4205], [7941], [3593], [4688], [6014], [2308], [6653], [59067], [2066], [9235], [55759], [6362], [58191], [6934], [149233], [1143], [1378], [948], [60674], [4856], [4646], [9031], [8029], [3458], [5328], [7015], [5970], [4041], [6366], [627], [3091], [8100], [2264], [7099], [1543], [4321], [5743], [5308], [5468], [4982], [9415], [5578], [6241], [7077], [56606], [2876], [3565], [148738], [2944], [3039], [3952]]
