Mitral insufficiency:[[]]
Valve Regurgitation Mitral:[[4879], [2316], [4878], [2244], [9173], [4208], [406940], [51196], [10911], [4012], [5476], [4142], [5534], [5532], [8536]]
Regurgitation Mitral:[[4879], [5444], [2316], [2244], [1536], [4878], [9173], [406940], [51196], [4208], [10911], [4012], [5476], [5534], [4142], [5532], [8536], [574413]]
Valve Incompetence Mitral:[[4879], [7124], [3569]]
MI - Mitral incompetence:[[]]
Insufficiency of mitral valve:[[7040], [4524], [3586], [4318], [1636], [4879], [2332], [4846], [4313], [3958], [177], [185], [1471], [2200], [4314], [652], [659], [7077], [657]]
Mitral Insufficiency:[[]]
Mitral valve insufficiency:[[]]
MR - Mitral regurgitation:[[4879], [51196], [4208], [5534], [5532], [8536]]
Valve Insufficiency Mitral:[[7040], [4879], [659], [4846], [7422], [7124], [3569], [4524], [1636], [4318], [4313], [3586], [1401], [2332], [7421], [177], [652], [2200], [3958], [1906], [185], [1471], [7077], [4314], [657], [9173]]
Mitral valve incompetence:[[]]
Mitral Incompetence:[[]]
Mitral regurgitation:[[4879], [5444], [2244], [2316], [1536], [9173], [406940], [51196], [4208], [4012], [5476], [5534], [4142], [5532], [8536], [574413]]
Mitral valve regurgitation:[[4879], [4878]]
