Asymptomatic monoclonal gammopathy:[[3569], [6347], [406991], [6696], [3135], [4615], [100507436], [6382], [6348]]
Monoclonal Gammopathy Benign:[[7422], [3569], [406991], [3815], [6696], [4609], [6347], [3135], [1027], [3486], [4615], [11186], [100507436], [6382], [361], [3485]]
MGUS - Monoclonal gammopathy of uncertain significance:[[1027], [6382]]
Monoclonal gammopathy of uncertain significance:[[7422], [3569], [1027], [22914], [6382]]
Monoclonal gammopathy of undetermined significance [MGUS]:[[7422], [3569], [4609], [406991], [3815], [6696], [3135], [1027], [3486], [100507436], [4615], [11186], [2056], [22943], [8651], [22914], [2057], [406986], [3485], [406996], [6348], [7014], [7013], [407019], [5521], [30968], [10010], [54986]]
Monoclonal Gammopathy of Undetermined Significance:[[7422], [3569], [4609], [3815], [3135], [406991], [6696], [3486], [4615], [1027], [100507436], [11186], [22943], [22914], [2057], [2056], [8651], [406986], [3485], [406996], [6348], [7014], [7013], [407019], [30968], [5521], [10010], [54986]]
Monoclonal Gammapathies Benign:[[]]
MGUS:[[7157], [1029], [4609], [3458], [2950], [3815], [6696], [1027], [3082], [4615], [11186], [22943], [6382], [1030], [1612], [6348], [3492], [953], [25913], [1163], [30968], [3036], [3950]]
Monoclonal gammopathy of undetermined significance:[[7422], [3569], [4609], [3815], [3135], [406991], [6696], [3486], [4615], [1027], [100507436], [11186], [22943], [22914], [2057], [2056], [8651], [406986], [3485], [406996], [6348], [7014], [7013], [407019], [30968], [5521], [10010], [54986]]
Benign monoclonal gammopathy:[[]]
Monoclonal Gammapathy Benign:[[4288], [3685], [4684], [3897], [1956], [4070], [7157], [673], [7422], [3845], [7040], [3569], [7124], [2064], [4318], [1029], [7080], [5743], [3479], [595], [7099], [351], [3553], [406991], [1636], [5290], [4790], [1080], [4582], [3576], [3958], [6774], [3123], [7852], [3605], [29126], [6622], [3815], [4851], [4233], [5054], [8626], [6696], [4609], [354], [1234], [6347], [3717], [3480], [960], [1493], [3791], [1285], [2247], [355], [5133], [3135], [1027], [51738], [3105], [2321], [3486], [50943], [3082], [324], [3934], [5621], [406947], [1471], [23435], [1950], [1803], [3309], [7276], [3643], [4893], [682], [718], [4615], [11186], [100507436], [2625], [59272], [796], [23405], [1536], [768], [6382], [4627], [9076], [3673], [2719], [361], [3485], [1535], [3683], [7045], [8795], [4586], [100133941], [85480], [3491], [23705], [7173], [3965], [3920], [79679], [721], [3856], [2798], [1308], [6623], [51330], [3687], [3068], [794], [6755], [933], [10562], [51162], [53340], [192343]]
Monoclonal Gammopathies Benign:[[7040], [1029], [3553], [3815], [7852], [23405], [4615]]
Monoclonal Gammapathy of Undetermined Significance:[[673], [7157], [7422], [3569], [1029], [4609], [1636], [3815], [3135], [406991], [6696], [3486], [3958], [1027], [4615], [100507436], [11186], [22943], [22914], [2057], [2056], [8651], [406986], [684], [3485], [406996], [23451], [6348], [7014], [7013], [407019], [30968], [5521], [10010], [54986]]
