Brailsford-Morquio syndrome:[[2588], [2720], [55033]]
Morquio Disease:[[]]
Morquios Syndrome:[[]]
Keratan sulfaturia:[[4060], [2331], [4969], [8534], [11081], [9435], [4958], [176], [3073], [2720], [2588], [3074], [3339], [4166], [2683], [5420], [10216], [5549], [6484], [6482], [6487], [2799], [9334], [10402], [8703], [10678], [8704], [23563], [6483], [10164], [8702], [10331], [11041], [11046], [9331], [93010], [79369]]
Eccentro Osteochondrodysplasia:[[]]
Mucopolysaccharidosis type IV:[[1803], [2720], [2588]]
Syndrome Morquio's:[[3757], [1280], [114548], [3753], [2074], [7157], [348], [1281], [51085], [546], [80184], [7466], [3845], [673], [8481], [5728], [8195], [7486], [641], [2706], [2317], [4292], [91147], [8626], [1540], [4000], [54658], [1161], [7490], [2033], [6331], [4023], [1071], [5781], [4436], [2263], [3643], [7291], [3784], [2261], [2260], [582], [10806], [8085], [10083], [367], [4683], [207], [84062], [3123], [7468], [4647], [4952], [2200], [1029], [7399], [4810], [201163], [2969], [10804], [6949], [7227], [2492], [775], [7840], [2316], [5428], [3730], [5080], [585], [1278], [54487], [5604], [55612], [2121], [811], [5290], [132884], [4281], [116442], [84100], [2812], [5077], [64127], [79068], [6663], [783], [338], [57167], [1130], [9968], [2332], [1277], [3990], [10743], [7456], [19], [2122], [3265], [6737], [84059], [6741], [3481], [6513], [4089], [23111], [2646], [356], [1285], [1387], [26585], [8976], [7504], [1827], [331], [23405], [9401], [65217], [4893], [672], [4692], [9569], [5894], [4277], [6774], [3117], [1401], [1788], [7401], [7128], [3570], [545], [10163], [583], [10682], [124590], [129880], [54808], [27241], [2138], [79738], [4137], [2475], [60], [3897], [5159], [1364], [8091], [5885], [79803], [2811], [2956], [9993], [5460], [4286], [675], [3717], [8220], [80144], [80025], [999], [3973], [79621], [4193], [64135], [1145], [55212], [2645], [27031], [4851], [1493], [10535], [2131], [1910], [7122], [9031], [4853], [1134], [2146], [100188856], [355], [50943], [105259599], [2153], [9652], [10908], [3664], [7020], [8214], [5308], [10062], [8517], [5076], [27019], [5189], [5395], [1287], [1906], [25825], [3759]]
Osteochondrodystrophy:[[]]
Morquios Disease:[[]]
Keratan sulphaturia:[[4060], [2331], [4969], [8534], [11081], [9435], [4958], [176], [3073], [2720], [2588], [3074], [3339], [4166], [2683], [5420], [10216], [5549], [6484], [6482], [6487], [2799], [9334], [10402], [8703], [10678], [8704], [23563], [6483], [10164], [8702], [10331], [11041], [11046], [9331], [93010], [79369]]
Hereditary enchondral dysostosis:[[]]
Morquio disease:[[]]
Mucopolysaccharidosis 4:[[]]
Morquio-Brailsford disease:[[2720], [2588], [55033]]
Morquio-Ullrich disease:[[]]
Mucopolysaccharidosis MPS-IV:[[2588], [2720]]
Morquio's Disease:[[]]
Type IVs Mucopolysaccharidosis:[[]]
Chondro-osteodystrophy:[[]]
Eccentroosteochondrodysplasias:[[]]
Morquio syndrome:[[55033]]
Type IV Mucopolysaccharidosis:[[1803], [2720], [2588]]
Eccentro-Osteochondrodysplasia:[[]]
Familial osteochondrodystrophy:[[]]
Eccentroosteochondrodysplasia:[[]]
Mucopolysaccharidosis IV:[[2588]]
Chondrodystrophia tarda:[[3077], [2944], [103875461], [7389], [6399], [1544], [57817], [7037], [1356], [30061], [148738], [8838], [79901]]
Osteochondrodystrophia deformans:[[]]
Syndrome Morquio:[[2588], [2720], [55033]]
Morquio-Suarez syndrome:[[]]
Familial osseous dystrophy:[[7157], [7124], [2316], [8626]]
Syndromes Morquio:[[55033]]
Atypical chondrodystrophy:[[5584], [57007], [2532], [7124], [56288], [1238], [7157], [2195], [3075], [718], [1956], [56997], [51554], [7750], [3845], [1029], [79633], [5660], [79834], [348], [4179], [80829], [7040], [7422], [9034], [3569], [2064], [2099], [7056], [112858], [1499], [207], [4193], [7015], [5728], [3091], [6774], [4609], [673], [4137], [1536], [79641], [8517], [5743], [83394], [4790], [351], [629], [3426], [4318], [9370], [5243], [1401], [627], [4204], [3717], [6622], [2475], [1312], [1080], [596], [1387], [6532], [7852], [5621], [999], [7438], [4313], [3815], [29126], [3952], [4000], [5594], [3458], [595], [2033], [5820], [4288], [5290], [3459], [3078], [2196], [6647], [2146], [2147], [1813], [6387], [6347], [1026], [4879], [1565], [7097], [338599], [6696], [960], [4277], [5590], [6598], [4233], [4292], [4582], [114548], [3119], [4153], [7515], [5970], [120114], [2100], [50943], [5133], [120892], [1432], [3958], [5663], [3043], [4312], [6790], [324], [51738], [857], [3688], [64127], [1588], [9429], [5879], [5595], [1027], [8626], [3791], [3725], [6331], [3557], [6513], [4282], [5241], [5747], [841], [4255], [5578], [238], [406938], [387], [5071], [25], [4311], [4763], [3309], [4869], [3757], [3320], [3039], [10878], [3356], [3064], [54106], [217], [1019], [2896], [5781], [4436], [2697], [1471], [2078], [1869], [4297], [3953], [4128], [846], [2263], [8842], [196], [4968], [8878], [7098], [5888], [5460], [7415], [5580], [4323], [2778], [3596], [92235], [3315], [11093], [1457], [4210], [5371], [7430], [1116], [3084], [6927], [203228], [406937], [6469], [2200], [3303], [3667], [23586], [331], [7189]]
Eccentro-Osteochondrodysplasias:[[]]
