Multiple Endocrine Adenopathy:[[3576]]
Multiple endocrine adenomatosis:[[]]
Multiple endocrine adenomas:[[5979], [1029], [1030], [7015], [6774], [2099], [4609], [1027], [595], [2778], [4221], [6934], [2261], [5468], [596], [63892], [324], [7422], [7852], [3569], [1956], [3845], [3815], [2064], [4233], [1594], [367], [673], [1813], [207], [5743], [5290], [7040], [79068], [3091], [51738], [7421], [3953], [5747], [3952], [999], [2475], [841], [2146], [2100], [4288], [1026], [2113], [5925], [960], [2950], [7849], [1588], [6790], [1728], [3630], [3725], [3486], [1113], [6469], [836], [7067], [57817], [196], [9232], [2688], [9049], [8842], [4089], [9365], [283120], [7057], [7048], [11186], [5914], [5741], [4852], [2516], [3159], [5573], [3290], [3291], [8289], [9611], [9965], [176], [1031], [190], [1364], [9201], [6755], [54361], [1365], [6753]]
Multiple endocrine adenomatosis NOS:[[]]
Endocrine adenomatosis:[[324], [389692]]
Familial polyendocrine adenomatosis:[[]]
Multiple endocrine neoplasia [MEN] syndromes:[[5979], [4221], [1029], [5781], [2896], [6392], [9049]]
MEA - Multiple endocrine adenomatosis:[[]]
Neoplasia Multiple Endocrine:[[5979], [1029], [1030], [1027], [7015], [6774], [4609], [3338], [2099], [4221], [595], [596], [6934], [5468], [3815], [3717], [3569], [5594], [7422], [367], [2064], [6928], [3845], [324], [1956], [207], [673], [5743], [7040], [1471], [2308], [9370], [5290], [5460], [999], [7421], [3952], [4288], [2100], [1026], [960], [5054], [332], [2950], [5925], [2146], [3135], [3651], [1591], [1565], [5781], [4855], [6790], [3320], [5595], [2896], [2260], [7849], [3725], [7428], [5618], [2078], [23405], [3934], [22943], [1113], [1728], [4089], [2641], [7067], [6469], [5328], [301], [9365], [2034], [7048], [2065], [283131], [216], [11186], [5914], [9049], [5610], [6392], [1025], [3624], [8140], [7113], [6530], [1131], [360], [1031], [7083], [6571], [6118], [2691], [269], [5539], [79798], [6570], [5977], [26994]]
Multiple endocrine tumasia:[[5979], [1029], [1030], [6774], [7015], [4609], [2099], [9429], [1027], [4137], [595], [6934], [4221], [2261], [596], [3479], [2778], [5771], [3338], [5468], [7494], [7852], [5594], [3815], [3717], [1493], [3569], [4233], [1594], [6928], [578], [367], [2064], [324], [207], [7422], [1956], [79068], [3570], [1813], [3845], [1471], [7040], [2308], [5747], [5290], [9370], [5460], [2475], [3953], [3091], [841], [1636], [7421], [3952], [673], [2056], [3576], [5743], [2100], [1080], [4088], [28514], [51738], [6532], [999], [5054], [2113], [6462], [6198], [332], [6647], [960], [5925], [1026], [2908], [2950], [2146], [3135], [1591], [3651], [57531], [2624], [1588], [4288], [5781], [1565], [4855], [8648], [3480], [58], [3627], [5595], [7518], [6790], [3320], [7849], [2260], [7428], [5618], [2263], [6648], [2321], [2896], [22943], [3934], [6772], [3725], [8074], [6517], [3486], [23405], [7098], [1728], [10413], [185], [55636], [1113], [836], [2641], [5241], [4684], [7067], [796], [6469], [4128], [3630], [57817], [361], [196], [3643], [5578], [2305], [429], [1950], [6662], [23118], [998], [5888], [8405], [10135], [1268], [3065], [100124700], [2078], [4763], [4089], [2034], [25], [2688], [5428], [4157], [9365], [2067], [283120], [4316], [5328], [301], [1814], [1500], [112398], [1019], [3600], [5058], [1490], [5806], [6868], [8842], [6285], [7057], [7048], [5295], [7415], [9232], [283131], [51741], [632], [7534], [8856], [216], [11186], [2065], [5914], [4160], [5125], [4803], [4852], [4057], [5950], [64324], [7351], [2516], [5741], [63892], [7345], [5610], [2852], [4791], [8202], [3976]]
Multiple Endocrine Adenomatoses:[[]]
Familial Endocrine Adenomatoses:[[]]
Multiple Endocrine Neoplasia Syndromes:[[]]
Familial Endocrine Adenomatosis:[[]]
Multiple Endocrine Adenomatosis:[[]]
Multiple endocrine neoplasia [MEN] syndrome NOS:[[1027]]
Multiple endocrine neoplasia:[[5979], [1027], [4221], [1029], [3338], [5781], [2896], [1113], [2641], [283131], [6530], [9049], [3651], [6392], [6118], [6571], [1031], [269], [2691], [5539], [6570], [79798], [5977], [26994]]
Neoplasms Multiple Endocrine:[[5979], [1029], [1030], [7015], [6774], [4609], [2099], [9429], [3717], [595], [1027], [2778], [2261], [6934], [596], [3479], [3815], [2064], [7852], [5468], [1956], [324], [7422], [207], [4233], [3569], [3845], [5594], [1493], [367], [5290], [6928], [673], [7040], [5743], [3091], [999], [2475], [1813], [7421], [9370], [332], [5460], [2308], [3576], [2100], [3952], [960], [4288], [2146], [1080], [4088], [51738], [2950], [5054], [1026], [5925], [6198], [2908], [7849], [1591], [1588], [3480], [5781], [2260], [23405], [5595], [6790], [1113], [10413], [2896], [6772], [22943], [7428], [5618], [3486], [2263], [6648], [1728], [3934], [3725], [6662], [5241], [4684], [2078], [10135], [6469], [2067], [196], [2034], [2305], [3065], [100124700], [4089], [1019], [25], [1268], [4763], [4316], [8842], [283120], [5328], [301], [5058], [5806], [9232], [6285], [7057], [51741], [7415], [11186], [7345], [216], [2065], [5914], [5741], [6776], [8289], [9112], [7039], [10406], [494324], [3159], [9049], [7113], [3624], [10381], [8140], [1978], [1364], [3291], [406983], [6520], [5660], [5629], [5961], [4680], [6750], [9201], [6571], [6118], [3670], [2691], [6755], [1365], [50484], [23022], [6753], [3175], [10686], [79885]]
Multiple Endocrine Adenopathies:[[5979], [1029], [1030], [6774], [7015], [4609], [2099], [9429], [1027], [4137], [595], [6934], [4221], [2261], [596], [3479], [2778], [5771], [3338], [5468], [7494], [7852], [5594], [3815], [3717], [1493], [3569], [4233], [1594], [6928], [578], [367], [2064], [324], [207], [7422], [1956], [79068], [3570], [1813], [3845], [1471], [7040], [2308], [5747], [5290], [9370], [5460], [2475], [3953], [3091], [841], [1636], [7421], [3952], [673], [2056], [3576], [5743], [2100], [1080], [4088], [28514], [51738], [6532], [999], [5054], [2113], [6462], [6198], [332], [6647], [960], [5925], [1026], [2908], [2950], [2146], [3135], [1591], [3651], [57531], [2624], [1588], [4288], [5781], [1565], [4855], [8648], [3480], [58], [3627], [5595], [7518], [6790], [3320], [7849], [2260], [7428], [5618], [2263], [6648], [2321], [2896], [22943], [3934], [6772], [3725], [8074], [6517], [3486], [23405], [7098], [1728], [10413], [185], [55636], [1113], [836], [2641], [5241], [4684], [7067], [796], [6469], [4128], [3630], [57817], [361], [196], [3643], [5578], [2305], [429], [1950], [6662], [23118], [998], [5888], [8405], [10135], [1268], [3065], [100124700], [2078], [4763], [4089], [2034], [25], [2688], [5428], [4157], [9365], [2067], [283120], [4316], [5328], [301], [1814], [1500], [112398], [1019], [3600], [5058], [1490], [5806], [6868], [8842], [6285], [7057], [7048], [5295], [7415], [9232], [283131], [51741], [632], [7534], [8856], [216], [11186], [2065], [5914], [4160], [5125], [4803], [4852], [4057], [5950], [64324], [7351], [2516], [5741], [63892], [7345], [5610], [2852], [4791], [8202], [3976]]
Multiple endocrine neoplasia [MEN] syndrome unspecified:[[1029], [5781], [1027]]
MEN - Multiple endocrine neoplasia:[[5979], [1027], [4221], [1029], [2641], [2896], [1113], [283131], [1031], [2691], [26994]]
