MEN-2A Syndromes:[[5979]]
Neoplasms Multiple Endocrine Type 2a:[[5979], [1029], [1030], [7422], [5468], [5054], [5460], [2099], [3479], [3717], [1026], [5781], [9429], [2475], [595], [596], [207], [7421], [7040], [3091], [1956], [324], [5594], [367], [1813], [332], [2308], [4088], [960], [3576], [1080], [4288], [2908], [5925], [7428], [1588], [6198], [5595], [2896], [2034], [3725], [7345], [1978], [6776], [6755], [6750]]
SIPPLE SYNDROME:[[]]
MULTIPLE ENDOCRINE NEOPLASIA TYPE IIA:[[]]
MEA II:[[]]
MEN 2A Syndrome:[[5979]]
MEA 2a:[[]]
MEN2a:[[5979], [7428], [4613], [4221], [27035], [79577], [1031], [26994]]
PHEOCHROMOCYTOMA AND AMYLOID-PRODUCING MEDULLARY THYROID CARCINOMA:[[7157], [7422], [6774]]
MEN (multiple endocrine neoplasia) type 2A:[[5979], [1029], [2896]]
Pheochromocytoma And Amyloid Producing Medullary Thyroid Carcinoma:[[7157], [7422], [6774]]
Pheochromocytoma And Amyloid-Producing Medullary Thyroid Carcinoma:[[7157], [7422], [6774]]
Sipple Syndrome:[[]]
Multiple Endocrine Neoplasia Type 2:[[5979], [1029], [5781], [6571], [269], [3338], [2641], [1027], [3651], [4221], [6530], [9049], [5977], [6392], [2896], [1113], [283131], [79798], [1031], [2691], [5539], [6570]]
MEA IIa:[[]]
MEN 2a:[[5979]]
MEN IIa:[[]]
MEN 2:[[5979], [51738], [3814]]
MEN2A - multiple endocrine neoplasia type 2A:[[5979]]
Neoplasia Multiple Endocrine Type 2a:[[5979], [1029], [1030], [7422], [5468], [5054], [5460], [2099], [1026], [5781], [596], [595], [3717], [7421], [207], [5610], [7040], [5594], [367], [324], [1956], [269], [2308], [960], [332], [4288], [5925], [7428], [1565], [2896], [6392], [5595], [3725], [2034], [6530]]
Multiple endocrine neoplasia type 2A:[[5979], [6392]]
MEN-2A Syndrome:[[5979]]
MEN2A:[[5979], [7428], [4613], [4221], [27035], [79577], [1031], [26994]]
Multiple endocrine neoplasia [MEN] type IIA:[[]]
MEN II:[[]]
Multiple Endocrine Neoplasia Type IIa:[[]]
Sipple's syndrome:[[3757], [1280], [114548], [3753], [2074], [7157], [348], [1281], [51085], [546], [80184], [7466], [3845], [673], [8481], [5728], [8195], [7486], [641], [2706], [2317], [4292], [91147], [8626], [1540], [4000], [54658], [1161], [7490], [2033], [6331], [4023], [1071], [5781], [4436], [2263], [3643], [7291], [3784], [2261], [2260], [582], [10806], [8085], [10083], [367], [4683], [207], [84062], [3123], [7468], [4647], [4952], [2200], [1029], [7399], [4810], [201163], [2969], [10804], [6949], [7227], [2492], [775], [7840], [2316], [5428], [3730], [5080], [585], [1278], [54487], [5604], [55612], [2121], [811], [5290], [132884], [4281], [116442], [84100], [2812], [5077], [64127], [79068], [6663], [783], [338], [57167], [1130], [9968], [2332], [1277], [3990], [10743], [7456], [19], [2122], [3265], [6737], [84059], [6741], [3481], [6513], [4089], [23111], [2646], [356], [1285], [1387], [26585], [8976], [7504], [1827], [331], [23405], [9401], [65217], [4893], [672], [4692], [9569], [5894], [4277], [6774], [3117], [1401], [1788], [7401], [7128], [3570], [545], [10163], [583], [10682], [124590], [129880], [54808], [27241], [2138], [79738], [4137], [2475], [60], [3897], [5159], [1364], [8091], [5885], [79803], [2811], [2956], [9993], [5460], [4286], [675], [3717], [8220], [80144], [80025], [999], [3973], [79621], [4193], [64135], [1145], [55212], [2645], [27031], [4851], [1493], [10535], [2131], [1910], [7122], [9031], [4853], [1134], [2146], [100188856], [355], [50943], [105259599], [2153], [9652], [10908], [3664], [7020], [8214], [5308], [10062], [8517], [5076], [27019], [5189], [5395], [1287], [1906], [25825], [3759]]
PTC SYNDROME:[[5979], [5727], [7157], [2158], [673], [5728], [3845], [2706], [8626], [207], [1029], [5080], [5290], [6513], [6774], [5894], [4893], [1401], [999], [1906], [4851], [2146], [355], [472], [1956], [6469], [7040], [7422], [7048], [4524], [4318], [7015], [5156], [2099], [7476], [1499], [6387], [841], [6927], [2308], [4854], [7852], [4609], [1080], [406938], [4313], [1028], [2719], [406991], [2944], [3606], [6608], [5654], [596], [332], [3958], [2304], [4780], [1482], [2952], [1803], [3480], [171022], [6926], [283120], [3815], [1027], [1565], [10000], [7080], [3552], [581], [345], [2056], [5879], [3240], [6352], [3084], [648], [8660], [1869], [407040], [2735], [4170], [4684], [5624], [7424], [6615], [6093], [1977], [1909], [22943], [842], [407007], [7517], [4915], [1045], [9244], [4914], [51574], [7849], [1236], [406935], [7225], [7037], [407021], [1612], [28], [6366], [9948], [406996], [3554], [10630], [6528], [2057], [57007], [51548], [3654], [1591], [406881], [406958], [6374], [406942], [406989], [8771], [9353], [574447], [341], [55975], [2050], [3651], [406948], [1232], [406936], [7391], [1121], [3026], [64321], [2561], [5650], [2517], [84432], [693159], [160728], [10752], [192343], [60558]]
