Neuromata Mucosal With Endocrine Tumors:[[1027], [3569], [207], [367], [2064], [7422], [1956], [7040], [673], [3576], [5743], [3815], [3845], [3091], [51738], [596], [6774], [2475], [1029], [999], [5468], [7015], [7421], [3479], [7852], [4288], [332], [3952], [5594], [3480], [4233], [3717], [6772], [4763], [5747], [5054], [8842], [3934], [6469], [3725], [5328], [196], [4057], [4684], [4316], [2305], [301], [1950], [3627], [2688], [7849], [283120], [133], [3600], [1268], [6868], [361], [4803], [6690], [10013], [1364], [2017], [1269], [360], [7033], [1131], [840], [1365], [6367], [1366], [7122], [9075]]
MEN 2b:[[5979], [27035]]
Neoplasia Multiple Endocrine Type 2b:[[5979], [1030], [1029], [7422], [3569], [5460], [5743], [6774], [5781], [595], [3717], [5594], [207], [1956], [332], [673], [1565], [5595], [7428], [2034]]
MEA IIb:[[]]
MEN IIB:[[]]
Mucosal Neuroma Syndromes:[[]]
Mucosal neuroma syndrome:[[]]
Multiple Endocrine Neoplasia Type IIb:[[]]
Multiple endocrine neoplasia type 2B:[[]]
MEN2B:[[5979], [4221], [79577], [26994]]
Wagenmann Froboese Syndrome:[[3757], [1280], [114548], [3753], [2074], [7157], [348], [1281], [51085], [546], [80184], [7466], [3845], [673], [8481], [5728], [8195], [7486], [641], [2706], [2317], [4292], [91147], [8626], [1540], [4000], [54658], [1161], [7490], [2033], [6331], [4023], [1071], [5781], [4436], [2263], [3643], [7291], [3784], [2261], [2260], [582], [10806], [8085], [10083], [367], [4683], [207], [84062], [3123], [7468], [4647], [4952], [2200], [1029], [7399], [4810], [201163], [2969], [10804], [6949], [7227], [2492], [775], [7840], [2316], [5428], [3730], [5080], [585], [1278], [54487], [5604], [55612], [2121], [811], [5290], [132884], [4281], [116442], [84100], [2812], [5077], [64127], [79068], [6663], [783], [338], [57167], [1130], [9968], [2332], [1277], [3990], [10743], [7456], [19], [2122], [3265], [6737], [84059], [6741], [3481], [6513], [4089], [23111], [2646], [356], [1285], [1387], [26585], [8976], [7504], [1827], [331], [23405], [9401], [65217], [4893], [672], [4692], [9569], [5894], [4277], [6774], [3117], [1401], [1788], [7401], [7128], [3570], [545], [10163], [583], [10682], [124590], [129880], [54808], [27241], [2138], [79738], [4137], [2475], [60], [3897], [5159], [1364], [8091], [5885], [79803], [2811], [2956], [9993], [5460], [4286], [675], [3717], [8220], [80144], [80025], [999], [3973], [79621], [4193], [64135], [1145], [55212], [2645], [27031], [4851], [1493], [10535], [2131], [1910], [7122], [9031], [4853], [1134], [2146], [100188856], [355], [50943], [105259599], [2153], [9652], [10908], [3664], [7020], [8214], [5308], [10062], [8517], [5076], [27019], [5189], [5395], [1287], [1906], [25825], [3759]]
WAGENMANN-FROBOESE SYNDROME:[[3757], [1280], [114548], [3753], [2074], [7157], [348], [1281], [51085], [546], [80184], [7466], [3845], [673], [8481], [5728], [8195], [7486], [641], [2706], [2317], [4292], [91147], [8626], [1540], [4000], [54658], [1161], [7490], [2033], [6331], [4023], [1071], [5781], [4436], [2263], [3643], [7291], [3784], [2261], [2260], [582], [10806], [8085], [10083], [367], [4683], [207], [84062], [3123], [7468], [4647], [4952], [2200], [1029], [7399], [4810], [201163], [2969], [10804], [6949], [7227], [2492], [775], [7840], [2316], [5428], [3730], [5080], [585], [1278], [54487], [5604], [55612], [2121], [811], [5290], [132884], [4281], [116442], [84100], [2812], [5077], [64127], [79068], [6663], [783], [338], [57167], [1130], [9968], [2332], [1277], [3990], [10743], [7456], [19], [2122], [3265], [6737], [84059], [6741], [3481], [6513], [4089], [23111], [2646], [356], [1285], [1387], [26585], [8976], [7504], [1827], [331], [23405], [9401], [65217], [4893], [672], [4692], [9569], [5894], [4277], [6774], [3117], [1401], [1788], [7401], [7128], [3570], [545], [10163], [583], [10682], [124590], [129880], [54808], [27241], [2138], [79738], [4137], [2475], [60], [3897], [5159], [1364], [8091], [5885], [79803], [2811], [2956], [9993], [5460], [4286], [675], [3717], [8220], [80144], [80025], [999], [3973], [79621], [4193], [64135], [1145], [55212], [2645], [27031], [4851], [1493], [10535], [2131], [1910], [7122], [9031], [4853], [1134], [2146], [100188856], [355], [50943], [105259599], [2153], [9652], [10908], [3664], [7020], [8214], [5308], [10062], [8517], [5076], [27019], [5189], [5395], [1287], [1906], [25825], [3759]]
MEN III:[[]]
Multiple endocrine neoplasia type 2b:[[]]
NEUROMATA MUCOSAL WITH ENDOCRINE TUMORS:[[1027], [3569], [207], [367], [2064], [7422], [1956], [7040], [673], [3576], [5743], [3815], [3845], [3091], [51738], [596], [6774], [2475], [1029], [999], [5468], [7015], [7421], [3479], [7852], [4288], [332], [3952], [5594], [3480], [4233], [3717], [6772], [4763], [5747], [5054], [8842], [3934], [6469], [3725], [5328], [196], [4057], [4684], [4316], [2305], [301], [1950], [3627], [2688], [7849], [283120], [133], [3600], [1268], [6868], [361], [4803], [6690], [10013], [1364], [2017], [1269], [360], [7033], [1131], [840], [1365], [6367], [1366], [7122], [9075]]
MEN 3:[[]]
MEN 3 - Multiple endocrine neoplasia type 3:[[]]
MEA 2b:[[]]
MULTIPLE ENDOCRINE NEOPLASIA TYPE IIB:[[]]
Neoplasms Multiple Endocrine Type 2b:[[5979], [1030], [1029], [7422], [3569], [5460], [5743], [6774], [3717], [5781], [595], [7852], [1956], [207], [3291], [332], [5594], [3091], [673], [3576], [5595], [6772], [7428], [6198], [3065], [2034], [9232], [494324], [7039], [6755]]
Wagenmann-Froboese Syndrome:[[3757], [1280], [114548], [3753], [2074], [7157], [348], [1281], [51085], [546], [80184], [7466], [3845], [673], [8481], [5728], [8195], [7486], [641], [2706], [2317], [4292], [91147], [8626], [1540], [4000], [54658], [1161], [7490], [2033], [6331], [4023], [1071], [5781], [4436], [2263], [3643], [7291], [3784], [2261], [2260], [582], [10806], [8085], [10083], [367], [4683], [207], [84062], [3123], [7468], [4647], [4952], [2200], [1029], [7399], [4810], [201163], [2969], [10804], [6949], [7227], [2492], [775], [7840], [2316], [5428], [3730], [5080], [585], [1278], [54487], [5604], [55612], [2121], [811], [5290], [132884], [4281], [116442], [84100], [2812], [5077], [64127], [79068], [6663], [783], [338], [57167], [1130], [9968], [2332], [1277], [3990], [10743], [7456], [19], [2122], [3265], [6737], [84059], [6741], [3481], [6513], [4089], [23111], [2646], [356], [1285], [1387], [26585], [8976], [7504], [1827], [331], [23405], [9401], [65217], [4893], [672], [4692], [9569], [5894], [4277], [6774], [3117], [1401], [1788], [7401], [7128], [3570], [545], [10163], [583], [10682], [124590], [129880], [54808], [27241], [2138], [79738], [4137], [2475], [60], [3897], [5159], [1364], [8091], [5885], [79803], [2811], [2956], [9993], [5460], [4286], [675], [3717], [8220], [80144], [80025], [999], [3973], [79621], [4193], [64135], [1145], [55212], [2645], [27031], [4851], [1493], [10535], [2131], [1910], [7122], [9031], [4853], [1134], [2146], [100188856], [355], [50943], [105259599], [2153], [9652], [10908], [3664], [7020], [8214], [5308], [10062], [8517], [5076], [27019], [5189], [5395], [1287], [1906], [25825], [3759]]
MULTIPLE ENDOCRINE NEOPLASIA TYPE III FORMERLY:[[]]
Multiple endocrine neoplasia type 3:[[5979], [1029], [5781], [1027], [4221], [269], [3338], [3651], [6392], [6571], [2896], [2641], [1113], [9049], [6530], [283131], [1031], [79798], [6570], [2691], [5539], [5977]]
MEN 2B - Multiple endocrine neoplasia type 2B:[[]]
MEN type 3:[[5468], [1493], [4846], [348], [26191], [5728], [6716], [3481], [5122], [948], [6934], [7422], [1576], [1029], [1278], [2645], [56729], [3123], [7850], [7048], [3569], [4318], [2625], [5054], [3284], [8644], [2099], [920], [116519], [3486], [3283], [185], [79068], [367], [641], [5294], [2784], [6927], [1545], [2064], [6715], [23274], [4088], [255738], [1281], [3586], [3295], [4292], [354], [6263], [4313], [489], [109], [1471], [23411], [3557], [718], [2100], [5444], [4879], [5979], [10], [3630], [2908], [999], [3784], [2697], [7852], [7139], [114548], [332], [2947], [4968], [3990], [3479], [5806], [2194], [842], [7046], [4023], [3620], [857], [1026], [2161], [3293], [5534], [1030], [4582], [5329], [4314], [2066], [5241], [949], [252995], [3757], [7681], [1910], [5573], [9370], [9021], [10159], [7132], [6690], [3172], [54901], [4128], [2048], [5077], [4843], [5465], [5327], [7276], [3949], [6462], [6531], [2475], [4973], [155], [673], [3106], [3559], [4436], [1116], [23387], [5624], [3992], [23405], [55384], [2492], [2524], [3303], [338], [7133], [165918], [335], [8091], [1728], [230], [1136], [128312], [7019], [2167], [7421], [1071], [1577], [80781], [4914], [249], [7450], [2130], [30061], [1869], [10062], [3115], [1789], [186], [1636], [7517], [10577], [7124], [3554], [3952], [6928], [7341], [675], [3579], [3845], [2022], [89], [3558], [9], [7040], [1544], [6517], [207], [56606], [7078], [169026], [23569], [3973], [54658], [650], [672], [2152], [4824], [3416], [472], [2316], [2169], [51548], [780], [8878], [7273], [837], [6581], [3676], [3077], [5428], [554], [5730]]
MEN2b:[[5979], [4221], [79577], [26994]]
MEN 2B syndrome:[[5979], [27035]]
Neuroma Syndrome Mucosal:[[7040], [3569], [6657], [59], [3725]]
MEN IIb:[[]]
MEN 3 syndrome:[[]]
Multiple endocrine neoplasia [MEN] type IIB:[[]]
MUCOSAL NEUROMA SYNDROME:[[]]
MEN3 FORMERLY:[[5335], [1386], [3915], [5531], [7157], [28227], [9370], [367], [55012], [3479], [596], [3952], [2952], [2950], [6531], [6927], [7018], [282553], [1548], [5915], [57379], [9856], [4361], [1409], [4085], [10111], [6311], [3918], [406921], [189], [80025], [3911], [6567], [3702], [3912], [8241], [27316], [5935], [51142], [5534], [3913], [3910], [10252], [9646], [54821], [9587], [5523], [10319], [9562], [25802], [84270], [84918], [255919], [54682], [100287284]]
