Landouzy Dejerine Dystrophy:[[]]
FACIOSCAPULOHUMERAL MUSCULAR DYSTROPHY:[[2483], [2489], [7157], [2490], [23347], [1756], [5566], [7415], [100288687], [708], [825], [22947], [291], [2195], [8087], [5081], [1428], [4617], [448831], [26583], [100288801], [441581], [653544], [728410], [653548], [653545], [653543], [441056]]
Fascioscapulohumeral muscular dystrophy:[[]]
FMD:[[2316], [2489], [1401], [5444], [3162], [3949], [8600], [796], [406906], [1509], [8742], [1837], [84908]]
Landouzy-Dejerine Dystrophy:[[]]
LANDOUZY-DEJERINE MUSCULAR DYSTROPHY:[[2489]]
Muscular Dystrophy Facioscapulohumeral:[[2483], [2489], [2490], [1756], [825], [23347], [7157], [100288687], [7415], [5566], [22947], [708], [291], [2195], [5081], [8087], [448831], [1428], [4617], [100288801], [441581], [26583], [653544], [728410], [653548], [653545], [653543], [441056]]
Muscular Dystrophy Landouzy Dejerine:[[2489]]
Facioscapulohumeral Atrophy:[[]]
FSHD - Facioscapulohumeral muscular dystrophy:[[2489], [2483], [448831], [23347], [100288687], [100288801], [441581], [1756], [22947], [708], [5081], [2195], [26583], [653544], [728410], [653548], [653545], [653543], [441056]]
Muscular Dystrophies Facioscapulohumeral:[[1756], [825]]
Facioscapuloperoneal Muscular Dystrophy:[[8291], [2218], [4000], [6443], [23534], [8557], [1756], [6442], [2483], [9987], [7273], [79147], [55624], [10585], [825], [5339], [2489], [1605], [29954], [9215], [3908], [7157], [29925], [203859], [7422], [4625], [2490], [7040], [6444], [2010], [8106], [4790], [3553], [6696], [1080], [596], [1291], [10049], [729920], [3106], [100529230], [100505381], [619409], [53368], [4195], [4313], [1293], [3605], [4851], [3105], [2908], [154], [50943], [23345], [1292], [23347], [7450], [177], [142], [4282], [3679], [3315], [6445], [7415], [7076], [2033], [3320], [2335], [7139], [2697], [1490], [8842], [57190], [1387], [23224], [7137], [6606], [1120], [1268], [84197], [4803], [6261], [1410], [4914], [7052], [84892], [7057], [7048], [58], [5566], [859], [5562], [2705], [6786], [9531], [7077], [4607], [10397], [9927], [5376], [2660], [8837], [100288687], [84876], [7042], [7078], [5155], [6663], [2273], [4747], [1303], [4359], [7168], [1785], [79188], [3920], [406989], [89], [274], [7879], [1674], [26092], [10020], [56983], [1639], [84062], [10801], [51763], [70], [7170], [3156], [3708], [2318], [60684], [823], [7402], [65125], [11149], [9782], [4478], [708], [1103], [7498], [8910], [29108], [3339], [5009], [7013], [406976], [22954], [54332], [26353], [51062], [7169], [1959], [5873], [10725], [22947], [4534], [824], [10468], [284119], [55679], [9499], [9325], [4633], [4703], [23064], [148789], [22948], [2617], [7138], [2673], [54344], [8518], [291], [1134], [23095], [4593], [9516], [285489], [10329], [1837], [1145], [375790], [8565], [148738], [10269], [3508], [3301], [7840], [8425], [11128], [11059], [2195], [8087], [5081], [51393], [5913], [11041]]
Landouzy-Dejerine muscular dystrophy:[[2489]]
FSH - Facioscapulohumeral muscular dystrophy:[[7157]]
FSH Muscular Dystrophy:[[7157], [7422], [7040], [3553], [177]]
Landouzy-Déjérine muscular dystrophy:[[2489]]
FMD - Facioscapulohumeral muscular dystrophy:[[2489]]
FSHD:[[2489], [2483], [448831], [1756], [100288801], [441581], [284802], [100132352], [642236], [146481], [647476], [100289097], [102724018], [102723780], [102723390], [102723316], [100128827], [106481739], [106480352], [106480351], [106480321], [102724923], [101930531], [101059926], [101059920], [283788], [100288687], [6683], [23347], [708], [8900], [22947], [5081], [2195], [5307], [10036], [28999], [55870], [693121], [85509], [26583], [653544], [728410], [100419743], [653548], [653545], [653543], [441056]]
Facio-Scapulo-Humeral Dystrophy:[[4000], [2483], [23347], [10664], [291]]
Facioscapulohumeral muscular dystrophy:[[2483], [2489], [7157], [2490], [23347], [1756], [5566], [7415], [100288687], [708], [825], [22947], [291], [2195], [8087], [5081], [1428], [4617], [448831], [26583], [100288801], [441581], [653544], [728410], [653548], [653545], [653543], [441056]]
Facioscapulohumeral Atrophies:[[]]
Progressive Muscular Dystrophy Facioscapulohumeral Type:[[1756], [7157], [291], [7415], [5081]]
Landouzy-Dejerine Dystrophies:[[]]
