Syndrome Shy-Magee:[[]]
CCD:[[860], [6774], [7040], [5243], [207], [1499], [6772], [6648], [6331], [4000], [4023], [2697], [2263], [2260], [6775], [8678], [5894], [6261], [4625], [1832], [6778], [407035], [51129], [11168], [89780], [6356], [1674], [10075], [6550], [1811], [23534], [6932], [22863], [4253], [6522], [11259], [22906], [8496], [51086], [147872], [10319], [23307], [79839], [57730], [109611589], [100128553], [441925], [400986], [115253422], [100142659], [441294], [340307]]
CENTRAL CORE DISEASE:[[6261]]
CENTRAL CORE DISEASE OF MUSCLE:[[6261]]
Shy Magee Syndrome:[[]]
CCO:[[6261], [9361], [1327], [4513], [1329], [1347], [84701], [1346], [6341], [9377], [1340], [9167], [388753], [1337], [79145], [1351], [1350], [125965], [1339], [341947]]
Central Core Diseases:[[]]
Central core disease:[[6261]]
Central Core Disease of Muscle:[[6261]]
Myopathies Central Core:[[6261], [7124], [7097], [3576], [7099], [29126], [7852], [5743], [23435], [3105], [3106], [1234], [7098], [3107], [7273], [7057], [2316], [1236], [7137], [6262], [1514], [1674], [3181]]
Central Core Disease:[[6261]]
Central core myopathy:[[6261]]
Myopathy Central Core:[[6261], [7273], [7040], [3181], [6786], [3123], [3553], [84876], [6647], [8878], [3458], [596], [5621], [1674], [2908], [23435], [5578], [10891], [4843], [3339], [7132], [5428], [6262], [2992], [10155], [3708], [4287], [825], [1233], [55699]]
