Steinert Myotonic Dystrophy:[[1760]]
Myotonia dystrophica:[[]]
Steinert disease:[[]]
Dystrophia myotonica:[[1760], [109461477], [147912], [1762], [3064], [10658], [107075317]]
Myotonia atrophica:[[]]
Steinert Disease:[[]]
Myotonic Dystrophy 1:[[9370], [2475], [109461477], [6647], [207], [779], [1029], [4137], [5562], [255738], [6261], [1760], [595], [6331], [58], [8476], [1180], [2678], [274], [4734], [6506], [10658], [23236], [4154], [407000], [406904], [4437], [54715], [7138], [487], [7124], [9578], [23543], [826], [5348], [406905], [7102], [108644431], [7170], [55561], [10150], [3983], [8776], [3952], [3064], [2932], [7555], [896], [3643], [1756], [407026], [847], [406989], [4209], [5901], [406933], [4208], [407011], [8976], [3316], [574506], [79784], [10659], [407001], [11155], [7140], [51676], [27295], [55796], [107075317], [192343], [109729182]]
Steinerts Disease:[[1493], [5979], [64127], [11315], [351], [8792], [348], [5071], [1910], [3064], [3586], [6774], [3123], [1029], [6622], [4137], [540], [5310], [3717], [6347], [24], [1201], [6387], [3119], [120892], [335], [7450], [5621], [7422], [3569], [338], [5311], [3949], [3107], [4287], [19], [4023], [5664], [57623], [1071], [3558], [4314], [255738], [4088], [356], [3117], [26191], [1191], [653361], [1586], [958], [26503], [1401], [2629], [4018], [3593], [116519], [6927], [4688], [729230], [3106], [864], [3570], [80339], [7415], [6597], [2244], [59067], [345], [8651], [3115], [10577], [149233], [5314], [6261], [3592], [7957], [1030], [28], [10320], [1234], [3659], [246778], [3990], [4041], [1378], [100048912], [3077], [3383], [6775], [5376], [9173], [2161], [55600], [26058], [7439], [1138], [4361], [4582], [7369], [1956], [1282], [3122], [6653], [4747], [51752], [7124], [4359], [538], [55054], [1136], [6311], [5663], [3931], [3992], [2646], [6584], [337], [9966], [4321], [56606], [217], [1235], [274], [5734], [2524], [7040], [341], [7292], [3953], [4524], [1232], [6272], [5966], [5771], [2308], [54901], [4068], [7332], [8878], [3562], [100507436], [9388], [3084], [2099], [10452], [3559], [6583], [5328], [8301], [1636], [3635], [4693], [1230], [2212], [945], [4318], [29881], [9370], [5243], [367], [4790], [7128], [7421], [64241], [54332], [6403], [1373], [7077], [4846], [94103], [51085], [2243], [10019], [345611], [7015], [4311], [2581], [10221], [56731], [7840], [2876], [940], [6606], [60468], [3595], [2266], [50941], [100359403], [3458], [221692], [10347], [3658], [3133], [2904], [64478], [1394], [64170], [64399], [5594]]
DM - Dystrophia myotonica:[[1760], [147912], [107075317]]
Myotonic dystrophy:[[1760], [109461477], [8476], [9578], [108644431], [7124], [55561], [1029], [9370], [4137], [207], [2475], [3952], [595], [6647], [7555], [2932], [6331], [3643], [3064], [255738], [1756], [5562], [847], [6261], [58], [2678], [5901], [4154], [1180], [4734], [274], [406933], [406989], [6506], [10658], [4208], [896], [7170], [407000], [407026], [406904], [23236], [4437], [407011], [8976], [487], [779], [7138], [54715], [3316], [574506], [4209], [826], [407001], [79784], [10659], [23543], [406905], [7102], [5348], [7140], [11155], [10150], [51676], [27295], [3983], [8776], [55796], [107075317], [109729182], [192343]]
Myotonia Atrophica:[[]]
Myotonia Dystrophicas:[[1180], [6329], [58], [2660], [7184], [1181], [112476], [1188], [23770], [7555], [92579], [1187]]
Dystrophia Myotonica 1:[[109461477], [1760], [10658], [147912], [1762], [3064], [107075317]]
Myotonica Dystrophia:[[1760], [109461477], [147912], [1762], [3064], [10658], [107075317]]
Myotonia Dystrophica:[[]]
Myotonic Dystrophies:[[3643], [11155], [7140]]
Myotonicas Dystrophia:[[1760], [109461477], [147912], [1762], [2099], [367], [2100], [3064], [10658], [107075317]]
Myotonia Atrophicas:[[1180], [6329], [58], [2660], [7184], [1181], [112476], [1188], [23770], [7555], [92579], [1187]]
Myotonic muscular dystrophy:[[1756], [6261], [58], [5562], [274], [406989], [7170], [3339], [7138], [7140], [11155], [27295]]
Steinert's Disease:[[1760]]
Steinert myotonic dystrophy syndrome:[[1760]]
Dystrophia myotonica [Steinert]:[[1760], [109461477], [147912], [1762], [3064], [10658], [107075317]]
Steinert syndrome:[[1760]]
Myotonic Dystrophy:[[1760], [109461477], [8476], [9578], [108644431], [7124], [55561], [1029], [9370], [4137], [207], [2475], [3952], [595], [6647], [7555], [2932], [6331], [3643], [3064], [255738], [1756], [5562], [847], [6261], [58], [2678], [5901], [4154], [1180], [4734], [274], [406933], [406989], [6506], [10658], [4208], [896], [7170], [407000], [407026], [406904], [23236], [4437], [407011], [8976], [487], [779], [7138], [54715], [3316], [574506], [4209], [826], [407001], [79784], [10659], [23543], [406905], [7102], [5348], [7140], [11155], [10150], [51676], [27295], [3983], [8776], [55796], [107075317], [109729182], [192343]]
