Withdrawal Syndromes Neonatal:[[7124], [7157], [3569], [3952], [3479], [6532], [9370], [2475], [4137], [114548], [1813], [5594], [2932], [2778], [3559]]
Newborn drug withdrawal syndrome:[[348], [627], [3569], [6532], [7422], [5243], [9370], [6531], [1312], [3576], [2908], [4988], [6716]]
Drug withdrawal syndrome in newborn:[[348], [627], [3569], [6532], [7422], [5243], [9370], [6531], [1312], [3576], [2908], [4988], [6716]]
Syndromes Neonatal Abstinence:[[3952], [1813]]
Withdrawal Neonatal Substance:[[7124], [3569], [6532], [627], [1813], [1312], [6531], [5594], [4988], [2908], [2289]]
Substance Withdrawals Neonatal:[[7124], [3569], [6532], [7040], [1813], [3586], [3553], [1312], [9076], [7097], [4049], [627], [4790], [5743], [3162], [5594], [4318], [5444], [6647], [4313], [355], [213], [6531], [1543], [4988], [796], [6352], [2908], [1373], [7076], [183], [3557], [11093], [8600], [7077], [3084], [7474], [5176], [1244], [5228], [2289], [4842], [6348], [1535], [6778], [10059], [2626], [6351], [210], [4985], [445], [50506]]
Neonatal abstinence syndrome:[[1312], [1813], [4988], [1555], [5368]]
Withdrawal Syndrome Neonatal:[[114548], [7157], [7124], [2475], [4137], [3569], [50943], [4851], [627], [5594], [2778], [3952], [3479], [9370], [6532], [1312], [3576], [1813], [6531], [51738], [2147], [2908], [6648], [2688], [4988], [6285], [2932], [551], [3559], [3976], [406948], [5368], [4887]]
Neonatal drug withdrawal syndrome:[[7157], [114548], [7124], [3559], [2475], [3569], [4137], [627], [5594], [4851], [6532], [50943], [1813], [2778], [6531], [9370], [1312], [3479], [3576], [4988], [2908], [6648], [2932], [6285], [406948], [5368], [4887]]
Neonatal withdrawal syndrome:[[]]
Syndrome Neonatal Abstinence:[[627], [1312], [3952], [1813], [2908], [6531], [4988], [8600], [1555], [5368]]
