Diseases of the nervous system (G00-G99):[[]]
Unspecified disorders of nervous system:[[7422], [7157], [1956], [7124], [6774], [348], [207], [351], [7040], [5468], [1813], [673], [4790], [1499], [1029], [2908], [4609], [2332], [5925], [5743], [2033], [4233], [596], [27185], [3084], [836], [2932], [5599], [7015], [5879], [6714], [7046], [2335], [7852], [675], [999], [472], [6387], [324], [114548], [5595], [2147], [5894], [355], [2100], [5621], [5970], [3320], [4803], [1027], [2316], [7428], [1385], [5329], [6597], [4914], [558], [7133], [4929], [2904], [2902], [51741], [4287], [208], [1977], [7471], [5467], [1742], [4208], [5604], [1639], [22861], [3482], [8741], [5320], [408], [8997], [2917], [2617], [608], [9568], [6252]]
Neurologic Disorders:[[3553], [355], [196], [356], [773], [4747], [5978], [112476], [478], [3562], [26580], [4860], [23064], [2617], [8120], [9240]]
Neurological Disorder:[[1312], [4204], [5021], [4976], [3060], [4693], [4508], [23209], [51473], [9856], [6834], [161582], [55697], [1968], [9152], [8892], [80207], [374291], [26090], [28962], [8560], [10535], [1355], [7920], [95681], [79042], [149175]]
Nervous system disorder NOS:[[]]
Nervous System Disorder:[[64802]]
Neurological disorder:[[1312], [4204], [5021], [4976], [3060], [4693], [4508], [23209], [51473], [9856], [6834], [161582], [55697], [1968], [9152], [8892], [80207], [374291], [26090], [28962], [8560], [10535], [1355], [7920], [95681], [79042], [149175]]
Disorder of nervous system:[[2902], [3356], [5454], [6532], [1312], [1636], [627], [121278], [6925], [7157], [5728], [861], [7124], [2668], [7422], [3845], [6622], [3952], [9464], [1565], [1815], [4137], [348], [5243], [3569], [3690], [3553], [338], [3586], [207], [4803], [6934], [1956], [4204], [6647], [5328], [4846], [1191], [3479], [7040], [54715], [4318], [4842], [2904], [1756], [1813], [351], [2917], [54106], [6774], [673], [3717], [5071], [3458], [51738], [26011], [4233], [2332], [7099], [5789], [596], [2908], [3084], [1499], [4609], [4790], [2475], [4763], [4313], [2932], [26291], [93986], [51741], [6347], [3605], [10397], [7097], [2950], [6531], [5743], [4774], [5236], [1000], [5979], [26047], [2048], [1463], [8314], [675], [9568], [335], [79068], [3146], [4915], [6285], [7015], [7852], [5594], [1742], [472], [4988], [120892], [1139], [361], [57178], [2335], [3603], [3651], [154], [1493], [6387], [1385], [23411], [5027], [6696], [27086], [6331], [215], [324], [114548], [3981], [2247], [7490], [920], [3162], [6513], [818], [2891], [3630], [57167], [6310], [5054], [2033], [4780], [5290], [10159], [1910], [4082], [2147], [4852], [355], [5649], [238], [124936], [177], [2065], [142], [3320], [411], [2068], [3383], [3481], [7276], [50943], [2066], [836], [5621], [5925], [1906], [3949], [27185], [135], [406947], [6469], [2897], [56288], [3358], [3767], [5595], [1027], [23405], [10891], [706], [1786], [7428], [6530], [6597], [4353], [10371], [4314], [7204], [4914], [2192], [90865], [28514], [4804], [196], [1812], [1621], [6657], [9839], [7166], [5080], [150], [1280], [6352], [7046], [4615], [2784], [6616]]
Nervous System Disease:[[3605], [2512], [57447], [522]]
Nervous system disease:[[3605], [2512], [57447], [522]]
Nervous System Diseases:[[5243], [361], [11076]]
Neurologic Disorder:[[4204], [4287], [100506658], [2257], [6509], [79581], [51102]]
Nervous System Disorders:[[51738], [3356], [682], [10563], [3313], [794]]
Neurological Disorders:[[348], [3586], [627], [4790], [6622], [4137], [2932], [3565], [4204], [406938], [4843], [10891], [5027], [5428], [4842], [10013], [7345], [6376], [4976], [249], [5654], [10059], [9131], [2668], [80781], [6506], [2170], [112476], [2746], [10000], [815], [478], [6507], [26047], [4760], [4923], [29979], [1808], [1727], [9211], [10382], [55270], [4644], [29978], [29904], [3752], [1363], [26053], [440823], [84735], [6785], [22807], [10659], [7444], [23627], [55660], [4983], [23322], [23040], [6014], [5799], [51091], [55140], [111258525], [146713], [54977], [57026], [9240], [111258526]]
nervous system disorder NOS:[[]]
