NF2:[[4771], [7157], [8563], [1956], [7040], [2064], [207], [1029], [3091], [3845], [673], [3553], [10413], [5728], [5743], [1499], [7015], [4609], [4233], [999], [4193], [960], [7515], [2100], [1432], [3480], [142], [6714], [5979], [3688], [5747], [6667], [5879], [1588], [3265], [3082], [11200], [5578], [6790], [3065], [6598], [2263], [328], [983], [6657], [7430], [4088], [1490], [4763], [2896], [3308], [11186], [8678], [6285], [7046], [6280], [4893], [6794], [5058], [5156], [5894], [5159], [9368], [9314], [1019], [4157], [875], [898], [8314], [7514], [2547], [1030], [7150], [8517], [1969], [23028], [2194], [7520], [6279], [7078], [5155], [1020], [7248], [5829], [3491], [407008], [1021], [6908], [8454], [6117], [3838], [4194], [2264], [1540], [5245], [4217], [5052], [1642], [7518], [7251], [26524], [405], [6654], [3313], [8451], [6659], [4547], [894], [10015], [6737], [6608], [9146], [10642], [6386], [51343], [2911], [2010], [8661], [8243], [9113], [9961], [5928], [6317], [3916], [407048], [10165], [24145], [9730], [23286], [6118], [6188], [3191], [2648], [623], [51422], [6749], [6895], [8976], [8655], [5795], [6711], [5786], [3295], [3301], [10382], [10482], [7112], [9126], [154796], [10016], [4670], [292], [100885779], [3980], [1602], [1627], [23607], [11052], [5981], [26471], [7053], [10808], [27339], [6134], [1031], [7175], [11060], [8148], [9820], [5606], [8662], [55210], [7024], [11284], [1665], [293], [9928], [5607], [8471], [6576], [6658], [10112], [6187], [8604], [6122], [11198], [6189], [1629], [369], [29997], [26135], [4343], [5917], [4330], [6124], [5793], [7319], [6191], [10939], [10262]]
Neurofibromatosis Central NF 2:[[4763], [4771], [675], [3845], [7422], [1029], [2475], [2064], [1956], [4436], [3084], [7430], [5781], [1490], [338], [7157], [7040], [207], [672], [673], [5879], [960], [6352], [2668], [3815], [6285], [558], [10763], [5604]]
BANF:[[4771], [140836]]
Neurofibromatosis 2:[[4771]]
NF2 (Neurofibromatosis 2):[[4771]]
Type 2 Neurofibromatoses:[[]]
Type 2 Neurofibromatosis:[[4771]]
Neurofibromatosis Bilateral Acoustic:[[4771]]
NEUROFIBROMATOSIS CENTRAL TYPE:[[4763], [7422], [4771], [2064], [1029], [5781], [5156], [2475], [4436], [7040], [7157], [1956], [672], [3084], [3845], [207], [673], [338], [4524], [675], [960], [3815], [1490], [5879], [6352], [2668], [6285], [558], [4040], [10763], [5604], [7430], [2026], [23512], [339], [10335]]
BILATERAL ACOUSTIC NEUROFIBROMATOSIS:[[4771]]
Familial acoustic neuroma:[[]]
Neurofibromatosis IIs:[[]]
NF2s (Neurofibromatosis 2):[[]]
Familial vestibular schwannoma:[[114548], [2099], [1956], [7422], [4771], [7040], [3569], [3815], [3553], [627], [595], [406991], [6598], [5156], [7056]]
Neurofibromatosis II:[[]]
Type II Neurofibromatoses:[[]]
Neurofibromatosis type 2 [acoustic neurofibromatosis]:[[7040], [2064], [4771], [1490], [3084], [7430], [4330]]
Bilateral acoustic neurofibromatosis:[[4771]]
Neurofibromatosis Central NF2:[[4771], [4763], [7157], [1956], [7040], [673], [2064], [207], [3845], [1029], [960], [5879], [6285], [7430], [1490], [5156]]
Neurofibromatosis central type:[[4763], [7422], [4771], [2064], [1029], [5781], [5156], [2475], [4436], [7040], [7157], [1956], [672], [3084], [3845], [207], [673], [338], [4524], [675], [960], [3815], [1490], [5879], [6352], [2668], [6285], [558], [4040], [10763], [5604], [7430], [2026], [23512], [339], [10335]]
Type II Neurofibromatosis:[[]]
Neurofibromatoses Central NF2:[[4771], [7157], [5728], [1956], [7040], [5979], [673], [2064], [3553], [1499], [207], [4609], [999], [4088], [3091], [3845], [4193], [1029], [5743], [7015], [10413], [4233], [1432], [7515], [960], [142], [6714], [3688], [5578], [5879], [2100], [5747], [6667], [3480], [11200], [6285], [7430], [3265], [3082], [6790], [6598], [1588], [6657], [983], [1490], [4763], [2896], [6794], [5156], [5058], [5894], [3308], [1020], [11186], [8678], [6280], [4893], [9314], [9368], [1019], [4157], [6608], [8517], [8314], [6118], [7150], [23028], [2194], [7248], [4217], [407008], [1021], [8454], [2264], [4547], [5245], [3313], [6659], [10015], [2911], [51343], [24145], [9961], [5928], [10165], [6188], [6658], [4670], [11052], [26471], [6134], [7175], [6455], [7024], [9928], [8471], [10112], [11113], [5917], [22907], [7319], [6201], [6016], [8050], [84662], [4354], [5119], [29970]]
NEUROFIBROMATOSIS TYPE II:[[4771], [4040]]
Neurofibromatosis type 2:[[7040], [2064], [4771], [1490], [3084], [7430], [4330]]
Neurofibromatoses Bilateral Acoustic:[[4771], [627], [1312]]
Neurofibromatoses Central:[[6261], [1268], [2308], [6256], [1289], [4948], [7157], [5728], [3383], [1956], [7124], [348], [7422], [3569], [7040], [5979], [4790], [93426], [2099], [84627], [4137], [3586], [351], [54768], [672], [3952], [6469], [9370], [5243], [673], [627], [3553], [1499], [2064], [6622], [6532], [6774], [4524], [4609], [1401], [999], [2475], [4088], [3091], [4318], [207], [4193], [1312], [3845], [3123], [29126], [4306], [5970], [7099], [367], [3576], [7097], [5468], [5743], [7852], [6403], [675], [9576], [1636], [8929], [3479], [7421], [3605], [596], [1029], [6663], [644186], [51738], [256126], [1080], [11214], [7015], [772], [3458], [3075], [5054], [4780], [1026], [2950], [7082], [6647], [8626], [28], [1493], [3106], [4846], [6387], [3949], [120892], [1234], [335], [7450], [170082], [5376], [23411], [2147], [5594], [595], [79068], [3146], [3717], [2668], [4313], [3077], [4879], [406991], [920], [3320], [6696], [2944], [4233], [836], [3630], [3105], [84634], [5071], [80770], [5241], [4582], [6347], [2932], [1432], [3084], [3162], [6513], [127428], [2146], [54971], [5133], [1813], [7098], [3417], [100653393], [5961], [332], [5290], [2952], [177], [2908], [7515], [429], [23435], [2068], [4851], [50943], [472], [5925], [5444], [3119], [60489], [4288], [3958], [59272], [142], [8743], [6714], [1565], [10059], [7428], [154], [3688], [960], [355], [3690], [841], [114548], [1906], [6648], [238], [1285], [3565], [5578], [5879], [10135], [3815], [10413], [5730], [324], [10891], [6772], [3791], [185], [100288805], [6331], [4000], [857], [4791], [27161], [581], [2100], [5347], [3606], [64127], [57817], [5621]]
Acoustic neurofibromatosis:[[4771], [7040]]
BANF - Bilateral acoustic neurofibromatosis:[[4771]]
Neurofibromatosis Central:[[4763], [4771], [7157], [1956], [7422], [7040], [672], [673], [2064], [4524], [2475], [3845], [207], [675], [1029], [2668], [3815], [3084], [960], [5879], [6285], [338], [6352], [5781], [7430], [4436], [1490], [5156], [10763], [4040], [558], [5604], [2026], [23512], [339], [79915], [10335]]
