LIPOFUSCIN STORAGE DISEASE:[[]]
CEROID STORAGE DISEASE:[[1201], [2629], [54982], [1203], [5538], [1200]]
Cerebromacular degeneration:[[348], [7422], [3075], [718], [7078], [3990], [5654], [387715], [109504728], [629], [3426], [5961], [1071], [717], [7124], [6648], [6499], [1039], [8797], [2896], [5071], [2153], [7157], [351], [4153], [4318], [1471], [7421], [24], [3553], [7040], [10452], [7099], [9600], [6622], [1401], [4137], [1524], [1038], [3569], [1956], [4313], [1300], [80025], [3091], [6647], [6347], [6403], [10631], [343035], [4524], [627], [4790], [1636], [120892], [7046], [6103], [947], [6774], [3586], [207], [2064], [768206], [5728], [9370], [4846], [83394], [3123], [4780], [114548], [5743], [23435], [26207], [100048912], [367], [2475], [3576], [1029], [5468], [3952], [7097], [1295], [1499], [4314], [2074], [3146], [3479], [1312], [80781], [4312], [6532], [7015], [5594], [2944], [355], [4179], [7299], [3106], [3605], [332], [596], [1995], [406991], [2950], [23411], [4155], [3458], [836], [5621], [4193], [5444], [5978], [2952], [203228], [3791], [780], [4233], [2521], [5054], [4855], [3077], [3078], [177], [142], [8743], [3162], [5970], [6696], [2736], [4851], [472], [3490], [57605], [341], [2932], [3119], [3480], [2737], [5595], [5663], [3082], [2908], [7515], [3934], [1557], [3383], [3606], [30850], [10516], [4282], [7098], [1906], [1432], [3565], [2321], [3958], [335], [356], [7450], [1027], [10891], [19], [3725], [3552], [857], [3688], [6495], [79068], [8878], [3064], [4582], [5599], [9429], [6531], [10413], [5176], [4000], [114902], [338], [8842], [406947], [2335], [3949], [3625], [406938], [5027], [7490], [1490], [6772], [1277], [4843], [2247], [6352], [6934], [2308], [7276], [3320], [6662], [2068], [650]]
Neuronal Ceroid Lipofuscinosis:[[54982], [1509], [1201], [177], [5538], [6648], [80331], [2629], [1203], [6198], [1200], [256471], [2055], [2572], [23400], [5603], [8722], [154881], [497231]]
Neuronal Ceroid-Lipofuscinosis:[[54982], [1509], [1201], [177], [5538], [6648], [80331], [2629], [1203], [6198], [1200], [256471], [2055], [2572], [23400], [5603], [8722], [154881], [497231]]
Pigmentary retinal lipoid neuronal heredodegeneration:[[]]
Storage Diseases Lipofuscin:[[]]
Cerebromacular dystrophy:[[8291], [6935], [2218], [3000], [4000], [7439], [1760], [6443], [7045], [326], [8754], [23534], [2978], [8557], [1756], [8842], [6442], [5339], [5961], [109461477], [2483], [9987], [7273], [83959], [79147], [58495], [6925], [6017], [55624], [8476], [10585], [825], [83394], [5956], [2489], [1605], [9578], [7040], [108644431], [29954], [9215], [3908], [7157], [2652], [29925], [24], [7078], [203859], [1634], [7124], [1296], [7422], [4625], [55561], [2490], [6444], [5950], [8398], [4070], [4167], [982], [317668], [772], [1001], [2010], [8106], [2202], [1029], [6696], [9370], [4137], [207], [465], [4790], [3553], [54831], [6010], [1080], [596], [1291], [101409267], [10049], [8456], [4609], [729920], [3106], [144453], [100529230], [100505381], [100380873], [619480], [619409], [54109], [53368], [7438], [4195], [1541], [1319], [1275], [2475], [4313], [6103], [3952], [1293], [1406], [5953], [110366357], [100653393], [100380875], [100380874], [100302510], [100302509], [100188278], [1308], [285440], [266675], [4851], [595], [406987], [3605], [4780], [332], [6647], [3105], [1495], [4166], [23347], [2908], [7555], [154], [355], [50943], [23345], [1292], [2932], [7450], [177], [142], [4282], [29914], [4582], [3679], [8626], [6331], [3315], [3643], [6445], [5071], [7415], [7076], [2033], [3320], [778], [2335], [7139], [3064], [7048], [2316], [5959], [2697], [1490], [1191], [255738], [5888], [57190], [3859], [1387], [23224], [6261], [7137], [79977], [7057], [6606], [1728], [200576], [1120], [10908], [1268], [94137], [84197], [4803], [58], [1410], [4914], [169522], [7052], [11315], [84892], [7046], [5562], [5130], [9445], [5566], [5793], [5331], [847], [859], [2705], [6786], [9531]]
Neuronal Ceroid Lipofuscinoses:[[2896], [1509], [1201], [1200], [23400], [6812], [54982], [1203], [5538], [80331], [256471], [2055], [8722], [1185], [154881]]
Neuronal ceroid lipofuscinosis:[[54982], [1509], [1201], [177], [5538], [6648], [80331], [2629], [1203], [6198], [1200], [256471], [2055], [2572], [23400], [5603], [8722], [154881], [497231]]
Storage Disease Ceroid:[[1201], [2629], [54982], [1203], [5538], [1200]]
Neuronal Ceroid-Lipofuscinoses:[[2896], [1509], [1201], [1200], [23400], [6812], [54982], [1203], [5538], [80331], [256471], [2055], [8722], [1185], [154881]]
Storage Diseases Ceroid:[[1201], [2629]]
Storage Disease Lipofuscin:[[]]
