BEDWETTING:[[]]
Nocturnal enuresis:[[2032], [2031], [627], [4846], [1815], [3356], [551], [4803], [4842]]
Nocturnal Enuresis:[[2032], [2031], [627], [4846], [1815], [3356], [551], [4803], [4842]]
ENUR1:[[2031]]
Bed wetting:[[]]
Nocturnal incontinence of urine:[[359]]
Wets bed:[[100653365], [4657], [9189], [84327], [9889], [7422], [3569], [100381270], [58486], [4318], [1401], [627], [4846], [1312], [7099], [79413], [999], [2475], [7852], [114821], [3605], [51738], [63920], [6387], [3383], [9204], [4843], [4988], [2321], [22943], [2056], [23586], [4842], [50964], [6093], [5228], [645145], [22914], [6462], [5327], [94025], [2289], [6261], [2158], [3814], [8862], [9575], [308], [51129], [1003], [6364], [283], [2166], [5618], [255239], [4208], [3872], [6997], [84634], [6571], [3598], [968], [3134], [6363], [6035], [57105], [2925], [54704], [389524]]
ENURESIS NOCTURNAL 1:[[2031], [4842], [2032], [4846], [3356], [627], [4803], [1815], [551]]
Urinary Incontinence Nighttime:[[]]
Bedwetting:[[]]
