OCD - Obsessive-compulsive disorder:[[6532], [3356], [1312], [627], [7124], [3553], [1815], [6531], [1813], [5021], [4128], [2904], [6505], [3351], [8910], [10215], [9229], [58512]]
Neurosis Obsessive Compulsive:[[6532], [3356], [627], [1312], [359], [2898], [7124], [3569], [5789], [1602], [2099], [3553], [57531], [3576], [6347], [3479], [1813], [1815], [6531], [23017], [6387], [1565], [6505], [6648], [5071], [5021], [2332], [3558], [1008], [4128], [1571], [2896], [121278], [203228], [5315], [7351], [2904], [2289], [1000], [3351], [440145], [1861], [7166], [5144], [2903], [4916], [2566], [8910], [3359], [2550], [2572], [26047], [5087], [9722], [387129], [2915], [2891], [110806307], [7122], [6581], [10215], [101927292], [114798], [57680], [23081], [4795], [26052], [4009], [9229], [80274], [3218], [58512], [2298], [84976], [26050], [124152]]
Obsessive-compulsive disorder:[[6532], [3356], [359], [7124], [627], [2898], [1312], [5789], [3569], [1602], [2099], [3553], [57531], [3576], [3479], [6347], [23017], [1815], [1813], [6531], [1565], [5021], [1008], [4128], [3558], [2896], [203228], [5315], [2289], [6505], [1000], [121278], [2904], [440145], [1861], [5144], [2903], [3351], [4916], [2566], [8910], [3359], [2550], [26047], [2572], [5087], [9722], [387129], [2891], [7122], [110806307], [6581], [10215], [101927292], [57680], [114798], [23081], [4795], [26052], [4009], [9229], [80274], [58512], [84976], [26050], [124152]]
Obsessive-Compulsive Disorder:[[6532], [3356], [359], [7124], [627], [2898], [1312], [5789], [3569], [1602], [2099], [3553], [57531], [3576], [3479], [6347], [23017], [1815], [1813], [6531], [1565], [5021], [1008], [4128], [3558], [2896], [203228], [5315], [2289], [6505], [1000], [121278], [2904], [440145], [1861], [5144], [2903], [3351], [4916], [2566], [8910], [3359], [2550], [26047], [2572], [5087], [9722], [387129], [2891], [7122], [110806307], [6581], [10215], [101927292], [57680], [114798], [23081], [4795], [26052], [4009], [9229], [80274], [58512], [84976], [26050], [124152]]
Obsessive compulsive neurosis:[[]]
Obsessive-compulsive disorder unspecified:[[2099], [7124], [1813], [3558], [5315], [5144], [2904], [3351], [2572], [9229]]
Personality Anankastic:[[627], [1312], [6532], [348], [1814], [3569], [4524], [9575], [2099], [1401], [1813], [6531], [367], [1636], [2066], [4318], [5243], [1815], [10643], [4128], [4137], [1565], [3458], [3356], [5921], [6347], [4879], [2908], [23411], [51196], [6387], [1557], [2932], [177], [9378], [4988], [1588], [217], [5021], [5663], [7227], [6352], [7132], [3702], [5789], [1571], [3350], [1191], [1586], [1116], [2917], [4049], [4842], [2289], [7133], [6258], [121278], [135], [153], [7166], [775], [551], [4852], [1548], [2876], [2904], [1394], [7054], [952], [1621], [3358], [3351], [6482], [2643], [6530], [1137], [150], [6007], [5144], [1138], [6869], [256987], [57706], [84062], [3361], [6616], [9229], [4129], [2741], [4929], [6506], [255239], [57018], [91752], [3359], [2202], [6095], [8863], [1129], [1644], [79648], [4923], [4985], [1454], [139341], [4986], [387129], [552], [55304], [1395], [1610], [7021], [80230], [80031], [399694], [3357], [83473], [124842], [23205], [389170], [127], [131], [124], [27253], [9369], [6570], [7733], [80745], [93661], [257194], [2899], [2559], [5522], [8871], [23245], [6641], [80333], [339983], [84570], [145270], [121256], [285375], [339400], [339894], [101928445], [147711], [101927342], [101929380], [54970], [10326], [2831], [50859], [153396]]
Obsessive-Compulsive Disorders:[[6648], [3356], [7351], [2298]]
Personalities Anankastic:[[]]
Obsessive-Compulsive Neuroses:[[]]
Obsessive-Compulsive Neurosis:[[]]
Anankastic neurosis:[[]]
OCD:[[1312], [6532], [627], [7124], [10631], [3553], [57167], [4773], [1813], [6531], [5449], [1815], [4128], [2068], [3356], [5818], [4314], [5021], [1139], [2904], [7223], [25978], [3350], [4842], [4915], [4322], [1203], [23261], [23077], [3351], [9352], [57733], [4129], [6505], [115207], [4045], [8910], [26224], [730249], [4340], [10215], [9177], [10079], [23335], [1428], [1539], [9229], [253650], [158228], [690], [100422889], [400955], [26825], [2236], [100616161], [101928135], [58512]]
Obsessive-compulsive disorders:[[6648], [3356], [7351], [2298]]
Obsessive-compulsive neurosis:[[]]
OBSESSIVE-COMPULSIVE DISORDER:[[6532], [3356], [359], [7124], [627], [2898], [1312], [5789], [3569], [1602], [2099], [3553], [57531], [3576], [3479], [6347], [23017], [1815], [1813], [6531], [1565], [5021], [1008], [4128], [3558], [2896], [203228], [5315], [2289], [6505], [1000], [121278], [2904], [440145], [1861], [5144], [2903], [3351], [4916], [2566], [8910], [3359], [2550], [26047], [2572], [5087], [9722], [387129], [2891], [7122], [110806307], [6581], [10215], [101927292], [57680], [114798], [23081], [4795], [26052], [4009], [9229], [80274], [58512], [84976], [26050], [124152]]
Obsessive Compulsive Disorder:[[6532], [3356], [359], [7124], [627], [2898], [1312], [5789], [3569], [1602], [2099], [3553], [57531], [3576], [3479], [6347], [23017], [1815], [1813], [6531], [1565], [5021], [1008], [4128], [3558], [2896], [203228], [5315], [2289], [6505], [1000], [121278], [2904], [440145], [1861], [5144], [2903], [3351], [4916], [2566], [8910], [3359], [2550], [26047], [2572], [5087], [9722], [387129], [2891], [7122], [110806307], [6581], [10215], [101927292], [57680], [114798], [23081], [4795], [26052], [4009], [9229], [80274], [58512], [84976], [26050], [124152]]
Obsessive compulsive disorder:[[6532], [3356], [359], [7124], [627], [2898], [1312], [5789], [3569], [1602], [2099], [3553], [57531], [3576], [3479], [6347], [23017], [1815], [1813], [6531], [1565], [5021], [1008], [4128], [3558], [2896], [203228], [5315], [2289], [6505], [1000], [121278], [2904], [440145], [1861], [5144], [2903], [3351], [4916], [2566], [8910], [3359], [2550], [26047], [2572], [5087], [9722], [387129], [2891], [7122], [110806307], [6581], [10215], [101927292], [57680], [114798], [23081], [4795], [26052], [4009], [9229], [80274], [58512], [84976], [26050], [124152]]
Anancastic neurosis:[[]]
