Unspecified hypotony of eye:[[]]
Ocular Hypotony:[[]]
Low intraocular pressure:[[19], [857], [1956], [7040], [8522], [1029], [406991], [2908], [2100], [154], [7276], [6688], [27086], [1545], [406937], [169026], [4843], [387], [406985], [406935], [1490], [6955], [54715], [4653], [5742], [361], [6482], [624], [10257], [5308], [7225], [10133], [23279], [5734], [27115], [6781], [4986], [4990]]
Lowered intraocular pressure:[[19], [7040], [1956], [1029], [2908], [406937]]
Hypotony of eye:[[100188856]]
Hypotony of eye unspecified:[[]]
Globe hypotension:[[]]
Decreased intraocular pressure:[[857], [19], [1956], [7040], [54499], [1029], [406991], [2908], [154], [2100], [6688], [28], [4843], [27086], [387], [406937], [1490], [1545], [7276], [406935], [6955], [858], [406985], [361], [4976], [5742], [4212], [5308], [113263], [624], [10133], [1909], [10257], [5734], [64778], [4986]]
Ocular hypotony:[[]]
Ocular Hypotension:[[]]
