Cranial Nerve II Diseases:[[]]
Cranial Nerve II Disorder:[[]]
Disorder of optic nerve:[[5080], [348], [7124], [7422], [627], [3553], [1956], [4318], [5728], [2944], [673], [3091], [596], [2952], [3576], [5076], [2048], [51594], [1268], [6495], [2697], [361], [6657], [4763], [4854], [598], [4915], [4976], [7415], [2006], [4653], [1524], [5354], [7226], [7466], [4990], [116], [5730], [8644], [1141], [5015], [1592], [100131187]]
Neural Optical Lesion:[[]]
Neural-Optical Lesions:[[]]
Optic Nerve Disease:[[5080]]
Second Cranial Nerve Diseases:[[]]
Optic Neuropathy:[[10133], [7157], [1956], [4524], [2811], [1636], [4535], [4846], [4137], [2944], [4538], [2952], [183], [177], [1906], [4508], [185], [4976], [4843], [4540], [4541], [4536], [4854], [2052], [4878], [4519], [4514], [7466], [2026], [3858], [6389], [4881], [4744], [4539], [50], [10939], [4719], [665], [4720], [56896], [80207], [220202], [25821], [51067], [4694], [54539], [4007], [4576], [4558], [6775063], [6775098], [6775066]]
Optic Neuropathies:[[2944], [2952], [4976], [84233], [84816]]
Neural-Optical Lesion:[[]]
Optic Nerve Diseases:[[]]
Optic neuropathy:[[10133], [7157], [1956], [4524], [2811], [1636], [4535], [4846], [4137], [2944], [4538], [2952], [183], [177], [1906], [4508], [185], [4976], [4843], [4540], [4541], [4536], [4854], [2052], [4878], [4519], [4514], [7466], [2026], [3858], [6389], [4881], [4744], [4539], [50], [10939], [4719], [665], [4720], [56896], [80207], [220202], [25821], [51067], [4694], [54539], [4007], [4576], [4558], [6775063], [6775098], [6775066]]
