Fragilitas ossium:[[]]
Brittle bone disease:[[]]
Osteopsathyrosis:[[]]
Brittle Bone Disease:[[]]
Ossiums Fragilitas:[[]]
OI - Osteogenesis imperfecta:[[1277], [1278], [7471], [5176], [3479], [871], [649], [5479], [60681], [3486], [121340], [64175], [10491], [387733], [90993], [55151], [55603]]
Osteogenesis Imperfecta:[[1277], [1278], [5176], [7471], [6678], [3479], [7852], [871], [105317032], [5479], [60681], [649], [121340], [3486], [2261], [64175], [1281], [50964], [387733], [10491], [90993], [51360], [1634], [407024], [55151], [1289], [55603], [11014], [3161], [23184], [1152], [407025], [51594]]
OSTEOGENESIS IMPERFECTA:[[1277], [1278], [5176], [7471], [6678], [3479], [7852], [871], [105317032], [5479], [60681], [649], [121340], [3486], [2261], [64175], [1281], [50964], [387733], [10491], [90993], [51360], [1634], [407024], [55151], [1289], [55603], [11014], [3161], [23184], [1152], [407025], [51594]]
Fragilitas Ossium:[[]]
Brittle bone syndrome:[[84627], [2308], [2068], [11107], [833]]
Osteogenesis imperfecta:[[1277], [1278], [5176], [7471], [6678], [3479], [7852], [871], [105317032], [5479], [60681], [649], [121340], [3486], [2261], [64175], [1281], [50964], [387733], [10491], [90993], [51360], [1634], [407024], [55151], [1289], [55603], [11014], [3161], [23184], [1152], [407025], [51594]]
