Type I osteoporosis:[[1277], [1278], [3481], [7422], [3569], [5054], [348], [3586], [4041], [4846], [23411], [4982], [5444], [4879], [5781], [7474], [5573], [7189], [79068], [3479], [7471], [3106], [4323], [8091], [7133], [1045], [7421], [249], [650], [329], [4544], [246], [2475], [89780], [7040], [4842], [2778], [10584], [7124], [239], [51548], [56729], [9370], [6569], [5728], [3952], [2099], [3458], [6347], [7157], [5588], [406991], [4524], [1305], [1471], [267], [1576], [5443], [846], [302], [221981], [51384], [2263], [351], [672], [5243], [7099], [367], [207], [2690], [7473], [958], [2100], [1499], [2688], [4160], [6678], [1636], [114548], [3674], [627], [3553], [65266], [3576], [5744], [6532], [960], [2944], [3105], [8600], [2048], [4057], [3082], [79875], [1788], [9368], [675], [3605], [3480], [1588], [26220], [5594], [90865], [1594], [4153], [4088], [5290], [4312], [2952], [8660], [1803], [3383], [1543], [7291], [3815], [6772], [64127], [154], [6696], [3953], [7057], [8840], [6648], [5595], [4314], [8074], [50964], [2247], [22943], [4853], [729230], [406947], [3552], [652], [217], [387], [4282], [197], [3240], [4092], [860], [10891], [5027], [213], [7042], [4087], [406932], [2638], [5906], [135], [3290], [1268], [3309], [9365], [1269], [91445], [4049], [6462], [632], [6507], [7442], [1513], [1586], [1545], [26291], [10392], [4852], [9241], [3600], [2934], [79001], [182], [5741], [6662], [55600], [8792], [145264], [501], [10874], [5919], [4040], [10631], [55553], [4208], [7298], [6422], [283120], [1408], [121340], [6288], [301], [50507], [6376], [407018], [406996], [2185], [898], [5641], [2591], [2113]]
Perimenopausal Bone Loss:[[2099]]
Menopausal osteoporosis:[[4041], [4982], [2099], [1277], [7124], [7157], [3569], [7421], [348], [3479], [9370], [1278], [3952], [2100], [672], [8600], [3586], [2944], [7099], [4846], [3553], [1499], [675], [1588], [3576], [2952], [1545], [6347], [22943], [5594], [5290], [6696], [50964], [1543], [6648], [3480], [3953], [1586], [3552], [7298], [846], [2638], [8792], [6462], [632], [5741], [6376], [246], [4544], [2488]]
Postmenopausal Osteoporoses:[[]]
Post-Menopausal Osteoporoses:[[]]
OSTEOPOROSIS POSTMENOPAUSAL:[[4041], [4982], [1277], [1278], [1588], [7040], [2099], [3569], [348], [4524], [7421], [7124], [3479], [7157], [9370], [6462], [79068], [2100], [3952], [799], [2263], [7422], [8600], [406991], [4846], [3586], [1636], [50964], [367], [6347], [672], [3553], [7099], [22943], [207], [6532], [2944], [3605], [650], [4879], [860], [5027], [3106], [2475], [5444], [3383], [675], [5054], [1586], [5290], [2952], [632], [154], [960], [3105], [1543], [2638], [3480], [6696], [6648], [4153], [1545], [8572], [3953], [406947], [4312], [56729], [3552], [8792], [387], [3082], [6772], [3481], [213], [1268], [1269], [5741], [1471], [9365], [8074], [90865], [79001], [3290], [7298], [846], [652], [7133], [283120], [2487], [8091], [3240], [4087], [2688], [4160], [10631], [729230], [6678], [1045], [4057], [898], [26291], [4852], [406996], [249], [182], [5744], [1513], [6573], [246], [5358], [3938], [406932], [406973], [961], [7367], [3603], [6351], [7839], [1948], [5764], [407050], [7432], [8863], [3672], [6948], [407037], [386653], [406922], [6424], [442906], [407011], [2224], [2591], [10376], [23642], [574506], [57291], [1475], [406972], [406980], [10560], [7305], [5641], [643911], [407033], [3381], [10068], [4969], [58472], [574444], [406990], [64388], [51293], [26220], [50650], [494334], [10418], [693222], [51008], [100287616], [80129], [9350], [79884], [192343]]
Perimenopausal Bone Losses:[[]]
Osteoporosis Post Menopausal:[[4041], [4982], [2099], [1277], [3569], [348], [7157], [7124], [3479], [9370], [7421], [3952], [3586], [672], [4846], [2100], [3553], [1278], [7099], [8600], [6696], [1499], [3576], [2944], [675], [1588], [6347], [5594], [2952], [5290], [1545], [22943], [1586], [3953], [3480], [3552], [50964], [846], [8792], [6462], [5741], [6376], [246]]
Postmenopausal Osteoporosis:[[1277], [7124], [2099], [7040], [7422], [7421], [3586], [1278], [4041], [9370], [7099], [3106], [3479], [3605], [4982], [4879], [406991], [2100], [3105], [3383], [1543], [8600], [406947], [213], [799], [8074], [56729], [650], [1545], [22943], [860], [1268], [3240], [283120], [79001], [8091], [652], [4087], [50964], [5741], [898], [5744], [1269], [406996], [406973], [3938], [6351], [407050], [7432], [8572], [407037], [442906], [406922], [10376], [23642], [57291], [1475], [406972], [574506], [7305], [2224], [2591], [5641], [406980], [643911], [407033], [3381], [10068], [574444], [406990], [58472], [26220], [50650], [494334], [10418], [693222], [100287616], [79884], [192343]]
Postmenopausal osteoporosis:[[1277], [7124], [2099], [7040], [7422], [7421], [3586], [1278], [4041], [9370], [7099], [3106], [3479], [3605], [4982], [4879], [406991], [2100], [3105], [3383], [1543], [8600], [406947], [213], [799], [8074], [56729], [650], [1545], [22943], [860], [1268], [3240], [283120], [79001], [8091], [652], [4087], [50964], [5741], [898], [5744], [1269], [406996], [406973], [3938], [6351], [407050], [7432], [8572], [407037], [442906], [406922], [10376], [23642], [57291], [1475], [406972], [574506], [7305], [2224], [2591], [5641], [406980], [643911], [407033], [3381], [10068], [574444], [406990], [58472], [26220], [50650], [494334], [10418], [693222], [100287616], [79884], [192343]]
Post-Menopausal Osteoporosis:[[4982], [8600]]
Postmenopausal Bone Losses:[[]]
Postmenopausal Bone Loss:[[4879], [4982], [5027], [941], [27179]]
Type 1 osteoporosis:[[1277], [5054], [3106], [3481], [3586], [5573], [348], [3479], [3569], [2099], [3383], [7189], [23411], [1278], [5444], [2475], [4041], [9370], [7422], [7133], [5728], [2778], [846], [64127], [6347], [7421], [7471], [114548], [4323], [7040], [6569], [672], [3553], [5781], [4846], [4842], [10584], [329], [56729], [246], [3105], [351], [4982], [2944], [7474], [7291], [207], [4314], [1576], [4879], [1305], [3576], [5243], [1499], [1636], [6532], [5594], [302], [7157], [3552], [3480], [960], [4049], [2688], [5595], [3458], [4153], [4312], [1594], [3290], [5741], [3674], [90865], [2952], [6772], [7042], [1588], [650], [729230], [3815], [221981], [1543], [6696], [4057], [7057], [4544], [182], [6648], [5906], [79068], [5588], [10891], [249], [9368], [367], [22943], [89780], [55600], [1268], [8840], [10059], [860], [6376], [10392], [8091], [1586], [7442], [8792], [7124], [1545], [301], [79875], [26220], [1045], [6422], [4486], [79001], [4524], [2113], [6507], [4891], [7099], [5443], [9241], [145264], [27178], [50507], [501], [2263], [51548], [239], [6364], [3938], [25937], [6351], [6573], [2690], [675], [407024], [3672], [3952], [10560], [1788], [5976], [5641], [406991], [10498], [5764], [5351], [8111], [1471], [81839], [406979], [406922], [267], [2048], [51177], [406980], [50964], [10376], [3605], [3953], [958], [406915], [406972], [54499], [197], [51606], [51384], [4853], [5734], [2100], [5290], [7012], [4160], [8820], [4088], [7473], [627], [6678], [65266], [100126355], [1269], [632], [8600], [5744], [3082], [64132], [10418], [1513], [8074], [283120], [1803], [387], [217], [8660], [154], [4282], [5027], [2247]]
