HPC:[[6804], [7422], [3569], [1499], [3553], [7015], [29126], [7852], [6387], [6696], [3565], [3791], [2322], [5265], [151295], [3596], [947], [3579], [5292], [5196], [7031], [1859], [6041], [3562], [57154], [406969], [60528], [406970]]
Hereditary Chronic Pancreatitis:[[1080], [6690], [5644], [7157], [3553], [3845], [7369], [1471], [7124], [7422], [26585], [5645], [5624], [7040], [3569], [675], [3315], [1401], [7421], [4312], [3557], [4524], [2022], [114548], [1029], [348], [1636], [3576], [11330], [4318], [6347], [7099], [673], [7077], [2944], [1312], [29126], [7015], [2950], [796], [5444], [57817], [960], [4282], [4582], [11093], [7132], [3082], [4353], [4233], [5329], [9518], [4803], [4049], [551], [1991], [4893], [6401], [4087], [4311], [7018], [1508], [1113], [284], [8314], [7066], [6750], [10747], [5205], [3818], [2817]]
Chronic pancreatitis NOS:[[4843], [7422], [3162], [5743], [3458], [29126], [796], [6648], [23411], [56729], [8743]]
PANCREATITIS CHRONIC:[[3119], [1080], [7369], [7124], [7422], [3123], [6690], [3117], [5644], [3586], [3569], [7040], [3162], [7157], [1401], [4312], [5970], [28], [114548], [5068], [3553], [348], [1471], [3576], [4524], [4318], [6347], [7099], [1636], [3845], [22926], [5645], [2524], [9370], [7077], [4790], [1029], [5743], [3952], [673], [3458], [7421], [3146], [2944], [6696], [1312], [7015], [920], [406991], [29126], [4313], [2952], [50943], [7097], [929], [3605], [4023], [177], [2950], [3383], [3934], [3606], [796], [5444], [23411], [1493], [56729], [1906], [960], [6863], [6648], [51738], [7076], [4282], [4582], [5265], [4153], [406938], [3958], [6647], [4843], [3557], [285], [3082], [1950], [2247], [1543], [406947], [90865], [6280], [407040], [11330], [2321], [4353], [4233], [2152], [4314], [3559], [5806], [7128], [3627], [7132], [7098], [1116], [5329], [1803], [10673], [8743], [3315], [675], [846], [57817], [217], [6279], [9075], [1571], [9518], [11093], [213], [7442], [3308], [4803], [59067], [4049], [847], [3439], [197], [10413], [50616], [551], [4316], [26291], [4586], [51284], [2022], [952], [2833], [5155], [3875], [6376], [4317], [387], [9173], [1991], [1672], [5578], [6401], [4087], [125], [8742], [406913], [4057], [4893], [4311], [3689], [2308], [6786], [6469], [1508], [1113], [6403], [2167], [3956], [2678], [7018], [406950], [252995], [5624], [116519], [2813], [9332], [2641], [6288], [1056], [3297], [6348], [7941], [149233], [6928], [1045], [100133941], [345], [284], [8795], [8314], [11009], [407021], [51280], [7039], [2643], [4256], [6283], [54210], [2621], [2740], [3554], [2], [406948], [10971], [2168]]
Familial chronic pancreatitis:[[114548], [7369], [3119], [7157], [348], [3117], [3123], [675], [5205], [7124], [7422], [3845], [1080], [6690], [4023], [5644], [7040], [3569], [3586], [116519], [846], [3553], [1029], [1401], [1636], [4312], [5970], [7099], [4524], [3576], [7128], [7015], [9370], [4318], [6347], [213], [1312], [673], [4790], [7421], [5155], [5743], [6647], [7077], [3458], [5444], [3952], [2944], [406991], [7097], [2950], [3875], [1493], [929], [796], [3606], [5244], [7132], [406938], [551], [6648], [51738], [3557], [7076], [4233], [4353], [1543], [6280], [10673], [4314], [3559], [3627], [57817], [11093], [3856], [10413], [197], [50616], [2022], [952], [6288], [1991], [4893], [10019], [4087], [64170], [406913], [5624], [6469], [8314], [1508], [6403], [2167], [7018], [252995], [6928], [2641], [6348], [345], [2643], [6283], [7066], [54210], [340061], [3304], [2169], [26585], [23436]]
PCTT:[[6690]]
Pancreatitis Hereditary:[[6690], [1080], [5644], [7157], [26585], [3553], [5624], [3845], [675], [5645], [7040], [7124], [3315], [3569], [2022], [3557], [1401], [7421], [1471], [11330], [4524], [1029], [348], [1636], [3576], [6347], [4318], [7099], [7422], [673], [2944], [1312], [29126], [7015], [960], [796], [2950], [5444], [4233], [57817], [11093], [4312], [4282], [4582], [5329], [7132], [114548], [3082], [4353], [9518], [4893], [5627], [4049], [4803], [7018], [6401], [4087], [1508], [7077], [551], [4311], [284], [1113], [8314], [1991], [7369], [7066], [344], [6750], [10747], [5205], [3818], [3336], [2817], [8459]]
Hereditary pancreatitis:[[6690], [1080], [5644], [7157], [26585], [3553], [5624], [3845], [675], [5645], [7040], [7124], [3315], [3569], [2022], [3557], [1401], [7421], [1471], [11330], [4524], [1029], [348], [1636], [3576], [6347], [4318], [7099], [7422], [673], [2944], [1312], [29126], [7015], [960], [796], [2950], [5444], [4233], [57817], [11093], [4312], [4282], [4582], [5329], [7132], [114548], [3082], [4353], [9518], [4893], [5627], [4049], [4803], [7018], [6401], [4087], [1508], [7077], [551], [4311], [284], [1113], [8314], [1991], [7369], [7066], [344], [6750], [10747], [5205], [3818], [3336], [2817], [8459]]
Relapsing chronic pancreatitis:[[7124], [3123], [3569], [3586], [7040], [4318], [114548], [3553], [348], [3576], [6347], [7099], [3952], [7077], [3458], [1029], [7421], [3605], [3146], [6696], [406991], [50943], [929], [4313], [3383], [3606], [5444], [7076], [3557], [1950], [407040], [7132], [10673], [1116], [11093], [7442], [4803], [4049], [51284], [952], [100133941], [54210], [406948], [406967], [3497], [192343]]
CP - Chronic pancreatitis:[[1080], [3119], [7124], [6690], [3123], [7422], [3586], [5644], [7157], [3569], [7040], [4312], [1401], [3576], [3553], [348], [4318], [7099], [3845], [7077], [4790], [3458], [7421], [3605], [4313], [920], [2944], [7015], [3383], [3934], [3606], [4153], [4353], [4843], [7076], [6647], [3557], [4314], [11093], [6280], [6279], [9518], [50616], [4057], [1672], [7018], [5624], [340061], [7039], [2], [3818], [5539], [23436]]
Chronic pancreatitis:[[3119], [1080], [7369], [7124], [7422], [3123], [6690], [3117], [5644], [3586], [3569], [7040], [3162], [7157], [1401], [4312], [5970], [28], [114548], [5068], [3553], [348], [1471], [3576], [4524], [4318], [6347], [7099], [1636], [3845], [22926], [5645], [2524], [9370], [7077], [4790], [1029], [5743], [3952], [673], [3458], [7421], [3146], [2944], [6696], [1312], [7015], [920], [406991], [29126], [4313], [2952], [50943], [7097], [929], [3605], [4023], [177], [2950], [3383], [3934], [3606], [796], [5444], [23411], [1493], [56729], [1906], [960], [6863], [6648], [51738], [7076], [4282], [4582], [5265], [4153], [406938], [3958], [6647], [4843], [3557], [285], [3082], [1950], [2247], [1543], [406947], [90865], [6280], [407040], [11330], [2321], [4353], [4233], [2152], [4314], [3559], [5806], [7128], [3627], [7132], [7098], [1116], [5329], [1803], [10673], [8743], [3315], [675], [846], [57817], [217], [6279], [9075], [1571], [9518], [11093], [213], [7442], [3308], [4803], [59067], [4049], [847], [3439], [197], [10413], [50616], [551], [4316], [26291], [4586], [51284], [2022], [952], [2833], [5155], [3875], [6376], [4317], [387], [9173], [1991], [1672], [5578], [6401], [4087], [125], [8742], [406913], [4057], [4893], [4311], [3689], [2308], [6786], [6469], [1508], [1113], [6403], [2167], [3956], [2678], [7018], [406950], [252995], [5624], [116519], [2813], [9332], [2641], [6288], [1056], [3297], [6348], [7941], [149233], [6928], [1045], [100133941], [345], [284], [8795], [8314], [11009], [407021], [51280], [7039], [2643], [4256], [6283], [54210], [2621], [2740], [3554], [2], [406948], [10971], [2168]]
Pancreatitis Chronic:[[3119], [1080], [7369], [7124], [7422], [3123], [6690], [3117], [5644], [3586], [3569], [7040], [3162], [7157], [1401], [4312], [5970], [28], [114548], [5068], [3553], [348], [1471], [3576], [4524], [4318], [6347], [7099], [1636], [3845], [22926], [5645], [2524], [9370], [7077], [4790], [1029], [5743], [3952], [673], [3458], [7421], [3146], [2944], [6696], [1312], [7015], [920], [406991], [29126], [4313], [2952], [50943], [7097], [929], [3605], [4023], [177], [2950], [3383], [3934], [3606], [796], [5444], [23411], [1493], [56729], [1906], [960], [6863], [6648], [51738], [7076], [4282], [4582], [5265], [4153], [406938], [3958], [6647], [4843], [3557], [285], [3082], [1950], [2247], [1543], [406947], [90865], [6280], [407040], [11330], [2321], [4353], [4233], [2152], [4314], [3559], [5806], [7128], [3627], [7132], [7098], [1116], [5329], [1803], [10673], [8743], [3315], [675], [846], [57817], [217], [6279], [9075], [1571], [9518], [11093], [213], [7442], [3308], [4803], [59067], [4049], [847], [3439], [197], [10413], [50616], [551], [4316], [26291], [4586], [51284], [2022], [952], [2833], [5155], [3875], [6376], [4317], [387], [9173], [1991], [1672], [5578], [6401], [4087], [125], [8742], [406913], [4057], [4893], [4311], [3689], [2308], [6786], [6469], [1508], [1113], [6403], [2167], [3956], [2678], [7018], [406950], [252995], [5624], [116519], [2813], [9332], [2641], [6288], [1056], [3297], [6348], [7941], [149233], [6928], [1045], [100133941], [345], [284], [8795], [8314], [11009], [407021], [51280], [7039], [2643], [4256], [6283], [54210], [2621], [2740], [3554], [2], [406948], [10971], [2168]]
HP:[[3240], [10395], [3250], [6035], [28987], [6159], [1580], [7124], [1071], [3569], [7040], [7422], [207], [2099], [5743], [3091], [6774], [9370], [3123], [3576], [1029], [4318], [7099], [1401], [1080], [3553], [1499], [5290], [5594], [4137], [999], [6647], [1026], [335], [4879], [3043], [836], [3119], [5595], [1557], [2100], [3606], [3565], [4353], [4292], [4582], [3958], [1027], [8626], [5265], [4282], [213], [2697], [9332], [5111], [4088], [718], [2885], [3329], [7052], [7018], [3172], [5315], [1994], [3689], [540], [6690], [10855], [79001], [864], [59067], [2638], [5604], [4322], [3684], [8542], [55], [5742], [5644], [2], [2516], [1356], [2177], [9759], [2213], [7498], [5209], [10280], [2739], [2358], [6590], [23468], [5605], [52], [6272], [3068], [1667], [9961], [58157], [53347], [9507], [5004], [6514], [11096], [53], [8976], [6862], [113235], [6135], [933], [5223], [192111], [84959], [3987], [5210], [10912], [669], [1668], [5236], [81609], [9562], [5930], [5597], [2098], [2267], [5393], [6907], [9677], [2039], [9843], [495], [728358], [11269], [2359], [4694], [58476], [51205], [10319], [79003], [1669], [51614], [8345], [64794], [56165], [51279], [79664], [93650], [284161], [92370], [127435], [4708], [122402], [163589], [91646], [100500916]]
PANCREATITIS HEREDITARY:[[6690], [1080], [5644], [7157], [26585], [3553], [5624], [3845], [675], [5645], [7040], [7124], [3315], [3569], [2022], [3557], [1401], [7421], [1471], [11330], [4524], [1029], [348], [1636], [3576], [6347], [4318], [7099], [7422], [673], [2944], [1312], [29126], [7015], [960], [796], [2950], [5444], [4233], [57817], [11093], [4312], [4282], [4582], [5329], [7132], [114548], [3082], [4353], [9518], [4893], [5627], [4049], [4803], [7018], [6401], [4087], [1508], [7077], [551], [4311], [284], [1113], [8314], [1991], [7369], [7066], [344], [6750], [10747], [5205], [3818], [3336], [2817], [8459]]
Familial Pancreatitis:[[675], [7157], [5205], [348], [114548], [3845], [1080], [6690], [116519], [4023], [5644], [7124], [7040], [846], [3569], [3123], [3119], [3586], [3553], [1029], [1401], [1636], [213], [7422], [7099], [3117], [5155], [3576], [4524], [7015], [9370], [7369], [6347], [4318], [6647], [1312], [7128], [673], [5244], [4790], [7421], [5743], [3458], [5444], [3952], [2944], [3875], [406991], [7097], [2950], [796], [929], [1493], [336], [4233], [3606], [3856], [7132], [406938], [551], [5970], [6648], [4312], [7076], [51738], [3557], [1543], [10413], [10019], [4353], [11093], [10673], [3559], [4314], [6288], [57817], [3627], [4893], [6469], [5624], [64170], [8314], [2022], [6280], [4087], [1508], [6403], [7077], [2641], [345], [197], [7018], [50616], [6928], [1991], [406913], [252995], [2643], [2167], [952], [2169], [3304], [54210], [340061], [6348], [7066], [26585], [6283], [493], [23436]]
Hereditary chronic pancreatitis:[[1080], [6690], [5644], [7157], [3553], [3845], [7369], [1471], [7124], [7422], [26585], [5645], [5624], [7040], [3569], [675], [3315], [1401], [7421], [4312], [3557], [4524], [2022], [114548], [1029], [348], [1636], [3576], [11330], [4318], [6347], [7099], [673], [7077], [2944], [1312], [29126], [7015], [2950], [796], [5444], [57817], [960], [4282], [4582], [11093], [7132], [3082], [4353], [4233], [5329], [9518], [4803], [4049], [551], [1991], [4893], [6401], [4087], [4311], [7018], [1508], [1113], [284], [8314], [7066], [6750], [10747], [5205], [3818], [2817]]
