Paraplegia (complete or partial paralysis of legs):[[6683], [5832], [5354], [6513], [203228], [6310], [9361]]
Paralysis of both lower limbs NOS:[[]]
Paraplegia (lower) NOS:[[857], [823], [953]]
Paralysis of both lower limbs:[[6647]]
Paralysis Legs:[[9895]]
Paraplegia:[[6683], [80208], [51062], [5832], [6687], [123606], [65055], [22978], [11160], [79152], [113612], [10717], [23111], [80821], [118813], [25778], [80207], [3329], [57760], [5354], [414886], [51324], [7345], [724110], [338090], [140907], [100359402], [100049159], [724107], [387583], [57309], [823], [100049707], [619394], [619379], [791228], [6685], [3798], [9420], [953], [23400], [857], [9897], [26580], [547], [22948], [6513], [57704], [203228], [10342], [10908], [57498], [3897], [4099], [57531], [23503], [2583], [23259], [83636], [659], [10667], [57165], [7054], [2161], [126129], [6311], [51271], [4287], [91574], [8398], [10613], [1785], [271], [137492], [476], [64837], [9197], [215], [9179], [23204], [200205], [5833], [6253], [23431], [6310], [6709], [493], [26278], [57679], [4508], [11154], [6567], [9361], [29978], [9895], [10382], [85465], [3336], [8086], [51308], [3737], [55210], [9907], [2632], [10939], [84661], [8139], [55361], [23299], [51010], [84842], [10749], [84947], [84706], [55187], [51218], [89953], [339855], [91056], [647275]]
Lower paraplegia:[[6683], [80208], [11160], [80207], [3329], [857], [7345], [23299], [823], [3798], [953], [203228], [9897], [6513], [10908], [2161], [1785], [476], [6567], [9361], [84842], [339855]]
Paraplegias:[[6683], [51062], [3798], [6687], [547], [10342], [10939], [65055], [9897], [23259], [81790]]
Paralysis Lower Extremities:[[]]
Paraplegia unspecified:[[22948], [1785], [3897], [4287], [6709], [493], [339855]]
Paralysis Lower Limbs:[[6647]]
