Myelopathy Human T Lymphotropic Virus Type 1 Associated:[[2833]]
HTLV I Associated Myelopathy Tropical Spastic Paraparesis:[[3123], [176], [101180976]]
Tropical Spastic Paraplegia:[[]]
Myelopathies HTLV I Associated:[[7015], [7040], [7422], [3123], [4851], [4982], [841], [7128], [7295], [8517], [3654], [8772], [9232], [3586], [572], [3569], [4739], [6774], [3570], [207], [5518], [182], [7157], [3662], [176], [4318], [6513], [3956], [3600], [4790], [3458], [54790], [3383], [2247], [50943], [355], [8427], [3552], [6352], [23405], [959], [84868], [8837], [301], [9308], [467], [3567], [23705], [991], [10628], [101180976], [699], [58508], [3726], [9696], [3727], [917], [924], [64332], [64784]]
HAM:[[1636], [4318], [207], [3135], [2932], [4153], [282617], [3107], [100507436], [998], [4792], [22914], [4915], [4747], [4277], [3804], [50652], [9869], [4744], [79813], [265], [81565], [6346], [29984], [100506311], [55729]]
Human T-cell lymphotropic virus 1-associated myelopathy:[[4790]]
Tropical spastic paraparesis:[[7422], [7040], [3123], [4790], [3106], [29126], [3605], [355], [50943], [3146], [5133], [177], [282617], [3107], [25], [3600], [22914], [3579], [2833], [4747], [3577], [176], [282618], [101180976], [7293], [4744], [259197], [79813], [8887]]
MYELOPATHY HTLV-1-ASSOCIATED:[[7422], [4318], [4790], [3106], [29126], [355], [282617], [3605], [3146], [50943], [5133], [177], [25], [22914], [1524], [4747], [282618], [7293], [4744], [79813]]
HTLV-I-associated myelopathy:[[3569], [3123], [176], [101180976]]
Myelopathy HTLV-I-Associated:[[3569], [3123], [50943], [176], [101180976]]
Myelopathy Htlv-1-Associated:[[7422], [4318], [4790], [3106], [29126], [355], [282617], [3605], [3146], [50943], [5133], [177], [25], [22914], [1524], [4747], [282618], [7293], [4744], [79813]]
HTLV I Associated Myelopathy:[[3569], [3123], [176], [101180976]]
Tropical Spastic Paraplegias:[[]]
HTLV-I-Associated Myelopathy-Tropical Spastic Paraparesis:[[3123], [176], [101180976]]
FAMILIAL SPASTIC PARAPARESIS HTLV-1-ASSOCIATED:[[7422], [3106], [4790], [355], [4747]]
Myelopathies HTLV-I-Associated:[[3569], [6774], [3123], [50943], [6352], [3570], [176], [101180976]]
Familial Spastic Paraparesis Htlv-1-Associated:[[7422], [3106], [4790], [355], [4747]]
Myelopathy Human T-Lymphotropic Virus Type 1 Associated:[[2833]]
Tropical Spastic Paraparesis:[[7422], [7040], [3123], [4790], [3106], [29126], [3605], [355], [50943], [3146], [5133], [177], [282617], [3107], [25], [3600], [22914], [3579], [2833], [4747], [3577], [176], [282618], [101180976], [7293], [4744], [259197], [79813], [8887]]
Tropical spastic paraplegia:[[]]
Familial Spastic Paraparesis Htlv 1 Associated:[[7040], [7422], [3106], [4790], [355], [4747]]
Tropical Spastic Parapareses:[[]]
Myelopathy Htlv 1 Associated:[[7422], [627], [3605], [3106], [177], [3586], [282617], [7124], [4790], [4318], [50943], [29126], [355], [3146], [5133], [25], [22914], [1524], [2833], [4747], [8887], [7293], [282618], [79813], [4744]]
Myelopathy caused by Human T-lymphotropic virus 1:[[]]
Myelopathies Htlv-1-Associated:[[7422], [4318], [207], [4790], [3106], [29126], [355], [3605], [282617], [3146], [6696], [50943], [177], [5133], [3725], [25], [22914], [1524], [6624], [4747], [282618], [7293], [4744], [79813], [3438], [64375]]
