Chemodectoma:[[]]
Non-chromaffin paraganglioma:[[]]
Paraganglioma Non Chromaffin:[[7428], [5979], [2034]]
Paragangliomas Extra-Adrenal:[[6390], [6392], [7015]]
Paraganglioma Non-Chromaffin:[[7428], [5979], [2034]]
Paraganglioma Extra-Adrenal:[[6390], [6392]]
Paraganglioma Extra Adrenal:[[673], [6390], [1028], [6392], [4613]]
Nonchromaffin paraganglioma:[[]]
Paragangliomas Non-Chromaffin:[[7428], [332], [5979], [2034], [1113]]
Chemodectomas:[[]]
Paragangliomas Familial Nonchromaffin 1:[[5979], [4763], [2475], [3091], [1029], [23405], [7015], [2034], [1994], [6390], [7428], [2064], [2625], [6392], [6391], [1788], [1813], [23095], [2271], [8929]]
Paraganglioma Nonchromaffin:[[7428], [673], [1029], [4149], [5979], [3265], [6390], [2034], [4763], [6392], [4613], [8314], [4221], [7080], [2668], [1028], [6663], [6391], [7414], [6389], [54583], [8085], [2271], [9361], [112398], [23095], [54949], [4645], [4191], [5126], [5409], [8402], [55654], [5002], [57001], [26521]]
Extra-adrenal paraganglioma:[[]]
PARAGANGLIOMAS FAMILIAL NONCHROMAFFIN 1:[[5979], [4763], [2475], [3091], [1029], [23405], [7015], [2034], [1994], [6390], [7428], [2064], [2625], [6392], [6391], [1788], [1813], [23095], [2271], [8929]]
Paragangliomas Nonchromaffin:[[6390], [6392], [3091], [2064], [1029], [7428], [7015], [2475], [29126], [332], [6391], [1813], [5979], [6389], [3417], [2034], [4763], [2625], [23405], [1994], [1788], [406992], [3418], [1743], [1113], [8402], [546], [54949], [6752], [8929], [2271], [4149], [6750], [7799], [23095], [1114], [23479], [152330], [6753], [6775079]]
