Paragangliomas 1:[[2475], [3091], [3417], [5979], [4763], [1029], [23405], [7015], [29126], [2034], [1994], [1113], [6752], [2064], [2625], [6390], [6392], [1788], [6391], [7428], [23095], [332], [1813], [6389], [2271], [406992], [7799], [3418], [1743], [546], [8402], [54949], [8929], [4149], [6750], [1114], [6753], [23479], [152330], [6775079]]
Paragangliomas Gangliocytic:[[2034], [6750]]
Gangliocytic paraganglioma:[[6663]]
PGL1:[[6392]]
PARAGANGLIOMAS 1:[[2475], [3091], [3417], [5979], [4763], [1029], [23405], [7015], [29126], [2034], [1994], [1113], [6752], [2064], [2625], [6390], [6392], [1788], [6391], [7428], [23095], [332], [1813], [6389], [2271], [406992], [7799], [3418], [1743], [546], [8402], [54949], [8929], [4149], [6750], [1114], [6753], [23479], [152330], [6775079]]
PGL:[[6392], [3480], [2034], [6390], [4286], [9563], [6389], [25796]]
Paraganglioma Gangliocytic:[[2034], [6663]]
Paraganglioma:[[7428], [673], [1029], [4149], [5979], [3265], [6390], [2034], [4763], [6392], [4613], [8314], [4221], [7080], [2668], [1028], [6663], [6391], [7414], [6389], [54583], [8085], [2271], [9361], [112398], [23095], [54949], [4645], [4191], [5126], [5409], [8402], [55654], [5002], [57001], [26521]]
Neoplasm of paraganglion:[[207], [999], [7157], [51474], [1499], [1956], [5290], [6128], [4318], [5071], [3845], [2064], [2099], [4524], [7422], [3717], [672], [7124], [3569], [6774], [4609], [4790], [1029], [5243], [673], [5743], [3091], [3586], [3576], [3553], [5468], [7015], [595], [1401], [367], [596], [5728], [675], [2475], [3479], [3952], [7852], [6696], [4193], [4313], [29126], [2944], [4851], [1026], [4288], [406991], [920], [2950], [2146], [5594], [811], [4582], [5444], [332], [2952], [50943], [4233], [472], [6387], [3815], [7490], [5979], [5970], [2100], [5925], [1543], [238], [3958], [3480], [142], [5133], [5747], [6648], [406938], [6667], [9429], [5595], [3082], [10413], [4312], [1027], [8626], [1277], [3934], [2247], [1576], [1588], [3417], [4255], [387], [3265], [2260], [3107], [2322], [4843], [4869], [11186], [3320], [8842], [5159], [5241], [861], [54106], [7291], [25], [648], [4436], [7076], [6790], [1471], [4353], [2778], [2152], [4763], [3953], [3486], [6513], [1017], [2263], [4089], [682], [5460], [5156], [860], [10135], [5315], [7431], [11200], [3315], [23405], [90865], [1586], [5111], [4210], [100507436], [1728], [1116], [6935], [406937], [6469], [1268], [3308], [4323], [5806], [4316], [1788], [2022], [2272], [6615], [8091], [6927], [174], [302], [3240], [285], [100124700], [4854], [7153], [3956], [7341], [4352], [9021], [5950], [4684], [2065], [6662], [10018], [7517], [2625], [5058], [1045], [54790], [10631], [4683], [2078], [6598], [3329], [216], [406906], [10397], [7249], [9212], [7941], [3115], [2735], [7080], [613], [947], [6275], [5175], [5176], [3566], [1113], [898], [2162]]
PARAGANGLIOMATA:[[]]
Paragangliomas:[[6390], [6392], [3091], [2064], [1029], [7428], [7015], [2475], [29126], [332], [6391], [1813], [5979], [6389], [3417], [2034], [4763], [2625], [23405], [1994], [1788], [406992], [3418], [1743], [1113], [8402], [546], [54949], [6752], [8929], [2271], [4149], [6750], [7799], [23095], [1114], [23479], [152330], [6753], [6775079]]
Paragangliomas Familial 1:[[5979], [4763], [2475], [3091], [1029], [23405], [7015], [2034], [1994], [6390], [7428], [2064], [2625], [6392], [6391], [1788], [1813], [23095], [2271], [8929]]
PARAGANGLIOMAS FAMILIAL 1:[[5979], [4763], [2475], [3091], [1029], [23405], [7015], [2034], [1994], [6390], [7428], [2064], [2625], [6392], [6391], [1788], [1813], [23095], [2271], [8929]]
Paragangliomata:[[]]
