Benign familial chronic pemphigus:[[7157], [3123], [355], [7124], [1956], [7040], [27032], [3569], [4318], [3586], [7099], [4790], [1493], [3105]]
Familial benign chronic pemphigus:[[27032]]
HAILEY-HAILEY DISEASE:[[2952], [4851], [6667], [7528], [84876], [27032], [488], [406911]]
BCPM:[[27032]]
Familial Benign Chronic Pemphigus:[[27032]]
Pemphigus Benign Familial:[[7157], [27032], [3123], [1956], [7040], [7124], [3569], [4318], [3586], [7099], [1493], [4790], [3105], [355]]
BENIGN CHRONIC PEMPHIGUS:[[3123], [355], [7124], [7157], [1956], [7040], [3569], [4318], [3586], [4790], [27032], [1493], [3605], [7099], [6696], [50943], [3105], [3135], [54106], [581], [836], [3315], [6714], [5328], [6374]]
Hailey-Hailey disease:[[2952], [4851], [6667], [7528], [84876], [27032], [488], [406911]]
Benign familial pemphigus [Hailey-Hailey]:[[]]
PEMPHIGUS BENIGN FAMILIAL:[[7157], [27032], [3123], [1956], [7040], [7124], [3569], [4318], [3586], [7099], [1493], [4790], [3105], [355]]
Hailey Hailey Disease:[[2952], [4851], [6667], [7528], [84876], [27032], [488], [406911]]
Hailey-Hailey Disease:[[2952], [4851], [6667], [7528], [84876], [27032], [488], [406911]]
Hailey Hailey disease:[[2952], [4851], [6667], [7528], [84876], [27032], [488], [406911]]
Familial benign pemphigus:[[7157], [27032], [3123], [1956], [7040], [7124], [3569], [4318], [3586], [7099], [1493], [4790], [3105], [355]]
Benign Chronic Pemphigus:[[3123], [355], [7124], [7157], [1956], [7040], [3569], [4318], [3586], [4790], [27032], [1493], [3605], [7099], [6696], [50943], [3105], [3135], [54106], [581], [836], [3315], [6714], [5328], [6374]]
HHD:[[27032], [1234], [8626], [846], [488], [3664], [6349], [25861], [392862]]
