PHEOCHROMOCYTOMA:[[5979], [7428], [4149], [7157], [3475], [6390], [7422], [6392], [9370], [673], [6774], [2668], [7015], [4763], [6696], [5879], [3320], [3958], [3265], [3791], [2321], [5460], [998], [23095], [2034], [7412], [55654], [2625], [5327], [155], [1113], [4830], [4221], [8314], [9232], [2740], [80781], [5170], [8140], [27086], [51094], [3623], [54583], [2271], [7350], [3762], [8085], [406893], [51083], [10911], [3598], [6389], [6391], [5325], [3028], [112398], [1031], [63976], [9138], [4645], [4191], [5126], [5409], [54949], [8811], [23428], [84701], [25996], [10160], [57001], [55848], [158763], [6775079]]
Pheochromocytoma adrenal:[[5979], [7428], [4149], [6390], [7157], [3475], [6392], [7422], [9370], [673], [6774], [4763], [7015], [2668], [5879], [6696], [3791], [3320], [3958], [3265], [998], [5460], [55654], [1113], [2034], [23095], [5327], [7412], [3762], [2625], [4221], [4830], [8314], [2740], [80781], [3623], [5170], [27086], [51094], [54583], [2271], [8085], [10911], [51083], [3598], [6389], [6391], [5325], [3028], [112398], [1031], [5126], [9138], [5409], [4191], [54949], [23428], [84701], [25996], [10160], [57001], [55848], [158763]]
Chromaffin tumor:[[7490], [7186], [7428], [3553], [332], [1191], [5979], [1113], [6647], [2034], [2778], [1139], [1514], [135], [4852], [8788], [429], [310], [3642], [5179], [6570], [4983]]
Chromaffin tumour:[[332], [3553], [7490], [7428], [6647], [1191], [5979], [2034], [1514], [1139], [429], [310]]
Chromaffin cell neoplasm:[[332], [1113], [429]]
Chromaffin paraganglioma:[[7428], [5979], [2034]]
Chromaffinoma:[[]]
Adrenal medullary paraganglioma:[[5979], [673], [7428], [6390], [3265], [6392], [2668], [6663], [6391], [2271]]
Phaeochromocytoma:[[5743], [596], [7428], [6615], [6390], [6392], [6391]]
Pheochromocytomas adrenal:[[7422], [2064], [5979], [7428], [7015], [6390], [2475], [29126], [51738], [1813], [4763], [332], [185], [3480], [3417], [1027], [3481], [6392], [2260], [2034], [1994], [2056], [186], [3418], [3925], [546], [2057], [3623], [6752], [116], [2271], [4149], [117], [9100], [1114], [7799], [23095], [6391], [7857], [152330], [1743], [114131], [55654], [54949], [2834]]
Pheochromocytoma:[[5979], [7428], [4149], [7157], [3475], [6390], [7422], [6392], [9370], [673], [6774], [2668], [7015], [4763], [6696], [5879], [3320], [3958], [3265], [3791], [2321], [5460], [998], [23095], [2034], [7412], [55654], [2625], [5327], [155], [1113], [4830], [4221], [8314], [9232], [2740], [80781], [5170], [8140], [27086], [51094], [3623], [54583], [2271], [7350], [3762], [8085], [406893], [51083], [10911], [3598], [6389], [6391], [5325], [3028], [112398], [1031], [63976], [9138], [4645], [4191], [5126], [5409], [54949], [8811], [23428], [84701], [25996], [10160], [57001], [55848], [158763], [6775079]]
Pheochromocytomas:[[7422], [2064], [5979], [1029], [7015], [7428], [2475], [29126], [332], [1813], [51738], [3480], [1027], [185], [3417], [6390], [4763], [3481], [2260], [2034], [2056], [1994], [6392], [3418], [3925], [406992], [546], [2057], [186], [406950], [406958], [6752], [406948], [3623], [116], [2271], [4149], [406959], [407053], [117], [7799], [23095], [2315], [1114], [6391], [9100], [7857], [152330], [1743], [6753], [114131], [54949], [55654], [2834], [51052], [6775079]]
