Lobar Atrophy (Brain):[[627], [8398], [348], [2896], [4137], [2947], [351], [7422], [203228], [23435], [1499], [3576], [120892], [5663], [2521], [7097], [2629], [361], [2670], [54209], [4747], [8878], [6389], [1509], [10013], [55832], [6311], [5901], [1639], [3092], [10492], [146057]]
PICK DISEASE:[[7099], [4137], [23435], [19], [3309], [2629], [6609], [4864], [949], [7184], [1118], [6362], [6721], [9588], [10577], [29881], [3916], [4440], [10457], [57192], [246744]]
Brain Atrophy Circumscribed Lobar:[[]]
Pick Disease Of Brain:[[4137], [7099], [23435], [2629], [19], [3309], [6609], [7184], [4864], [9588], [6721], [4440], [10577], [3916], [10457], [57192]]
Pick's disease:[[4137], [5663], [348], [5300], [5052], [7001], [9588], [6421], [134], [10935], [89832]]
Pick Disease of the Brain:[[]]
Pick Disease:[[7099], [4137], [23435], [19], [3309], [2629], [6609], [4864], [949], [7184], [1118], [6362], [6721], [9588], [10577], [29881], [3916], [4440], [10457], [57192], [246744]]
LOBAR ATROPHY OF BRAIN:[[627], [8398], [348], [2896], [4137], [2947], [351], [7422], [203228], [23435], [1499], [3576], [120892], [5663], [2521], [7097], [2629], [361], [2670], [54209], [4747], [8878], [6389], [1509], [10013], [55832], [6311], [5901], [1639], [3092], [10492], [146057]]
Lobar Atrophy of the Brain:[[627], [8398], [348], [2896], [4137], [2947], [351], [7422], [203228], [23435], [1499], [3576], [120892], [5663], [2521], [7097], [2629], [361], [2670], [54209], [4747], [8878], [6389], [1509], [10013], [55832], [6311], [5901], [1639], [3092], [10492], [146057]]
Lobar Atrophies (Brain):[[]]
Lobar Atrophy Of Brain:[[627], [8398], [348], [2896], [4137], [2947], [351], [7422], [203228], [23435], [1499], [3576], [120892], [5663], [2521], [7097], [2629], [361], [2670], [54209], [4747], [8878], [6389], [1509], [10013], [55832], [6311], [5901], [1639], [3092], [10492], [146057]]
PICK DISEASE OF BRAIN:[[4137], [7099], [23435], [2629], [19], [3309], [6609], [7184], [4864], [9588], [6721], [4440], [10577], [3916], [10457], [57192]]
Picks Disease:[[]]
Circumscribed Lobar Atrophy of the Brain:[[]]
Picks Disease of Brain:[[]]
Pick's Disease:[[4137], [5663], [348], [5300], [5052], [7001], [9588], [6421], [134], [10935], [89832]]
DEMENTIA WITH LOBAR ATROPHY AND NEURONAL CYTOPLASMIC INCLUSIONS:[[23435], [203228], [2521], [120892]]
Dementia with Lobar Atrophy and Neuronal Cytoplasmic Inclusions:[[23435], [203228], [2521], [120892]]
