Disorder of placenta and placental transfusion:[[9518], [2212], [7422], [3952], [7124], [3091], [348], [3146], [3077], [5621], [177], [1788], [948], [2539], [2512]]
Placental Diseases:[[7291], [6935], [10919], [1364], [6913]]
Disorder of placenta:[[5189], [775], [2212], [2214], [2272], [3133], [3356], [55670], [81035], [1636], [91869], [1312], [6532], [288], [133], [121278], [8379], [7157], [23345], [7422], [7227], [3569], [3952], [3845], [6925], [79796], [7124], [301], [7450], [861], [4524], [3091], [348], [3815], [3690], [4846], [4318], [9370], [894], [2099], [60676], [3553], [6482], [207], [3586], [627], [7750], [5243], [7099], [1956], [6934], [7040], [338], [5328], [3481], [7421], [3486], [54106], [6647], [5578], [5111], [1756], [867], [26354], [4023], [4803], [2908], [5830], [6335], [3717], [5159], [8405], [5728], [1173], [3674], [351], [2475], [3479], [2668], [55193], [1499], [5580], [4361], [5789], [5743], [4313], [4893], [51479], [2944], [5058], [7494], [673], [3576], [4790], [6347], [3146], [3135], [1588], [2932], [3077], [51738], [6774], [3484], [10631], [4233], [93986], [7534], [2153], [672], [26291], [7097], [4774], [5236], [4691], [8728], [596], [2332], [8314], [4784], [655], [4204], [5430], [1806], [5190], [2950], [51741], [23411], [5594], [6696], [675], [3106], [472], [5921], [4128], [5581], [79068], [26047], [5515], [4780], [10397], [5321], [8850], [79728], [57178], [3162], [4988], [4609], [5027], [355], [5021], [3605], [5054], [80381], [8100], [3064], [1650], [114548], [5074], [6649], [1385], [7852], [3383], [4851], [5373], [10681], [10524], [10111], [6915], [3603], [5828], [8797], [4843], [7490], [920], [3759], [1268], [9984], [6404], [27086], [857], [8452], [8504], [1742], [64127], [215], [5194], [3949], [2072], [3651], [5290], [8743], [960], [2247], [79633], [10395], [50943], [8493], [4773], [10000], [836]]
Placental disorders:[[5228], [9518], [308], [7124], [7422], [3569], [4318], [4524], [3481], [5468], [3586], [9370], [3479], [3952], [2475], [3091], [348], [7157], [3630], [1735], [7040], [6774], [586], [7099], [3553], [627], [4846], [1312], [2908], [7421], [2697], [367], [1956], [2099], [4313], [3135], [5743], [1636], [3717], [283120], [2212], [2321], [4790], [5243], [4684], [1499], [3162], [207], [5054], [29126], [947], [51738], [2688], [3146], [3576], [672], [2932], [3356], [9429], [999], [6347], [596], [3565], [7015], [23411], [3458], [79068], [2153], [7035], [4879], [3815], [5919], [2944], [6696], [4233], [1432], [114548], [3077], [7097], [2147], [185], [4000], [6513], [2022], [4780], [1906], [406991], [7852], [355], [4282], [1543], [406938], [3480], [2952], [10135], [19], [3383], [857], [5621], [6387], [6648], [183], [6647], [2950], [2778], [8074], [581], [50943], [64127], [4023], [7132], [4153], [6667], [5879], [177], [3082], [5970], [4843], [2247], [3557], [3953], [7276], [2289], [11093], [836], [54106], [3084], [3958], [5595], [1027], [324], [10891], [285], [121278], [338], [2335], [861], [5465], [59272], [4312], [1392], [1471], [3934], [2152], [1490], [4314], [56729], [3486], [811], [3814], [133], [7412], [3643], [5241], [3949], [22943], [2516], [1950], [26291], [1786], [3315], [135], [3320], [9021], [196], [407040], [7098], [5599], [718], [8862], [2896], [5781], [356], [4915], [3303], [3291], [6376], [4615], [2263], [1457], [7057], [10673], [6657], [1394], [5156], [6716], [64478], [5654], [9365], [6868], [1788], [1139], [7351], [796], [6469], [3620], [7133], [1958], [3290], [2539]]
Placenta Disease:[[]]
Placenta Diseases:[[]]
Placenta Disorder:[[]]
Placenta Disorders:[[]]
Unspecified placental disorder:[[7157], [7124], [7422], [2099], [348], [1956], [6774], [207], [7421], [7040], [3091], [4790], [5111], [2908], [5743], [672], [5594], [1499], [367], [4233], [596], [2932], [836], [5921], [114548], [7015], [3084], [5595], [7852], [355], [2147], [64127], [6387], [7132], [1027], [3065], [5621], [2335], [841], [324], [8743], [4170], [3320], [5241], [1950], [811], [5781], [3315], [8651], [6868], [5467], [7133], [1051], [8517], [7043], [10399], [1616], [468], [283], [8741], [203]]
Placental Disease:[[3479], [9076], [8521]]
Unspecified placental disorder unspecified trimester:[[7157], [7422], [7124], [2099], [207], [3091], [7421], [5594], [5743], [1499], [367], [596], [5595], [2147], [355], [6387], [7852], [7132], [64127], [2335], [8743], [5467], [283]]
