Pulmonary pneumocystosis:[[6440], [7015], [6441], [6439], [177], [1138], [653509], [4137], [1136], [729238], [6362], [659], [1755], [3658], [64399], [3162], [7157], [727897], [857], [4312], [5727], [10144], [1956], [7124], [3119], [7422], [3569], [7040], [5027], [4846], [79068], [51208], [2327], [3091], [3586], [1636], [4318], [6774], [9370], [1401], [3845], [673], [207], [3123], [4790], [7421], [3553], [5743], [4524], [1499], [4586], [7099], [348], [1080], [3576], [5468], [3107], [6532], [3360], [2064], [29126], [3952], [2993], [2944], [4763], [3458], [4851], [5728], [6927], [5243], [5594], [627], [6347], [3605], [1029], [4879], [2952], [2581], [406991], [7852], [7042], [7097], [4035], [7356], [2475], [3146], [4313], [64478], [4321], [3106], [3606], [79890], [4613], [2244], [6662], [183], [3570], [2099], [5685], [5467], [2147], [3383], [6696], [1234], [3479], [4582], [5617], [1906], [3958], [2950], [51741], [604], [3934], [154], [999], [4282], [4780], [1278], [7012], [1394], [4233], [595], [367], [6387], [5054], [5265], [1026], [3565], [260431], [5595], [5970], [23411], [4843], [2152], [3557], [1493], [5133], [57211], [2153], [3627], [8728], [596], [5879], [4088], [7515], [3082], [6647], [5915], [2247], [355], [4609], [4583], [3596], [6352], [3105], [9759], [90865], [652], [846], [450095], [6893], [3717], [4153], [406938], [1137], [1116], [5781], [2908], [440275], [1545], [1832], [8743], [3725], [960], [5806], [9518], [3777], [675], [2022], [182], [650], [1432], [114548], [100302516], [5290], [7450], [920], [21], [185], [2122], [7132], [64127], [6659], [407040], [3356], [4855], [5444], [7098], [54106], [3759]]
Pneumonia PCP:[[1277]]
Pneumonias PCP:[[]]
Pneumonia Pneumocystis carinii:[[7040], [6441], [10663]]
Pneumocystosis:[[]]
Pneumonia Interstitial Plasma Cell:[[3569], [7040], [3586], [7422], [1956], [7852], [6774], [3576], [595], [6696], [5743], [3383], [54106], [10673], [4615], [6382], [192343]]
Pneumocystosis jirovecii pneumonia:[[3586], [4153], [3565], [3596], [3559]]
Pneumonia Pneumocystis jirovecii:[[3586], [4153], [3565], [3596], [3559]]
Pneumonia P. jirovecii:[[3586], [3565], [4153], [3596], [3559]]
Pneumocystoses:[[]]
Pneumonia due to Pneumocystis carinii:[[7040], [6441], [10663]]
P. jirovecii Pneumonias:[[]]
PCP Infections:[[64135]]
P. carinii Pneumonias:[[6441]]
PCP Infection:[[999], [351], [1499], [64135], [7474], [4040], [4920], [4218], [115908], [8323], [6259]]
P carinii Pneumonias:[[6441]]
PCP - Pneumocystis pneumonia:[[]]
Pneumonia Pneumocystis:[[7040], [3586], [4153], [29126], [3576], [6622], [3565], [5133], [3596], [6441], [3559], [4360], [10663], [9034]]
Pneumocystosis pneumonia:[[3569], [7040], [7124], [3586], [1636], [1401], [4318], [1956], [7099], [7422], [3146], [3605], [6774], [7421], [4153], [3553], [627], [4846], [5743], [3458], [1080], [29126], [3576], [6622], [5468], [7097], [7852], [2944], [5054], [796], [3606], [6347], [3565], [4313], [3557], [595], [6387], [4582], [4879], [6696], [6352], [472], [1543], [3934], [3162], [3383], [355], [406938], [929], [177], [5133], [5265], [114548], [4312], [185], [4282], [1588], [7098], [54106], [5329], [1277], [3481], [406947], [6280], [213], [1116], [718], [5578], [7076], [1471], [3596], [4314], [133], [3627], [7132], [10135], [6441], [959], [2212], [10631], [3559], [820], [378938], [7139], [10673], [4049], [54210], [1589], [4316], [4615], [2214], [9021], [727897], [50616], [551], [6401], [2919], [6382], [7056], [84868], [4878], [7295], [4973], [3566], [5327], [26291], [1991], [3371], [8837], [1536], [7045], [558], [1508], [3579], [7078], [9332], [3684], [51561], [1673], [1236], [2833], [26762], [407008], [1378], [59341], [1281], [3663], [943], [7035], [10406], [27250], [80381], [3567], [27178], [5551], [6348], [2169], [942], [3965], [7356], [3654], [7100], [6439], [653509], [23705], [387715], [6863], [6649], [406950], [60674], [6404], [6283], [23569], [11082], [3603], [2209], [3577], [4321], [6366], [406982], [6590], [362], [2220], [6361], [9619], [55894], [57016], [4638], [6440], [6373], [4360], [9734], [1215], [64581], [270], [10747], [839], [10333], [5696], [3858], [8740], [7026], [643], [574447], [5724], [3598], [10663], [4908], [6363], [2241], [671], [151888], [5205], [5267], [3001], [2219], [56300], [57105], [100507246], [442915]]
Pneumocystis Pneumonias:[[6441]]
Pneumonia P carinii:[[7040], [6441]]
Pneumonia P. carinii:[[7040], [6441]]
