Syndactyly Poland:[[]]
POLAND SEQUENCE:[[7124], [1956], [672], [3569], [4524], [5243], [351], [3553], [1029], [6774], [675], [1401], [673], [7421], [1499], [2944], [1234], [472], [2153], [3119], [3077], [154], [64127], [1543], [3949], [7428], [282617], [2068], [5888], [3953], [268], [11200], [1586], [1545], [57817], [3240], [4683], [4316], [5624], [155], [7018], [7037], [6606], [462], [5310], [6833], [4607], [5627], [1138], [1356], [3251], [6890], [1594], [3938], [6654], [1136], [10111], [580], [5618], [4773], [410], [10481], [5726], [22861], [3030], [6310], [100132285], [3803], [10400], [765], [10117], [57522], [84691]]
Poland anomalad:[[7124], [1956], [672], [3569], [4524], [5243], [351], [3553], [1029], [6774], [675], [1401], [673], [7421], [1499], [2944], [1234], [472], [2153], [3119], [3077], [154], [64127], [1543], [3949], [7428], [282617], [2068], [5888], [3953], [268], [11200], [1586], [1545], [57817], [3240], [4683], [4316], [5624], [155], [7018], [7037], [6606], [462], [5310], [6833], [4607], [5627], [1138], [1356], [3251], [6890], [1594], [3938], [6654], [1136], [10111], [580], [5618], [4773], [410], [10481], [5726], [22861], [3030], [6310], [100132285], [3803], [10400], [765], [10117], [57522], [84691]]
Poland Anomaly:[[1545]]
Syndrome Poland:[[673], [4683], [1029], [64127], [672], [6774], [1401], [675], [2153], [472], [7124], [7428], [2068], [3953], [3569], [1956], [268], [4524], [11200], [5243], [351], [3553], [7421], [1499], [3251], [2944], [6654], [3119], [154], [3077], [1234], [10111], [6890], [1586], [1543], [4773], [155], [57817], [3949], [3240], [5624], [1545], [5310], [7018], [462], [7037], [6833], [1594], [3938], [1136], [5618], [410], [22861], [3030], [6310], [10400], [765]]
Unilateral defect of pectoralis muscle AND syndactyly of hand:[[]]
Poland sequence:[[7124], [1956], [672], [3569], [4524], [5243], [351], [3553], [1029], [6774], [675], [1401], [673], [7421], [1499], [2944], [1234], [472], [2153], [3119], [3077], [154], [64127], [1543], [3949], [7428], [282617], [2068], [5888], [3953], [268], [11200], [1586], [1545], [57817], [3240], [4683], [4316], [5624], [155], [7018], [7037], [6606], [462], [5310], [6833], [4607], [5627], [1138], [1356], [3251], [6890], [1594], [3938], [6654], [1136], [10111], [580], [5618], [4773], [410], [10481], [5726], [22861], [3030], [6310], [100132285], [3803], [10400], [765], [10117], [57522], [84691]]
Poland Sequence:[[7124], [1956], [672], [3569], [4524], [5243], [351], [3553], [1029], [6774], [675], [1401], [673], [7421], [1499], [2944], [1234], [472], [2153], [3119], [3077], [154], [64127], [1543], [3949], [7428], [282617], [2068], [5888], [3953], [268], [11200], [1586], [1545], [57817], [3240], [4683], [4316], [5624], [155], [7018], [7037], [6606], [462], [5310], [6833], [4607], [5627], [1138], [1356], [3251], [6890], [1594], [3938], [6654], [1136], [10111], [580], [5618], [4773], [410], [10481], [5726], [22861], [3030], [6310], [100132285], [3803], [10400], [765], [10117], [57522], [84691]]
Poland syndrome:[[]]
POLAND ANOMALY:[[1545]]
POLAND SYNDACTYLY:[[]]
POLAND SYNDROME:[[]]
Poland anomaly:[[1545]]
