POLYDACTYLY:[[2735], [2737], [145282], [64327], [450096], [338333], [894], [6469], [101241897], [8103], [5290], [10000], [5296], [2263], [79659], [4613], [4750], [2736], [5727], [51776], [57539], [4487], [9786], [89891], [153241], [51626], [55112], [28981], [26160], [137392], [51098], [5307], [285600], [112752], [23291], [7700], [105804841], [255758], [23288], [27152], [8195], [57096], [585], [2121], [91147], [56623], [583], [132884], [22858], [140733], [79738], [54585], [10806], [54903], [129880], [55212], [727857], [9364], [157657], [57560], [123016], [100240748], [106049962]]
Accessory digit:[[367]]
Polydactylism:[[]]
Polydactyly unspecified:[[5296], [2736], [4487], [23291]]
Polydactyly:[[2735], [2737], [145282], [64327], [450096], [338333], [894], [6469], [101241897], [8103], [5290], [10000], [5296], [2263], [79659], [4613], [4750], [2736], [5727], [51776], [57539], [4487], [9786], [89891], [153241], [51626], [55112], [28981], [26160], [137392], [51098], [5307], [285600], [112752], [23291], [7700], [105804841], [255758], [23288], [27152], [8195], [57096], [585], [2121], [91147], [56623], [583], [132884], [22858], [140733], [79738], [54585], [10806], [54903], [129880], [55212], [727857], [9364], [157657], [57560], [123016], [100240748], [106049962]]
Supernumerary digit(s) NOS:[[]]
Polydactyly unspecified digits:[[23291]]
Polydactylia:[[]]
Polydactylies:[[]]
Supernumerary digits:[[]]
Hyperdactylies:[[]]
Hyperdactyly:[[]]
Supernumerary digit:[[]]
Polydactylias:[[]]
Polydactylisms:[[]]
