PRADER-WILLI SYNDROME:[[4692], [3653], [6638], [7681], [8924], [51738], [9370], [367], [54551], [5444], [23742], [718], [2690], [2688], [100033413], [692236], [2641], [3358], [145624], [3060], [338433], [5020], [8788], [10108], [55908], [791114], [5697], [3640], [5122], [2562], [9869], [9188], [7258], [35], [1735], [23191], [123606], [8926], [84539], [2567], [81614], [9824], [114791], [282], [347746], [338429], [347686], [338428]]
PRADER-LABHART-WILLI SYNDROME:[[4692], [3653], [123606], [348938], [81614], [145624], [8123], [791114], [152519], [692236], [6638], [100132321], [100874488], [100421776], [100130204], [100128057], [367], [54551], [791115], [347746], [7681], [51738], [8924], [3953], [718], [9370], [3952], [23742], [5444], [1139], [100033413], [2690], [2688], [338433], [282], [10108], [2641], [3358], [3060], [55908], [3640], [8788], [5020], [5697], [2562], [7258], [5122], [9869], [6492], [9188], [23191], [35], [1735], [8926], [84539], [2567], [114791], [9824], [338429], [347686], [338428]]
Willi Prader Syndrome:[[4692], [3653], [123606], [348938], [81614], [145624], [8123], [791114], [152519], [692236], [6638], [100132321], [100874488], [100421776], [100130204], [100128057], [367], [54551], [791115], [347746], [7681], [51738], [8924], [3953], [718], [9370], [3952], [23742], [5444], [1139], [100033413], [2690], [2688], [338433], [282], [10108], [2641], [3358], [3060], [55908], [3640], [8788], [5020], [5697], [2562], [7258], [5122], [9869], [6492], [9188], [23191], [35], [1735], [8926], [84539], [2567], [114791], [9824], [338429], [347686], [338428]]
Syndrome Prader-Labhart-Willi:[[4692], [3653], [123606], [348938], [81614], [145624], [8123], [791114], [152519], [692236], [6638], [100132321], [100874488], [100421776], [100130204], [100128057], [367], [54551], [791115], [347746], [7681], [51738], [8924], [3953], [718], [9370], [3952], [23742], [5444], [1139], [100033413], [2690], [2688], [338433], [282], [10108], [2641], [3358], [3060], [55908], [3640], [8788], [5020], [5697], [2562], [7258], [5122], [9869], [6492], [9188], [23191], [35], [1735], [8926], [84539], [2567], [114791], [9824], [338429], [347686], [338428]]
Willi-Prader Syndrome:[[4692], [3653], [123606], [348938], [81614], [145624], [8123], [791114], [152519], [692236], [6638], [100132321], [100874488], [100421776], [100130204], [100128057], [367], [54551], [791115], [347746], [7681], [51738], [8924], [3953], [718], [9370], [3952], [23742], [5444], [1139], [100033413], [2690], [2688], [338433], [282], [10108], [2641], [3358], [3060], [55908], [3640], [8788], [5020], [5697], [2562], [7258], [5122], [9869], [6492], [9188], [23191], [35], [1735], [8926], [84539], [2567], [114791], [9824], [338429], [347686], [338428]]
Syndrome Labhart-Willi-Prader-Fanconi:[[]]
Syndrome Prader-Willi:[[4692], [3653], [6638], [123606], [367], [145624], [54551], [81614], [348938], [791114], [7681], [8924], [8123], [152519], [692236], [23742], [100132321], [100874488], [100421776], [100130204], [100128057], [3953], [718], [100033413], [51738], [9370], [338433], [3952], [5444], [10108], [1139], [2690], [791115], [2688], [282], [347746], [2641], [3358], [3060], [55908], [3640], [8788], [5020], [5697], [2562], [7258], [5122], [9869], [9188], [6492], [23191], [35], [1735], [8926], [84539], [2567], [114791], [9824], [338429], [347686], [338428]]
Labhart Willi Prader Fanconi Syndrome:[[]]
PWS:[[7422], [627], [3952], [51738], [3791], [4204], [3953], [252995], [2690], [121278], [2776], [3358], [3060], [4922], [6638], [9188], [4692], [7681], [54551], [100033413], [338433], [282], [791114]]
Labhart Willi Syndrome:[[]]
Prader Labhart Willi syndrome:[[]]
Syndrome Labhart-Willi:[[4692], [3653], [123606], [367], [348938], [81614], [6638], [8123], [152519], [145624], [692236], [100132321], [100874488], [100421776], [100130204], [100128057], [54551], [3953], [718], [791114], [51738], [9370], [3952], [5444], [7681], [8924], [1139], [2688], [2690], [791115], [282], [23742], [347746], [2641], [3358], [100033413], [3060], [55908], [3640], [8788], [338433], [5020], [5697], [10108], [2562], [7258], [5122], [9869], [9188], [6492], [35], [1735], [23191], [8926], [84539], [2567], [114791], [9824], [338429], [347686], [338428]]
Prader Labhart Willi Syndrome:[[]]
Prader-Willi syndrome:[[4692], [3653], [6638], [7681], [8924], [51738], [9370], [367], [54551], [5444], [23742], [718], [2690], [2688], [100033413], [692236], [2641], [3358], [145624], [3060], [338433], [5020], [8788], [10108], [55908], [791114], [5697], [3640], [5122], [2562], [9869], [9188], [7258], [35], [1735], [23191], [123606], [8926], [84539], [2567], [81614], [9824], [114791], [282], [347746], [338429], [347686], [338428]]
