Premature birth:[[4524], [7421], [7099], [4153], [2335], [5241], [5021], [5950], [6382], [966], [6013]]
Early onset of delivery:[[1029], [4137], [1958], [23435], [255738], [6387], [6774], [3949], [6622], [7124], [7422], [7157], [1956], [3569], [3630], [3586], [64127], [4524], [9370], [3091], [3553], [351], [4318], [7099], [4153], [1401], [1636], [627], [999], [2099], [1080], [3135], [8878], [2944], [7421], [1312], [3479], [3952], [4790], [4846], [6647], [6532], [1201], [5444], [2668], [2952], [5743], [3845], [2321], [4864], [7852], [7015], [5243], [3576], [6337], [3976], [6272], [4879], [920], [3458], [3064], [5663], [3146], [3606], [3557], [673], [4851], [3596], [2153], [3605], [335], [5621], [2247], [596], [6347], [7276], [5054], [4780], [154], [5228], [2908], [183], [3791], [3958], [3383], [2022], [2100], [332], [406991], [2147], [960], [4312], [947], [3565], [7098], [23411], [51738], [2312], [2896], [3105], [2146], [338], [3934], [10631], [1471], [3558], [929], [2152], [26191], [56729], [54106], [4582], [3480], [2697], [8600], [387], [1116], [3084], [1815], [8291], [10891], [1432], [100507436], [185], [5021], [6352], [7412], [1588], [5265], [407040], [10135], [7039], [581], [9365], [1543], [2335], [5241], [1950], [4982], [4988], [5950], [5578], [7428], [3484], [959], [7132], [5069], [3309], [1786], [331], [406913], [7153], [406947], [135], [197], [6121], [4023], [3320], [133], [7431], [2688], [57817], [7018], [958], [2056], [4973], [3620], [3667], [23586], [2643], [3814], [1586], [1392], [4323], [284], [598], [948], [7474], [4684], [3592], [7941], [634], [3303], [3002], [1509], [1410], [2395], [2534], [3684], [1019], [5580], [1001], [3956], [3973], [5155], [820], [55054], [7056], [5551], [5196]]
Premature childbirth:[[6532], [1312]]
Premature pregnancy delivered:[[7124], [3569], [2153], [7422], [3576], [3458], [1080], [183], [7015], [1499], [50943], [596], [2952], [177], [3146], [4609], [6387], [3162], [3791], [3383], [3688], [406938], [3480], [3690], [3949], [5228], [3958], [3784], [7291], [6382], [1082], [11009], [59], [192343]]
Prematurity:[[7422], [7124], [3569], [4524], [4846], [3479], [1636], [351], [7421], [4318], [1401], [627], [3123], [7099], [3106], [2475], [2944], [2153], [2950], [2147], [3105], [4153], [3480], [6531], [2332], [10999], [2321], [6352], [10135], [285], [2022], [57817], [2056], [5021], [135], [1535], [5617], [8862], [284], [4041], [727], [10392], [10371], [4522], [7066], [4693], [8322], [6121], [134], [2220], [21], [22846], [7004], [23554], [10916], [80155], [56670]]
Preterm Births:[[7124], [2321], [3565], [2147], [3791], [3596], [5228], [7291], [4049], [55600], [4208], [6470], [3305], [81793], [5729], [5527], [8027], [10579]]
Premature delivery:[[7157], [7124], [3569], [4524], [7422], [2099], [1401], [1636], [3586], [9370], [4318], [3553], [1029], [6532], [23411], [4790], [3091], [1080], [3845], [3576], [7015], [6774], [7099], [7421], [627], [4846], [351], [3479], [1312], [3952], [5743], [1432], [999], [6347], [3605], [650], [2952], [6622], [6647], [2247], [4780], [596], [2321], [8743], [4851], [4137], [2153], [4153], [183], [406991], [3383], [3557], [3458], [3146], [335], [185], [3105], [3949], [4879], [3791], [2146], [2147], [2100], [5347], [6387], [5241], [3135], [3958], [3480], [4312], [2908], [1471], [3688], [3606], [338], [1588], [255738], [7516], [5621], [5663], [4982], [2157], [3725], [2335], [7428], [6352], [4988], [5265], [5228], [8600], [7098], [5460], [2697], [1786], [3309], [2022], [7412], [3484], [7161], [7298], [57817], [846], [1586], [100507436], [2896], [5021], [4035], [3623], [948], [1958], [2155], [3600], [7153], [133], [5950], [6502], [7018], [652], [5972], [2638], [949], [5617], [2150], [3814], [2113], [406913], [7056], [5175], [1361], [1392], [284], [1604], [2161], [966], [2719], [2395], [1540], [5551], [51548], [710], [186], [4317], [468], [80781], [8291], [55054], [406933], [3156], [1890], [5584], [57650], [6613], [1573], [8858], [6948], [3929], [1667], [8754], [4646], [6247], [1201], [80184], [118429], [6612], [9381], [160], [4513], [671], [84168], [5831], [10464], [1668], [9874], [192343]]
Premature delivery of affected infants:[[7124], [3569], [7422], [4524], [1636], [9370], [3586], [6532], [3553], [7099], [3952], [1080], [3576], [4318], [3479], [1312], [627], [3091], [23411], [351], [4846], [4137], [4879], [4790], [2952], [6647], [6347], [2908], [3557], [4780], [2321], [3458], [3605], [1432], [3146], [3383], [1471], [3606], [3480], [406991], [3791], [2147], [185], [6387], [2022], [57817], [6352], [4988], [7098], [5021], [2155], [7298], [133], [2638], [3600], [5972], [284], [5551], [80781], [55054], [192343]]
Premature Births:[[7124], [3162], [4049]]
Premature Birth:[[4524], [7421], [7099], [4153], [2335], [5241], [5021], [5950], [6382], [966], [6013]]
Preterm Birth:[[1401], [7124], [3569], [7422], [3586], [367], [4524], [9370], [7099], [3553], [4318], [7421], [3479], [5468], [3952], [4879], [3953], [2944], [1636], [4153], [3558], [348], [3576], [1956], [3557], [2952], [2335], [177], [5241], [2908], [7040], [4313], [7097], [627], [4846], [1312], [79068], [1543], [6532], [2099], [51738], [3458], [2153], [3146], [3565], [2321], [5743], [6387], [3481], [5444], [3135], [3934], [6347], [1080], [154], [2475], [3605], [2950], [5069], [9415], [5054], [3480], [268], [2147], [183], [4312], [5970], [23411], [472], [871], [406938], [3958], [5021], [3486], [3606], [1906], [7450], [2706], [2022], [1576], [4282], [4968], [5228], [3484], [8743], [56729], [3552], [4204], [7132], [100507436], [796], [2056], [10135], [7076], [4353], [861], [54106], [2690], [5781], [3596], [7133], [5950], [3624], [3627], [8600], [2492], [7291], [1392], [718], [174], [3784], [3570], [9365], [7298], [7139], [5562], [3172], [1544], [285], [7077], [9518], [6285], [252995], [4049], [5327], [4160], [3291], [2645], [2641], [3303], [2638], [4548], [54210], [4057], [84868], [1673], [4306], [8829], [5467], [2811], [2833], [6441], [55600], [5972], [4015], [952], [186], [6573], [246778], [3684], [8737], [8542], [1604], [1378], [1672], [3572], [3485], [2494], [3654], [26762], [4352], [406996], [2246], [330], [329], [7356], [5168], [2213], [10392], [55054], [4838], [6439], [1082], [3603], [5710], [4522], [3623], [9353], [7349], [10468], [6019], [629], [7066], [6440], [6374], [4208], [5266], [406976], [2328], [55894], [5730], [6091], [4938], [9507], [1395], [3929], [3587], [3037], [8828], [3782]]
Preterm delivery:[[7124], [7422], [3569], [3586], [3553], [9370], [1956], [4318], [4524], [1401], [7099], [1636], [3479], [3576], [2321], [7421], [3557], [2099], [3952], [5444], [4153], [2944], [627], [4879], [5743], [351], [154], [2153], [1312], [3605], [2335], [2952], [4846], [3146], [1080], [2908], [6532], [6647], [2247], [1543], [6347], [596], [8743], [3458], [5241], [4780], [3565], [3383], [6387], [3135], [4312], [1471], [5054], [3958], [183], [3484], [3791], [23411], [2147], [2022], [5228], [3480], [3934], [51738], [3606], [4582], [2056], [10135], [929], [185], [64127], [54106], [3558], [56729], [581], [3486], [213], [5578], [387], [5021], [4982], [6352], [5265], [7132], [4323], [9365], [3596], [8600], [100507436], [5069], [7298], [7412], [1392], [1116], [7077], [3303], [5950], [2155], [174], [3956], [2638], [5972], [820], [7941], [5176], [1991], [2668], [2833], [1604], [4317], [3684], [8737], [3291], [186], [5445], [8038], [406996], [5710], [10133], [6649], [55054], [3156], [6590], [3577], [3623], [5266], [1289], [1667], [7349], [6019], [3929], [114609], [8858], [2538], [29124], [10464], [9962], [671], [116443], [1668], [9963], [1290], [1264], [60678], [5669], [442911], [51497], [693167], [192343], [6775079]]
