HUTCHINSON-GILFORD PROGERIA SYNDROME:[[4000], [7157], [1026], [5111], [5631], [5981], [7507], [3066], [7703], [5901], [176], [2010], [288], [55226], [23566], [7318], [221496]]
Premature senility syndrome:[[]]
Progeria:[[7157], [4000], [1026], [142], [8815], [5111], [3066], [5901], [7507], [5915], [176], [407046], [2010], [288], [5631], [5981], [51393], [10269], [6430], [55226], [23566], [23224], [7703], [80169], [5549], [7318], [221496], [192343]]
HGPS:[[4000], [10269], [64221], [4982], [3014], [5167], [4001], [117581], [23353], [25777]]
Progeria syndrome:[[7157], [4000], [8815], [1026], [142], [5111], [5631], [5981], [10269], [3066], [7507], [7703], [5901], [176], [2010], [288], [6430], [55226], [23566], [80169], [7318], [221496], [192343]]
Hutchinson Gilford Syndrome:[[4000]]
Hutchinson-Gilford syndrome:[[4000]]
PROGERIA:[[7157], [4000], [1026], [142], [8815], [5111], [3066], [5901], [7507], [5915], [176], [407046], [2010], [288], [5631], [5981], [51393], [10269], [6430], [55226], [23566], [23224], [7703], [80169], [5549], [7318], [221496], [192343]]
Hutchinson-Gilford Syndrome:[[4000]]
Hutchinson Gilford Progeria Syndrome:[[4000], [7157], [1026], [5111], [5631], [5981], [7507], [3066], [7703], [5901], [176], [2010], [288], [55226], [23566], [7318], [221496]]
Progeria Syndromes Hutchinson-Gilford:[[4000], [7157], [1026], [5631], [5981]]
Progeria Syndrome Hutchinson-Gilford:[[4000], [7157], [1026], [5111], [5631], [5981], [7507], [3066], [7703], [5901], [176], [2010], [288], [55226], [23566], [7318], [221496]]
