Syndrome Eagle-Barrett:[[]]
Syndromes Prune Belly:[[2316]]
Abdominal Muscle Deficiency Syndrome:[[]]
Congenital Absence of the Abdominal Muscles:[[]]
EAGLE-BARRETT SYNDROME:[[]]
Syndromes Prune-Belly:[[2316]]
Eagle Barrett Syndrome:[[]]
Prune belly syndrome:[[1131], [2316], [6928]]
Prune belly:[[1131], [6928], [2316]]
Triad syndrome:[[2074], [1161], [2263], [2272], [84062], [64127], [8976], [54840], [5460], [28960], [3094], [54476], [10908], [2737], [7124], [7132], [2625], [3426], [6657], [2147], [629], [1832], [5648], [177], [4982], [6390], [1139], [5624], [1026], [920], [4353], [354], [135114], [3815], [3240], [11005], [5327], [4233], [3135], [1027], [4018], [90865], [213], [5328], [3110], [2155], [5340], [1589], [1191], [716], [2160], [8600], [7080], [3002], [1991], [2078], [2158], [2161], [2159], [7113], [6391], [164656], [1536], [85480], [2194], [2668], [5657], [8858], [10560], [6768], [1215], [7177], [2313], [51099], [10747], [3818], [3026], [3728], [6470], [6613], [4485], [10699], [4005], [5650], [3916], [566], [3263], [64806], [25818], [5824], [9407], [8504], [339967], [2665], [63036]]
Syndrome Prune-Belly:[[2316], [1131], [6928]]
PRUNE BELLY SYNDROME:[[1131], [2316], [6928]]
Syndrome Obrinsky:[[3757], [1280], [114548], [3753], [2074], [7157], [348], [1281], [51085], [546], [80184], [7466], [3845], [673], [8481], [5728], [8195], [7486], [641], [2706], [2317], [4292], [91147], [8626], [1540], [4000], [54658], [1161], [7490], [2033], [6331], [4023], [1071], [5781], [4436], [2263], [3643], [7291], [3784], [2261], [2260], [582], [10806], [8085], [10083], [367], [4683], [207], [84062], [3123], [7468], [4647], [4952], [2200], [1029], [7399], [4810], [201163], [2969], [10804], [6949], [7227], [2492], [775], [7840], [2316], [5428], [3730], [5080], [585], [1278], [54487], [5604], [55612], [2121], [811], [5290], [132884], [4281], [116442], [84100], [2812], [5077], [64127], [79068], [6663], [783], [338], [57167], [1130], [9968], [2332], [1277], [3990], [10743], [7456], [19], [2122], [3265], [6737], [84059], [6741], [3481], [6513], [4089], [23111], [2646], [356], [1285], [1387], [26585], [8976], [7504], [1827], [331], [23405], [9401], [65217], [4893], [672], [4692], [9569], [5894], [4277], [6774], [3117], [1401], [1788], [7401], [7128], [3570], [545], [10163], [583], [10682], [124590], [129880], [54808], [27241], [2138], [79738], [4137], [2475], [60], [3897], [5159], [1364], [8091], [5885], [79803], [2811], [2956], [9993], [5460], [4286], [675], [3717], [8220], [80144], [80025], [999], [3973], [79621], [4193], [64135], [1145], [55212], [2645], [27031], [4851], [1493], [10535], [2131], [1910], [7122], [9031], [4853], [1134], [2146], [100188856], [355], [50943], [105259599], [2153], [9652], [10908], [3664], [7020], [8214], [5308], [10062], [8517], [5076], [27019], [5189], [5395], [1287], [1906], [25825], [3759]]
Syndrome Prune Belly:[[2316], [1131], [6928]]
Eagle-Barrett syndrome:[[]]
EGBRS:[[1131]]
PBS:[[706], [1131], [4318], [83475], [999], [1994], [1147], [1660], [10658], [11006]]
ABDOMINAL MUSCLES ABSENCE OF WITH URINARY TRACT ABNORMALITY AND CRYPTORCHIDISM:[[]]
