Purpura Henoch-Schoenlein:[[4524], [5054]]
Purpura Henoch:[[3123], [1636], [4846], [7124], [3569], [7422], [4210], [4318], [3553], [7099], [4524], [3586], [3458], [3106], [1493], [3576], [1401], [6347], [3606], [3605], [5444], [3479], [183], [3105], [5054], [1906], [7097], [4233], [3146], [3162], [142], [4282], [26191], [3934], [4843], [6352], [959], [3082], [1471], [6403], [1786], [90865], [796], [5806], [6280], [3689], [3303], [133], [3570], [847], [7037], [6279], [26762], [6376], [6288], [3611], [1003], [3572], [1356], [112744], [4192], [1445], [7356], [58191], [721], [7827], [7292], [5048], [7293], [41], [3497], [56913], [29071], [10068], [9311], [40], [8512]]
Schonlein Purpura Henoch:[[3123], [4846], [4210], [1636], [3569], [7124], [4318], [7422], [3553], [7099], [3106], [1493], [3586], [3458], [6347], [3606], [3576], [1401], [3605], [183], [5444], [3105], [3479], [1906], [7097], [4233], [3146], [3162], [142], [26191], [4843], [6352], [4282], [3934], [959], [3082], [1471], [6403], [1786], [90865], [796], [5806], [6280], [3689], [3303], [133], [3570], [847], [26762], [7037], [6279], [6376], [6288], [3611], [1003], [3572], [1356], [112744], [4192], [1445], [7356], [58191], [721], [7827], [7292], [5048], [7293], [41], [56913], [3497], [29071], [10068], [9311], [40], [8512]]
Schonlein-Henoch Purpura:[[3123], [4846], [4210], [1636], [3569], [7124], [4318], [7422], [3553], [7099], [3106], [1493], [3586], [3458], [6347], [3606], [3576], [1401], [3605], [183], [5444], [3105], [3479], [1906], [7097], [4233], [3146], [3162], [142], [26191], [4843], [6352], [4282], [3934], [959], [3082], [1471], [6403], [1786], [90865], [796], [5806], [6280], [3689], [3303], [133], [3570], [847], [26762], [7037], [6279], [6376], [6288], [3611], [1003], [3572], [1356], [112744], [4192], [1445], [7356], [58191], [721], [7827], [7292], [5048], [7293], [41], [56913], [3497], [29071], [10068], [9311], [40], [8512]]
Schonlein-Henoch Purpuras:[[1636], [4846], [7422], [3123], [4210], [3569], [4318], [7124], [3553], [7099], [3106], [3586], [1401], [6347], [3576], [1493], [3606], [5444], [3605], [3479], [183], [3458], [3105], [7097], [4233], [3146], [1906], [3162], [142], [4843], [3934], [6352], [4282], [3082], [26191], [1471], [1786], [90865], [959], [796], [5806], [6280], [6403], [3689], [3303], [133], [3570], [847], [7037], [6279], [26762], [6376], [6288], [3611], [1003], [3572], [1356], [112744], [4192], [1445], [7356], [58191], [721], [7827], [7292], [5048], [7293], [41], [3497], [56913], [29071], [10068], [9311], [40], [8512]]
Acute vascular purpura:[[7422], [6774], [3569], [7124], [1003], [3717], [7040], [3553], [4318], [1636], [3586], [1471], [4851], [3479], [4846], [4524], [1401], [3123], [3690], [3458], [7099], [6347], [7852], [3576], [5054], [7450], [3952], [3146], [4210], [1906], [3162], [5444], [183], [3605], [2247], [6288], [3606], [7097], [133], [11093], [959], [3934], [3565], [3082], [4843], [1786], [4282], [5806], [142], [50943], [4854], [4233], [355], [5265], [90865], [6403], [3570], [3557], [836], [718], [3105], [5624], [796], [6280], [3689], [54106], [6376], [356], [6279], [6352], [7046], [406910], [7137], [3303], [3572], [4192], [7048], [4049], [3674], [102], [721], [182], [3611], [2833], [2213], [58191], [7292], [10544], [4853], [112744], [7066], [3280], [1356], [55384], [5345], [28514], [6373]]
Henoch-Schoenlein purpura:[[4524], [5054]]
Autoimmune purpura:[[1493], [3123], [356], [6774], [3106], [3119], [355], [6347], [7124], [3569], [26191], [7040], [3586], [3690], [7099], [7422], [3605], [4318], [3458], [3553], [3952], [50943], [3565], [1401], [3606], [3576], [54106], [3572], [10673], [7097], [3105], [4282], [90865], [11093], [3146], [959], [2212], [4233], [142], [3162], [2214], [100507436], [3082], [796], [718], [4843], [2247], [6352], [5806], [1786], [3570], [2625], [1789], [30009], [6280], [4049], [1788], [3674], [2833], [7137], [2213], [6776], [6279], [406910], [40], [1003], [721], [5551], [8741], [112744], [942], [3589], [941], [7292], [6373], [3497], [29071]]
Schonlein Purpuras Henoch:[[1636], [4846], [7422], [3123], [4210], [3569], [4318], [7124], [3553], [7099], [3106], [3586], [1401], [6347], [3576], [1493], [3606], [5444], [3605], [3479], [183], [3458], [3105], [7097], [4233], [3146], [1906], [3162], [142], [4843], [3934], [6352], [4282], [3082], [26191], [1471], [1786], [90865], [959], [796], [5806], [6280], [6403], [3689], [3303], [133], [3570], [847], [7037], [6279], [26762], [6376], [6288], [3611], [1003], [3572], [1356], [112744], [4192], [1445], [7356], [58191], [721], [7827], [7292], [5048], [7293], [41], [3497], [56913], [29071], [10068], [9311], [40], [8512]]
Purpura Anaphylactoid:[[]]
HSP - Henoch-Schonlein purpura:[[1636], [4846], [4210], [7124], [7422], [6347], [7099], [3586], [1493], [3576], [183], [4843], [3146], [6352], [3303], [90865], [6403], [3611], [7292], [7293], [29071]]
Schoenlein Henoch Purpura:[[]]
Purpura Henoch(-Schönlein):[[3123], [4846], [4210], [1636], [3569], [7124], [4318], [7422], [3553], [7099], [3106], [1493], [3586], [3458], [6347], [3606], [3576], [1401], [3605], [183], [5444], [3105], [3479], [1906], [7097], [4233], [3146], [3162], [142], [26191], [4843], [6352], [4282], [3934], [959], [3082], [1471], [6403], [1786], [90865], [796], [5806], [6280], [3689], [3303], [133], [3570], [847], [26762], [7037], [6279], [6376], [6288], [3611], [1003], [3572], [1356], [112744], [4192], [1445], [7356], [58191], [721], [7827], [7292], [5048], [7293], [41], [56913], [3497], [29071], [10068], [9311], [40], [8512]]
Allergic purpura:[[]]
Purpura Allergic:[[3106], [7124], [3119], [7040], [3123], [3586], [3458], [7099], [3569], [7422], [1636], [3605], [4846], [3606], [3576], [100507436], [4318], [7097], [4524], [50943], [3565], [6774], [1493], [3553], [1401], [5054], [6347], [3952], [6352], [90865], [3717], [4851], [5444], [3105], [1906], [3162], [959], [3146], [54106], [3557], [718], [4843], [2625], [26191], [2212], [3082], [10673], [796], [1471], [5624], [6280], [7048], [3570], [3689], [26762], [6376], [133], [30009], [847], [2833], [102], [182], [1269], [942], [112744], [7292], [7356], [7293], [3497], [6373]]
Henoch-Schoenlein vasculitis:[[]]
Schoenlein-Henoch Purpura:[[]]
Henoch-Schonlein purpura:[[3123], [1636], [4846], [3569], [7124], [7422], [4318], [4210], [3553], [7099], [3106], [1493], [3586], [3458], [6347], [1401], [3606], [3605], [3576], [183], [5444], [3479], [3105], [1906], [4233], [3146], [3162], [7097], [142], [26191], [4843], [6352], [4282], [3934], [959], [3082], [1471], [1786], [90865], [796], [6403], [5806], [6280], [3689], [3303], [133], [3570], [847], [7037], [6279], [26762], [6376], [6288], [3611], [1003], [3572], [1356], [112744], [4192], [1445], [7356], [58191], [721], [7827], [7292], [5048], [7293], [41], [56913], [3497], [29071], [10068], [9311], [40], [8512]]
Spring fever:[[5243]]
Anaphylactoid purpura:[[]]
Immunoglobulin A vasculitis:[[3123], [3569], [7124], [6347], [7099], [3553], [4846], [3605], [596], [3075], [718], [7450], [23495], [10673], [7132], [3663], [85480]]
Henoch-Schönlein purpura:[[3123], [1636], [4846], [3569], [7124], [7422], [4318], [4210], [3553], [7099], [3106], [1493], [3586], [3458], [6347], [1401], [3606], [3605], [3576], [183], [5444], [3479], [3105], [1906], [4233], [3146], [3162], [7097], [142], [26191], [4843], [6352], [4282], [3934], [959], [3082], [1471], [1786], [90865], [796], [6403], [5806], [6280], [3689], [3303], [133], [3570], [847], [7037], [6279], [26762], [6376], [6288], [3611], [1003], [3572], [1356], [112744], [4192], [1445], [7356], [58191], [721], [7827], [7292], [5048], [7293], [41], [56913], [3497], [29071], [10068], [9311], [40], [8512]]
Henoch's purpura:[[3123], [7124], [3569], [7040], [7422], [1636], [4846], [4524], [4318], [3458], [3586], [3553], [7099], [6774], [1401], [3106], [3576], [7450], [1493], [3952], [11093], [6347], [3605], [3479], [4210], [7852], [3606], [5444], [3717], [3105], [5054], [3119], [183], [7097], [4851], [50943], [4233], [3146], [1906], [3565], [3162], [355], [142], [3557], [3690], [836], [4282], [3934], [959], [54106], [3082], [26191], [4843], [2247], [6352], [5265], [2212], [1471], [2214], [10673], [5624], [718], [356], [1786], [90865], [100507436], [796], [6403], [5806], [1789], [6280], [7048], [4049], [4854], [3689], [3303], [1788], [133], [7046], [2625], [3570], [7137], [3674], [847], [7037], [8517], [6279], [6376], [6288], [102], [6776], [3611], [1269], [182], [2833], [26762], [55384], [2213], [1003], [3572], [406910], [5551], [10544], [4853], [1356], [1440], [112744], [4192], [30009], [942], [8741], [1445], [7356], [5076], [58191], [721], [941], [7827], [931], [3589], [7066], [7292], [3280], [5048], [7293], [5345], [6373], [28514], [41], [191], [3497], [8930], [56913], [10068], [29071], [9311], [40], [9103], [971], [8512], [130802]]
Purpura Henoch-Schonlein:[[3123], [1636], [4846], [3569], [7124], [7422], [4318], [4210], [3553], [7099], [3106], [1493], [3586], [3458], [6347], [1401], [3606], [3605], [3576], [183], [5444], [3479], [3105], [1906], [4233], [3146], [3162], [7097], [142], [26191], [4843], [6352], [4282], [3934], [959], [3082], [1471], [1786], [90865], [796], [6403], [5806], [6280], [3689], [3303], [133], [3570], [847], [7037], [6279], [26762], [6376], [6288], [3611], [1003], [3572], [1356], [112744], [4192], [1445], [7356], [58191], [721], [7827], [7292], [5048], [7293], [41], [56913], [3497], [29071], [10068], [9311], [40], [8512]]
Purpuras Henoch-Schonlein:[[1636], [4846], [7422], [3569], [7124], [3123], [4318], [3553], [7099], [3586], [3106], [1401], [6347], [1493], [3576], [5444], [3605], [3479], [183], [3606], [3458], [4210], [3105], [4233], [3146], [3162], [7097], [1906], [142], [4843], [3934], [6352], [4282], [3082], [26191], [1471], [1786], [90865], [959], [796], [5806], [6280], [3689], [3303], [133], [3570], [6403], [847], [7037], [6279], [6376], [6288], [26762], [3611], [1003], [3572], [1356], [112744], [4192], [1445], [7356], [58191], [721], [7827], [7292], [5048], [7293], [41], [3497], [56913], [29071], [10068], [9311], [40], [8512]]
Purpura anaphylactoid:[[]]
