Pyruvate Dehydrogenase Complex Deficiency:[[5160], [1737], [8050], [1738], [3091], [5162], [1892], [2308], [5465], [38], [23410], [9971], [54704], [11035]]
Deficiency of pyruvate decarboxylase:[[]]
Intermittent Ataxia with Pyruvate Dehydrogenase Deficiency:[[3091], [10891]]
Deficiency of pyruvate dehydrogenase (cytochrome):[[7157], [3091], [7124], [207], [6647], [4609], [3172], [5465], [2309], [192343]]
Pyruvate Dehydrogenase Complex Deficiency Disease:[[]]
PDHC Deficiency:[[5160]]
Ataxia with lactic acidosis I:[[3586], [207], [5428], [6548], [4574], [4508], [10102]]
PYRUVATE DEHYDROGENASE COMPLEX DEFICIENCY:[[5160], [1737], [8050], [1738], [3091], [5162], [1892], [2308], [5465], [38], [23410], [9971], [54704], [11035]]
Deficiency of pyruvic dehydrogenase:[[]]
ATAXIA INTERMITTENT WITH PYRUVATE DEHYDROGENASE DEFICIENCY:[[3091], [10891]]
Deficiency of pyruvate dehydrogenase:[[5160], [5162], [1737], [8050], [54704], [1738], [3945], [3417], [10295], [51660], [6513], [4524], [7157], [4537], [3948], [3091], [7124], [7422], [6566], [11019], [6647], [4609], [207], [5970], [10891], [708], [6667], [3172], [23410], [5465], [2309], [2308], [1892], [38], [5467], [406992], [9971], [9076], [79727], [6789], [11035], [9361], [406915], [192343]]
PYRUVATE DECARBOXYLASE DEFICIENCY:[[]]
PDH deficiency:[[54704], [7157], [5160], [3091], [2064], [4851], [5594], [5162], [10891], [8050], [3417], [5091], [1737], [4854], [6427], [51601], [192343]]
Deficiency of alpha-ketoacid carboxylase:[[]]
PDHC Deficiency Disease:[[]]
Pyruvate Decarboxylase Deficiency:[[]]
Ataxia Intermittent with Abnormal Pyruvate Metabolism:[[3091], [4790], [10891]]
Ataxia Intermittent with Pyruvate Dehydrogenase or Decarboxylase Deficiency:[[1644], [23417], [3417], [2571], [2752], [7389], [3091], [7372], [3123], [1956], [4967], [6786], [2099], [351], [6622], [2064], [4609], [383], [1493], [596], [10891], [3119], [11315], [595], [3630], [1892], [324], [2729], [26191], [1728], [31], [7054], [64087], [1977], [8879], [3205], [4507], [2554], [5564], [57521], [2805], [7555]]
Deficiency of alpha-carboxylase:[[]]
PDH DEFICIENCY:[[54704], [7157], [5160], [3091], [2064], [4851], [5594], [5162], [10891], [8050], [3417], [5091], [1737], [4854], [6427], [51601], [192343]]
Pyruvate dehydrogenase complex deficiency:[[5160], [1737], [8050], [1738], [3091], [5162], [1892], [2308], [5465], [38], [23410], [9971], [54704], [11035]]
Pyruvate Dehydrogenase Deficiency:[[5160], [5162], [1737], [8050], [54704], [1738], [3945], [3417], [10295], [51660], [6513], [4524], [7157], [4537], [3948], [3091], [7124], [7422], [6566], [11019], [6647], [4609], [207], [5970], [10891], [708], [6667], [3172], [23410], [5465], [2309], [2308], [1892], [38], [5467], [406992], [9971], [9076], [79727], [6789], [11035], [9361], [406915], [192343]]
PDH Deficiency:[[54704], [7157], [5160], [3091], [2064], [4851], [5594], [5162], [10891], [8050], [3417], [5091], [1737], [4854], [6427], [51601], [192343]]
Deficiency of pyruvic decarboxylase:[[]]
PDH - Pyruvate dehydrogenase deficiency:[[54704], [5160], [5162], [1737], [8050], [3417], [7157], [3091], [10891], [192343]]
ATAXIA INTERMITTENT WITH ABNORMAL PYRUVATE METABOLISM:[[3091], [4790], [10891]]
Ataxia with lactic acidosis:[[3586], [207], [5428], [6548], [4574], [4508], [10102]]
Pyruvate dehydrogenase deficiency:[[5160], [5162], [1737], [8050], [54704], [1738], [3945], [3417], [10295], [51660], [6513], [4524], [7157], [4537], [3948], [3091], [7124], [7422], [6566], [11019], [6647], [4609], [207], [5970], [10891], [708], [6667], [3172], [23410], [5465], [2309], [2308], [1892], [38], [5467], [406992], [9971], [9076], [79727], [6789], [11035], [9361], [406915], [192343]]
