CRPS Type Is:[[7132], [3106], [3559], [4311], [154], [966], [4179], [953], [406989], [1129], [148]]
Type I CRPS:[[7132], [3106], [3559], [4311], [154], [966], [4179], [953], [406989], [1129], [148]]
Type I Complex Regional Pain Syndrome:[[]]
Complex regional pain syndrome type 1:[[3106], [348], [999], [3586], [3557], [3569], [7422], [3479], [6335], [2099], [23411], [3553], [7040], [6647], [3146], [4137], [351], [4846], [2335], [6532], [5243], [7852], [6531], [7124], [7139], [1636], [3570], [2908], [4988], [5290], [29126], [7099], [6387], [1268], [150], [1312], [4204], [3356], [5743], [134], [153], [3952], [4982], [627], [50943], [154], [4210], [3958], [1813], [953], [4129], [3082], [1756], [26047], [4160], [5578], [3934], [9365], [406937], [94025], [3350], [10874], [1815], [3359], [885], [406989], [148], [1129], [192343]]
Sympathetic Reflex Dystrophia:[[]]
Sudeck's atrophy:[[4976], [6606], [1822], [80207], [4942], [109504725], [59341], [114907], [348], [109461484], [3146], [10413], [367], [351], [6622], [19], [4137], [7124], [25894], [7040], [2475], [7422], [627], [3569], [4524], [23299], [6403], [1401], [1636], [4684], [7948], [2162], [2099], [5743], [7099], [777778], [3553], [9927], [4318], [10320], [10059], [207], [3123], [3479], [3576], [2904], [58156], [1499], [3075], [3106], [120892], [94008], [692222], [4313], [373073], [1080], [8293], [106783499], [5468], [3778], [1910], [4977], [6347], [596], [2896], [538], [3458], [3605], [619394], [101241900], [100188775], [246751], [8094], [330], [203228], [355], [1778], [5444], [2932], [23435], [6647], [7097], [51738], [2950], [960], [472], [1813], [6387], [10891], [3119], [718], [6095], [3383], [10280], [5062], [2273], [2309], [5071], [5781], [335], [3480], [7317], [4000], [2308], [4282], [427], [23418], [4153], [5663], [4312], [3508], [8626], [478], [9217], [114548], [406938], [1471], [3065], [7003], [2521], [27235], [1191], [122786], [24], [3600], [7098], [3064], [217], [3558], [7025], [2629], [356], [6742], [4353], [1950], [2617], [4314], [6389], [3667], [1017], [8842], [7052], [6607], [411], [8878], [682], [5329], [59272], [9518], [1786], [598], [8029], [6469], [2688], [7431], [8837], [9365], [23405], [6198], [6285], [7048], [5428], [4049], [5654], [4842], [5640], [8487], [4316], [4615], [2934], [50], [773], [864], [8258], [55832], [6261], [7273], [10939], [1280], [6382], [65018], [387715], [400916], [5125], [89], [4645], [3312], [6185], [2660], [10013], [9436], [1045], [4311], [4803], [6720], [375513], [387036], [361], [9863], [1410]]
Syndrome Reflex Sympathetic Dystrophy:[[]]
Sympathetic Reflex Dystrophias:[[]]
RSDs (Reflex Sympathetic Dystrophy):[[]]
Reflex sympathetic dystrophy:[[]]
Reflex sympathetic dystrophy unspecified:[[]]
Sudeks Atrophy:[[]]
Complex regional pain syndrome type I:[[348], [7422], [3106], [3569], [999], [6335], [3586], [23411], [4846], [3557], [7124], [3479], [7139], [3570], [5290], [150], [4137], [4204], [7040], [2099], [2335], [6387], [7099], [3952], [627], [7852], [6647], [5243], [1312], [351], [6532], [50943], [3146], [3553], [154], [5743], [1636], [1813], [4210], [2908], [4982], [3958], [4129], [3356], [4988], [3082], [1756], [6531], [29126], [4160], [3934], [1268], [5578], [26047], [406937], [9365], [94025], [1815], [10874], [3350], [153], [3359], [885], [134], [406989], [953], [148], [1129], [192343]]
Sudek's Atrophy:[[]]
REFLEX SYMPATHETIC DYSTROPHY:[[]]
Sympathetic Dystrophies Reflex:[[]]
Sympathetic Dystrophy Reflex:[[6647]]
Sudek's Atrophies:[[]]
Sudek Atrophy:[[]]
CRPS (complex regional pain syndrome) type I:[[3106], [154], [406989], [953], [148], [1129]]
RSD (Reflex Sympathetic Dystrophy):[[]]
