Respiratory Sounds:[[]]
BS - Breath sounds:[[]]
Breath sounds:[[]]
Sound Breathing:[[3383], [2706]]
Sound Respiratory:[[7040], [1636], [2944], [3383], [6647], [3106], [332], [836], [50943], [2006], [7020], [727897], [9378], [4715]]
Sound of respiration:[[7040], [6647], [836], [2641], [7349]]
Respiratory sounds:[[]]
Sounds Breathing:[[]]
Sound Lung:[[1277], [7040], [1636], [332], [3815], [3383], [2944], [836], [3106], [1493], [367], [50943], [6647], [7042], [2706], [55636], [2876], [1813], [6591], [65217], [4982], [3784], [8878], [1649], [10253], [5080], [64072], [4322], [727897], [5172], [7068], [7043], [2006], [7020], [345], [9368], [7466], [3753], [1285], [1301], [4647], [6495], [4646], [4919], [51752], [4036], [93986], [246213], [3198], [25836], [3074], [6091], [26018], [1729], [776], [8322], [2138], [9132], [9378], [2561], [501], [57214], [6899], [5205], [84059], [6303], [51473], [2070], [1302], [64699], [7007], [3249], [51168], [1687], [375611], [1032], [79784], [22953], [9948], [25861], [80204], [1758], [494513], [8556], [55584], [153562], [8195], [1428], [9860], [11078], [79955], [6907], [9455], [26517], [5269], [53405], [7275], [6169], [152137], [125336], [4715], [9750], [84530], [23262], [10750], [84189], [53942], [259236], [80055], [24139], [54532], [26520], [286262], [26519], [146183], [6940], [64787], [220074], [84899], [26521], [375612], [54084], [84173], [55084]]
Sounds Lung:[[2099], [1312], [6532], [27255]]
