DISEASES OF THE RESPIRATORY SYSTEM:[[1906], [4204], [1571], [2530], [2006], [6441], [653509], [6439], [1909], [6440], [3920], [6943], [729238]]
Respiratory disease:[[11315], [3586], [6774], [5071], [3123], [6347], [3569], [7422], [3115], [3119], [1401], [5621], [653361], [3107], [3558], [356], [3117], [4688], [7124], [3106], [729230], [3570], [8651], [1956], [59067], [7040], [3383], [1234], [3659], [246778], [1636], [4582], [2161], [55600], [4790], [4318], [1232], [2524], [100507436], [3953], [4846], [7421], [9370], [4899], [3084], [3458], [3559], [10452], [5328], [3565], [5243], [3630], [3146], [94103], [4719], [7015], [4724], [6943], [7157], [1394], [51297], [5594], [3162], [5970], [4723], [9927], [6441], [4851], [3105], [3554], [4720], [4353], [3557], [1543], [6609], [3156], [4277], [7099], [114548], [2551], [374291], [1080], [6772], [3576], [4843], [8771], [6095], [2321], [1471], [3976], [22861], [4988], [3596], [7273], [51196], [5052], [65018], [4712], [4204], [3605], [7080], [3553], [1536], [3091], [1535], [3113], [7850], [627], [133], [4049], [3845], [2214], [2064], [1909], [29949], [85480], [4731], [2625], [4726], [5743], [5566], [2944], [207], [4057], [1906], [7356], [7941], [1524], [6532], [50616], [6354], [4609], [26291], [4153], [4803], [5371], [1604], [2553], [1499], [64135], [51284], [2475], [3371], [3508], [596], [5468], [6556], [4879], [177], [1437], [100], [3606], [5054], [59272], [4313], [7035], [5879], [2952], [1803], [3952], [2], [3567], [7097], [2950], [4929], [3676], [186], [4780], [6352], [6647], [10891], [1026], [332], [5045], [51311], [929], [154], [6696], [50943], [653509], [2548], [5133], [468], [1432], [3920], [3939], [941], [3480], [3827], [183], [1565], [1557], [355], [2100], [26471], [5880], [6440], [2185], [6648], [3958]]
Unspecified disease of respiratory system:[[2324], [7763]]
Personal history of unspecified disease of respiratory system:[[]]
Respiratory disorder unspecified:[[7157], [7124], [1956], [7422], [7040], [4790], [207], [6774], [7421], [5578], [4803], [3091], [5743], [1499], [5594], [596], [836], [2332], [4609], [7015], [3084], [5515], [114548], [355], [598], [3558], [7428], [5621], [22861], [4170], [8743], [841], [5335], [8651], [5781], [1950], [2316], [5294], [2149], [3659], [5604], [5320], [4914], [468], [1760]]
Respiration Disorders:[[]]
Respiratory disorder:[[1636], [2214], [3356], [91869], [6532], [7124], [3569], [121278], [7157], [133], [3845], [3586], [2551], [7422], [374291], [1401], [1815], [7040], [6095], [1565], [4204], [1956], [1080], [3553], [7099], [627], [7421], [4318], [4790], [5243], [4846], [3576], [5328], [9370], [3458], [54106], [6347], [3605], [5578], [2944], [207], [4842], [3952], [6774], [4803], [10631], [3146], [5743], [3091], [8087], [3123], [2475], [3565], [2952], [6647], [51738], [26291], [596], [3630], [4153], [1906], [1499], [2332], [4691], [4313], [2950], [4609], [59272], [3106], [4988], [5071], [7015], [1557], [5594], [3606], [89], [5515], [64805], [177], [7097], [154], [1803], [5054], [114548], [10891], [3084], [3162], [3383], [4843], [6352], [4780], [6649], [929], [2530], [3557], [4851], [2896], [2524], [4353], [1602], [6696], [355], [50943], [183], [65018], [22861], [836], [5621], [4282], [6648], [406938], [2152], [7428], [857], [3552], [406947], [3558], [6667], [1394], [7134], [8743], [3934], [7276], [2006], [3627], [2309], [1536], [3309], [3953], [4170], [90865], [196], [841], [1728], [3600], [5781], [1950], [959], [356], [2688], [5294], [9518], [598], [4976], [8678], [3456], [2312], [1116], [4915], [6469], [1909], [820], [2521], [9131], [7412], [2149], [253959], [5624], [4049], [6869], [4615], [249], [8651], [551], [2316], [6389], [6712], [3570], [5478], [4035], [952], [1524], [406906], [2166], [7351], [1269], [50616], [5604], [63895], [5320], [259232], [7508], [10059], [8793], [54210], [64135], [4914], [3684], [4729], [6928], [653361], [3659], [5335], [7001], [3574], [6609], [617], [406], [2741], [7035]]
Respiration Disorder:[[]]
Respiratory system disease:[[6943], [6441], [1909], [1906], [3920], [4204], [1571], [9935], [2006], [1602], [2530], [2324], [653509], [7352], [6439], [8929], [4124], [6440], [1439], [10800], [3176], [1355], [9618], [498], [128], [3202], [3714], [1553], [729238], [8546], [5864], [4692], [30012], [50515], [3340], [1329], [147372], [9407], [79925], [10905], [80144], [55967], [7763], [51057], [26164], [92170], [84929]]
Diseases of the respiratory system (J00-J99):[[]]
Disorder of respiratory system:[[4204], [1906], [2530], [1602], [2006], [1909], [3920], [147372], [3714], [1355]]
