Anomalies of respiratory system congenital:[[8929], [80144]]
System Abnormalities Respiratory:[[1636], [7157], [7124], [7422], [4204], [7040], [1956], [3569], [1080], [627], [4318], [3586], [1401], [7099], [6774], [4846], [4790], [8929], [596], [2064], [3091], [9370], [3845], [4609], [7421], [6532], [207], [3605], [6647], [1906], [3553], [2475], [3458], [3630], [7097], [3952], [1499], [5243], [5743], [5071], [183], [4879], [7080], [177], [8626], [3606], [4313], [3162], [3146], [4153], [2944], [3123], [51738], [355], [23435], [6440], [7015], [3480], [2332], [6696], [3106], [185], [10891], [4353], [4851], [50943], [2152], [2625], [2688], [6469], [2952], [3383], [285], [3084], [6439], [959], [2744], [2321], [356], [1471], [1815], [1026], [7276], [836], [23586], [2006], [3356], [3559], [7428], [5340], [3643], [65018], [2261], [3240], [3600], [581], [3953], [4179], [1543], [3552], [8671], [9445], [796], [196], [406947], [407040], [2896], [1571], [21], [6928], [4842], [5294], [3456], [5371], [2034], [1555], [249], [59067], [4976], [4087], [64805], [3575], [26291], [2316], [5627], [947], [10013], [10059], [407021], [23476], [9927], [8877], [6869], [3567], [9451], [727897], [1755], [2166], [3976], [7538], [708], [3920], [7066], [9997], [4883], [4628], [79925], [80144]]
System Abnormality Respiratory:[[1636], [7157], [7124], [1956], [3586], [627], [1080], [4790], [1906], [3630], [4609], [6647], [5743], [1499], [5071], [5594], [6469], [154], [2332], [50943], [2688], [836], [3356], [4851], [5621], [1815], [54106], [2100], [5340], [7428], [4179], [2261], [6935], [5566], [5245], [3833]]
Congenital malformations of the respiratory system (Q30-Q34):[[]]
Congenital anomaly of respiratory system NOS:[[]]
Congenital respiratory tract malformation:[[3569], [7422], [3553], [2950], [3958]]
Congenital malformation of respiratory system unspecified:[[]]
Congenital malformation of the respiratory system:[[80144]]
Congenital anomaly of the respiratory system:[[]]
Unspecified anomaly of respiratory system:[[]]
