Kaposi sarcoma morphology:[[3569], [7157], [7422], [6774], [4609], [3091], [1499], [207], [4790], [7852], [29126], [2475], [596], [4313], [3688], [3690], [4288], [4869], [947], [5175], [3678], [3397], [6198], [1948], [54567], [3563]]
KS - Kaposi's sarcoma:[[7422], [3586], [4193], [3458], [3815], [3162], [5879], [3690], [285], [3956], [3570], [5175]]
Kaposi's sarcoma:[[7422], [3569], [7124], [3091], [7040], [4790], [207], [6774], [3586], [3576], [1499], [3553], [1029], [5728], [4609], [2475], [3106], [3479], [29126], [3458], [4193], [1026], [4313], [23411], [472], [4780], [406991], [3162], [3383], [3565], [3077], [3815], [2908], [5970], [2146], [1027], [142], [6714], [3791], [3690], [5133], [5879], [581], [7098], [6772], [2247], [23586], [282617], [406947], [2335], [54106], [6790], [2263], [3627], [682], [1387], [3596], [1786], [598], [4615], [1017], [5111], [1969], [285], [5806], [1958], [7412], [3014], [2034], [5591], [3240], [1050], [3956], [7424], [7189], [5300], [9021], [7128], [3570], [10664], [6778], [6382], [9212], [3456], [7514], [604], [2353], [4830], [7528], [2547], [8517], [6198], [5175], [1508], [7520], [1147], [240], [5430], [3439], [5335], [7042], [1673], [7494], [1021], [64135], [6885], [208], [2185], [5829], [834], [2919], [51129], [3572], [407035], [2246], [283], [7248], [4261], [494324], [572], [3428], [3654], [1843], [9564], [3482], [406881], [7251], [3122], [57506], [406950], [942], [1445], [5076], [3516], [3459], [406948], [5629], [8771], [1660], [83737], [7913], [7374], [4926], [6197], [29102], [6670], [573], [9641], [6195], [6773], [2911], [2010], [3562], [5971], [6839], [9020], [6385], [5093], [1827], [115004], [101180976], [6383], [10014], [699], [121504], [9146], [80380], [51330], [9510], [2633], [8932], [9682], [5885], [27044], [148022], [571], [1656], [3109], [10454], [8914], [10519], [2043], [27327], [7423], [11128], [5831], [9436], [131450], [2045], [79671], [9672], [8994], [51132], [819], [11011], [220972], [26056], [1943], [100126331], [100302172]]
Kaposi's sarcoma unspecified:[[7422], [207], [4790], [6774], [4193], [1026], [7040], [7124], [3091], [1029], [1499], [6714], [5879], [4609], [3791], [1387], [472], [1017], [598], [2908], [5970], [1027], [142], [7189], [6772], [581], [5111], [2335], [2353], [5335], [7128], [285], [834], [7424], [1021], [5300], [3014], [1147], [8517], [7514], [5430], [7042], [6885], [9020], [3482], [208], [5829], [3572], [283], [7248], [572], [1445], [3654], [7251], [3516], [6670], [5629], [121504], [148022], [6197], [6195], [6773], [10014], [10454], [2045], [819]]
Multiple haemorrhagic sarcoma:[[3106], [7040], [6347], [5054], [2022]]
Kaposi's sarcoma (clinical):[[3077], [7422], [3569], [3122], [7124], [7040], [3091], [4790], [3240], [207], [6774], [3586], [3576], [1499], [3553], [1029], [5728], [4609], [2475], [3106], [3479], [29126], [3458], [4193], [4313], [23411], [3570], [406991], [3383], [3565], [3815], [2146], [4780], [1026], [2908], [1027], [142], [5970], [3791], [3690], [5133], [581], [7098], [3162], [472], [282617], [406947], [54106], [6790], [6772], [51129], [2263], [3627], [3482], [2247], [682], [5879], [6714], [285], [5629], [2335], [7412], [7424], [5111], [1050], [5806], [1387], [3596], [1786], [1969], [4615], [6382], [4830], [3014], [604], [598], [23586], [1017], [1021], [9212], [2034], [7514], [5300], [9021], [7528], [3956], [5591], [3439], [7128], [3456], [7248], [240], [7189], [8517], [1673], [6198], [2353], [10664], [6778], [283], [7520], [406881], [5335], [2246], [5829], [5175], [1508], [1147], [3428], [1843], [64135], [407035], [208], [3459], [7042], [494324], [2185], [3572], [6885], [4261], [572], [834], [5076], [2919], [9564], [406948], [3654], [406950], [942], [8771], [80380], [9641], [3516], [2911], [29102], [7913], [7374], [4926], [6197], [6670], [6773], [101180976], [6383], [2010], [3562], [5971], [6385], [1827], [10014], [51330], [27044], [9510], [8932], [5885], [9682], [571], [1656], [3109], [11128], [10454], [8914], [7423], [5831], [9436], [2045], [8994], [11011], [220972], [26056]]
Kaposi's sarcoma of unspecified site:[[7422], [207], [4790], [6774], [7040], [7124], [4193], [3091], [1029], [1026], [142], [4609], [6714], [472], [1017], [1499], [5879], [5970], [2908], [598], [581], [1387], [3791], [3014], [5111], [6772], [1027], [2335], [5300], [2353], [7189], [5335], [3516], [285], [834], [7128], [8517], [1147], [6670], [5430], [7042], [7514], [1445], [208], [3482], [7248], [9020], [5829], [7251], [283], [6773], [148022], [6197], [6195], [10014], [2045]]
Sarcoma Kaposi:[[3815], [3569], [2249], [2313], [4067], [7157], [7422], [3091], [29126], [4790], [1499], [4609], [6774], [7852], [207], [2475], [5133], [4313], [596], [7099], [4869], [3690], [1969], [3688], [1576], [4288], [406947], [682], [406938], [4170], [867], [3685], [5175], [947], [6786], [4035], [1021], [23476], [6502], [3397], [6198], [3678], [558], [5629], [4691], [7494], [182], [3572], [283], [5292], [3654], [1910], [6364], [9235], [156], [1909], [1948], [5008], [9474], [406941], [54567], [80380], [23657], [831], [9075], [3563], [6046], [2829]]
Kaposi sarcoma:[[3569], [2249], [7157], [7422], [3091], [6774], [207], [4790], [4609], [1499], [7099], [29126], [2475], [596], [7852], [4313], [3815], [5133], [3688], [3690], [1576], [406938], [4288], [4869], [406947], [4170], [682], [867], [3685], [6786], [4035], [6502], [1969], [947], [5175], [3678], [558], [3397], [6198], [4691], [23476], [182], [4067], [7494], [1021], [5292], [3572], [1910], [6364], [9235], [283], [3654], [156], [1909], [5629], [2313], [9474], [1948], [5008], [406941], [54567], [23657], [80380], [831], [9075], [3563], [6046], [2829]]
Multiple Idiopathic Pigmented Hemangiosarcoma:[[]]
Kaposi's sarcoma morphology:[[7124], [7422], [3569], [7040], [3091], [6774], [4609], [4790], [1029], [1499], [207], [3586], [3576], [5879], [3553], [3458], [2475], [29126], [4313], [23411], [5970], [2146], [3791], [3690], [581], [6790], [1786], [1017], [3956], [6382], [6198], [5175], [2185], [7248], [9564], [9641], [1827], [6383], [9510]]
Kaposi's sarcoma unspecified site:[[7422], [207], [4790], [6774], [7040], [7124], [4193], [3091], [1029], [1026], [142], [4609], [6714], [472], [1017], [1499], [5879], [5970], [2908], [598], [581], [1387], [3791], [3014], [5111], [6772], [1027], [2335], [5300], [2353], [7189], [5335], [3516], [285], [834], [7128], [8517], [1147], [6670], [5430], [7042], [7514], [1445], [208], [3482], [7248], [9020], [5829], [7251], [283], [6773], [148022], [6197], [6195], [10014], [2045]]
Sarcoma Kaposi's:[[6714], [3815], [3569], [7422], [3091], [4790], [1499], [207], [29126], [4609], [7124], [6774], [1029], [2475], [4193], [3576], [5728], [7040], [3479], [3586], [4313], [3553], [23411], [5133], [2146], [472], [3106], [1026], [3383], [3458], [4780], [3162], [1969], [3565], [1027], [142], [406991], [3791], [23586], [3077], [5879], [2908], [5970], [3690], [7098], [2247], [581], [406947], [2335], [682], [6790], [6772], [598], [4615], [282617], [54106], [1958], [1017], [2263], [3627], [7514], [285], [1387], [3596], [1786], [5111], [3014], [3956], [5806], [10664], [7424], [6778], [7412], [7128], [9212], [2034], [5591], [3240], [1050], [7189], [5300], [9021], [5175], [3570], [1021], [6382], [3456], [6198], [604], [2353], [4830], [7528], [2547], [8517], [5629], [1508], [7520], [1147], [240], [7494], [5430], [3439], [406881], [5335], [7042], [1673], [3428], [3572], [64135], [407035], [6885], [208], [283], [2185], [572], [5829], [834], [3654], [2919], [1660], [51129], [9564], [2246], [3516], [942], [7248], [4261], [494324], [1843], [5076], [3482], [7251], [3122], [57506], [406950], [1445], [3459], [4926], [406948], [8771], [83737], [7913], [7374], [6197], [29102], [6670], [573], [6839], [6385], [9641], [6195], [6773], [2911], [2010], [3562], [5971], [80380], [9020], [5093], [1827], [115004], [101180976], [6383], [10014], [9510], [2633], [699], [121504], [9146], [9682], [51330], [8932], [5885], [27044], [148022], [571], [1656], [3109], [10454], [8914], [10519], [2043], [27327], [7423], [11128], [5831], [9436], [131450], [2045], [79671], [9672], [8994], [51132], [819], [11011], [220972], [26056], [1943], [100126331], [100302172]]
Multiple hemorrhagic sarcoma:[[3586], [2099], [3725], [3569], [3077], [4790], [7422], [7124], [1401], [3458], [3091], [2022], [4318], [7040], [7412], [3576], [3553], [7099], [5743], [332], [282617], [3383], [4780], [6347], [3605], [3162], [3791], [3688], [3690], [1432], [2100], [3627], [7098], [2321], [6382], [54106], [2335], [3456], [23586], [3685], [7057], [285], [9332], [4691], [3439], [29102], [57506], [406950], [406907], [2050], [406909], [406908]]
Kaposis Sarcoma:[[]]
