Sarcomas Clear Cell:[[7157], [3815], [596], [1956], [1029], [3586], [7040], [595], [999], [207], [857], [960], [4609], [1499], [100133941], [5728], [8626], [4193], [10630], [8842], [7015], [29126], [10413], [5133], [11200], [4233], [3091], [5594], [1026], [3717], [23411], [5159], [3918], [4162], [2346], [407040], [5979], [4790], [10971], [2146], [5290], [4780], [1493], [57805], [324], [4318], [7490], [2099], [5076], [23405], [2034], [5970], [5054], [4323], [3481], [2719], [9076], [4035], [4282], [3082], [208], [4914], [4524], [3480], [673], [2078], [5241], [2191], [1364], [8314], [6615], [4288], [9113], [2130], [6591], [238], [1385], [406952], [10763], [4311], [406958], [9429], [7049], [6597], [358], [7849], [11186], [7531], [3417], [7153], [406989], [10855], [54880], [57167], [1116], [9817], [9232], [4613], [6595], [5268], [2487], [563], [4211], [5037], [253260], [54583], [3732], [6862], [85417], [27436], [554210], [494330], [5346], [693235], [768213], [768220], [192343], [729262]]
Melanoma malignant of soft parts:[[673], [7157], [7422], [5743], [3845], [4609], [4313], [5133], [4288], [3690], [3958], [5329], [8091], [6347], [5268], [5781], [3481], [7030]]
Clear cell sarcoma:[[1956], [5728], [4609], [595], [3815], [2146], [3481], [3084], [1385], [2065], [4286], [2130], [7531], [54880], [466], [2315], [85417], [729262], [283008]]
Malignant melanoma of soft tissue:[[7157], [673], [7040], [7015], [1956], [7422], [5728], [3091], [7124], [4313], [4318], [10413], [207], [29126], [5743], [4193], [596], [1499], [1026], [999], [7852], [857], [4233], [595], [3815], [4780], [4312], [4288], [960], [3688], [5133], [2146], [3480], [8626], [2778], [5241], [142], [2321], [2247], [4292], [5329], [25937], [10855], [1950], [2067], [4436], [5888], [3620], [5268], [4363], [5156], [378938], [2191], [4914], [7056], [898], [4311], [6664], [1464], [79444], [4773], [6659], [2274], [554210], [192343]]
Melanoma of Soft Parts:[[7157], [673], [7422], [5743], [3845], [4609], [4313], [3690], [5133], [4288], [6347], [3958], [5329], [5781], [3481], [8091], [7030], [5268]]
Malignant melanoma of soft tissues:[[7157], [673], [7015], [1956], [7422], [7124], [7040], [5728], [3091], [207], [29126], [5743], [4318], [1499], [999], [4313], [7852], [4193], [596], [10413], [4233], [595], [4780], [1026], [4288], [2146], [857], [3480], [960], [3815], [4312], [8626], [3688], [4292], [5133], [2247], [2067], [378938], [142], [5241], [4436], [5329], [2778], [3620], [5268], [2321], [1950], [10855], [5888], [4363], [25937], [5156], [2191], [4914], [898], [4311], [6659], [4773], [554210], [6664], [79444], [1464], [2274], [192343]]
Sarcoma Clear Cell:[[3815], [7157], [3569], [1956], [1029], [596], [3586], [4851], [7422], [3383], [5879], [3565], [595], [3106], [1021], [7852], [7040], [406991], [207], [857], [7124], [999], [2064], [4067], [4609], [2185], [5155], [1499], [1969], [3845], [5175], [3576], [5728], [4193], [2263], [3627], [2475], [3688], [673], [2066], [2130], [1436], [5925], [29126], [1017], [5133], [8842], [7015], [3479], [682], [581], [10413], [2065], [1399], [3091], [3725], [6774], [3553], [4233], [7057], [4170], [3678], [5747], [6513], [1026], [3791], [23411], [768], [1027], [6347], [5159], [942], [182], [6497], [4790], [4162], [4267], [3458], [2335], [407040], [1316], [9235], [2146], [1493], [4780], [1326], [558], [406937], [2022], [5290], [6772], [324], [7471], [57805], [4318], [7490], [5243], [406938], [472], [4137], [5591], [2099], [1432], [5076], [972], [3084], [7099], [675], [672], [2034], [23405], [23435], [3596], [2260], [5970], [4313], [5054], [4856], [2305], [3456], [3481], [6790], [9076], [2078], [332], [3082], [4035], [2719], [6093], [3480], [2100], [4914], [5743], [1401], [208], [3623], [6648], [7248], [4255], [2932], [3605], [3956], [2321], [2113], [3486], [55635], [7291], [5241], [4436], [6696], [8600], [7128], [406948], [3371], [898], [8743], [238], [864], [3570], [3315], [8678], [2908], [1958], [7098], [4288], [9113], [6615], [6667], [5460], [1385], [7080], [1786], [5300], [7431], [6382], [7531], [1366], [282617], [3572], [1910], [4292], [283], [57007], [5888], [867], [4311], [4804], [4312], [90865], [406958], [3439], [54567], [7849], [598], [5515], [6597], [11186], [7049], [9429], [4286]]
Clear cell sarcoma (except of Kidney M-89643):[[]]
Clear Cell Sarcoma of Soft Tissue:[[1956], [5728], [4609], [3815], [595], [2146], [3481], [2065], [1385], [2130], [3084], [7531], [54880], [729262]]
Melanoma Malignant of Soft Parts:[[673], [7157], [7422], [5743], [3845], [4609], [4313], [5133], [4288], [3690], [3958], [5329], [8091], [6347], [5268], [5781], [3481], [7030]]
