Seizures Febrile:[[6323], [6326], [120325367], [100653381], [100190787], [100188796], [3569], [3553], [947], [3586], [4179], [6324], [348], [1460], [7124], [824], [627], [3576], [112476], [4318], [5243], [5058], [3785], [7040], [84059], [7099], [9370], [3557], [101929680], [3952], [3146], [348980], [7450], [2566], [3552], [406938], [57094], [114548], [3757], [112755], [63982], [7076], [4988], [718], [10964], [1788], [5428], [551], [7918], [3439], [3554], [477], [6335], [4317], [2550], [57526], [7403], [1141], [6529], [57468], [2561], [2258], [610], [3613], [2563], [6538], [124925], [100884130]]
Febrile seizure:[[3569], [3586], [3553], [5743], [3146], [3565], [3552], [6323], [3558], [4852], [2566], [6335], [6326], [6324], [3613], [57094], [10947]]
Febrile convulsion NOS:[[]]
Fits Febrile:[[627]]
Pyrexial convulsion:[[]]
Febrile convulsions:[[3553], [100049160], [619398], [2234], [2233], [619397], [100271923], [100188849], [3557], [6323], [3785], [112476], [1455]]
Seizure Febrile:[[6323], [84059], [3569], [6326], [3553], [3586], [348], [7124], [3576], [5243], [7040], [7099], [124925], [5743], [9370], [627], [3557], [3146], [3565], [6324], [3552], [406938], [2566], [3558], [4852], [551], [112476], [3554], [6335], [3785], [57094], [57526], [2561], [57468], [3613], [10947]]
Febrile convulsion:[[348], [3569], [3553], [2244], [2243], [2266]]
Seizures Febrile Convulsion:[[3569], [3553], [348]]
Convulsions febrile:[[112476], [6323], [100049160], [619398], [2234], [2233], [619397], [100271923], [100188849], [3553], [3557], [6324], [3785], [477], [1455]]
Seizures Pyrexial:[[6323], [6326], [3569], [2902], [3553], [348], [7124], [3586], [627], [5058], [5243], [4318], [7040], [3785], [351], [112476], [947], [9370], [7015], [5728], [7099], [4137], [3576], [8422], [5468], [4179], [3106], [2475], [3778], [3952], [3417], [120325367], [100653381], [100190787], [100188796], [8452], [1460], [3605], [476], [3146], [6531], [6334], [1565], [3557], [3606], [406938], [5663], [7450], [177], [170302], [6513], [4204], [6324], [824], [114548], [5879], [2132], [3552], [3757], [1729], [1576], [4255], [2332], [28514], [1173], [3064], [10], [2321], [3786], [4314], [4988], [104], [776], [3643], [718], [7076], [5277], [1385], [406937], [5027], [84059], [6285], [773], [2917], [3240], [1544], [8936], [7153], [1181], [2566], [1788], [7249], [5428], [7345], [23621], [5080], [135], [3329], [774], [551], [2316], [6792], [57531], [361], [3418], [2893], [3579], [1244], [3439], [2670], [2904], [51741], [348980], [5859], [25930], [116150], [3554], [477], [7248], [22872], [6335], [10522], [834], [6446], [23265], [1725], [7337], [1621], [20], [4317], [9254], [54496], [7531], [221927], [134], [6301], [55163], [9440], [23556], [5138], [7407], [2903], [54805], [7364], [2030], [23067], [4208], [3192], [2571], [2746], [112755], [51317], [79947], [63982], [7846], [10352], [57094], [54936], [10844], [11284], [2554], [2550], [4880], [22861], [6507], [85358], [8912], [5873], [53335], [8243], [10026], [8449], [23657], [5530], [23236], [501], [4952], [51604], [25914], [23443], [8910], [57526], [7403], [1376], [64207], [2562], [7155], [9211], [4567], [57520], [6812], [1200], [1141], [101929680], [259266], [4303], [149371], [2782], [2752], [6529]]
Febrile seizure (from fever):[[3553], [3569], [3586], [5743], [3146], [3565], [3552], [6323], [6335]]
Febrile Convulsions:[[3553], [100049160], [619398], [2234], [2233], [619397], [100271923], [100188849], [3557], [6323], [3785], [112476], [1455]]
Pyrexial Convulsion:[[]]
Seizure Febrile Convulsion:[[348], [3569], [3553]]
Fit Febrile:[[2950], [3558], [1378]]
Seizures generalized associated with fever:[[6323], [7040], [3106], [3586], [3569], [7124], [3553], [3557], [7099], [3576], [3952], [3552], [22861], [1576], [112755], [57526]]
Fever Convulsions:[[]]
Fever Convulsion:[[]]
Febrile Convulsion:[[348], [3569], [3553], [2244], [2243], [2266]]
Seizure Pyrexial:[[84059], [23544], [348], [1956], [26470], [7124], [3569], [5243], [7422], [3553], [7040], [23334], [3586], [124925], [673], [351], [6774], [9370], [627], [3576], [5743], [7099], [5468], [6532], [4137], [2475], [3479], [2944], [6323], [6347], [3417], [2952], [3146], [3565], [3606], [4255], [406938], [3480], [51738], [1576], [3557], [3552], [406947], [6331], [6513], [3558], [4088], [1385], [3784], [3620], [6285], [7048], [4852], [7442], [4363], [3418], [5617], [8651], [551], [4915], [5327], [7345], [2566], [252995], [6326], [2740], [2904], [6925], [467], [5919], [3554], [7248], [1356], [6335], [3785], [406907], [706], [2903], [54822], [2902], [112476], [5020], [221927], [2166], [7364], [6506], [6792], [4925], [835], [2554], [22861], [6334], [3766], [6507], [8912], [1476], [2890], [1390], [2562], [9211], [5015], [6812], [4303], [597], [501], [2561], [57526], [6324], [2864], [10188], [57468], [3362], [406924], [793], [442920], [23152], [158], [2912], [3954], [4191], [2556], [57465], [7135], [57582], [407002], [40], [3613], [2239], [6328], [55163], [57094], [118813], [79731], [148789], [29967], [51555], [25973], [9283], [5279], [166336], [10947], [7467]]
Seizures febrile:[[6323], [6326], [120325367], [100653381], [100190787], [100188796], [3569], [3553], [947], [3586], [4179], [6324], [348], [1460], [7124], [824], [627], [3576], [112476], [4318], [5243], [5058], [3785], [7040], [84059], [7099], [9370], [3557], [101929680], [3952], [3146], [348980], [7450], [2566], [3552], [406938], [57094], [114548], [3757], [112755], [63982], [7076], [4988], [718], [10964], [1788], [5428], [551], [7918], [3439], [3554], [477], [6335], [4317], [2550], [57526], [7403], [1141], [6529], [57468], [2561], [2258], [610], [3613], [2563], [6538], [124925], [100884130]]
Seizure Fever:[[7124], [3553], [3569], [5243], [7422], [3586], [7040], [4088], [7099], [5743], [3576], [6774], [9370], [3479], [6323], [2944], [3146], [3565], [6347], [2952], [3552], [406938], [51738], [3606], [3557], [1576], [406947], [3620], [8651], [6335], [22861], [57526], [57465]]
Febrile fit:[[]]
Pyrexial Convulsions:[[]]
Febrile seizure NOS:[[5743]]
Febrile seizures:[[6323], [3569], [3553], [6326], [3586], [7124], [348], [7040], [947], [4318], [9370], [627], [3576], [4179], [3952], [120325367], [100653381], [100190787], [100188796], [1460], [3146], [3557], [7450], [6324], [824], [3552], [114548], [406938], [718], [7076], [5058], [2566], [1788], [551], [84059], [3439], [3554], [348980], [6335], [112476], [477], [63982], [57094], [112755], [2550], [7403], [1141], [101929680], [2561], [10964], [6529], [57468], [7918], [610], [2258], [3613], [2563], [6538], [124925], [100884130]]
Fever seizure:[[]]
Seizures Fever:[[6323], [3569], [3553], [7124], [3586], [5243], [7040], [7099], [3576], [9370], [3106], [114548], [3952], [3146], [3552], [3557], [406938], [3606], [3757], [1576], [2321], [4988], [5027], [3439], [3579], [6335], [834], [112755], [22861], [57526], [1376], [57465], [549], [11154]]
Febrile convulsions (simple) unspecified:[[]]
Seizures febrile in early childhood:[[6323], [6326], [348], [4179], [3569], [7099], [947], [3553], [3586], [7124], [3557], [627], [4318], [5243], [7040], [9370], [3576], [3952], [2566], [3146], [112476], [477], [406938], [7450], [1788], [3552], [551], [4988], [718], [63982], [3554], [4317]]
