Serum sickness:[[1378]]
Serum reaction:[[5444], [348], [6288], [54658], [590], [7422], [335], [4582], [3105], [1401], [3959], [54600], [3106], [7157], [54657], [3569], [3606], [3478], [1956], [7124], [217], [718], [3949], [54575], [19], [255738], [3815], [7099], [1559], [2064], [7040], [3576], [3091], [4524], [3586], [4790], [4318], [5743], [627], [4846], [2099], [6774], [367], [5243], [7421], [7015], [3845], [351], [3458], [999], [5468], [406991], [7097], [3162], [4137], [1029], [7253], [29126], [596], [3605], [4313], [6532], [3952], [6647], [720], [2263], [5054], [672], [1591], [332], [5156], [3939], [673], [2147], [490], [6347], [3146], [2212], [23411], [3383], [1493], [5133], [3565], [2944], [929], [6696], [355], [50943], [4353], [3630], [1312], [3135], [4282], [3818], [6622], [7852], [1080], [8792], [659], [4609], [5594], [1277], [3557], [338], [1588], [4982], [356], [2247], [836], [90865], [2335], [1432], [8600], [2321], [1158], [4067], [960], [6352], [3481], [2475], [3627], [2952], [10135], [1490], [5806], [2638], [57817], [959], [1026], [7412], [54106], [100507436], [3122], [2896], [3688], [675], [10111], [4193], [2022], [6280], [405], [2056], [142], [3240], [2688], [7295], [7077], [567], [472], [4780], [11315], [7941], [6714], [3725], [4973], [1813], [1586], [5925], [11186], [7137], [6382], [328], [3417], [4255], [6781], [5617], [5595], [2908], [2157], [3320], [5621], [1576], [406913], [7052], [120892], [238], [4288], [6531], [7490], [2023], [6934], [7098], [2678], [682], [3087], [1048], [1756], [7431], [1373], [3880], [6822], [3620], [2683], [581], [5328], [5300], [3329], [5159], [54210], [7057]]
Serum sickness due to transfusion:[[]]
Urticaria due to serum:[[1636], [7422], [3119], [1401], [3570], [3606], [3123], [3791], [114548], [3105], [7124], [3815], [3569], [7040], [4318], [3586], [627], [3553], [3576], [3458], [2205], [6347], [6647], [7097], [1493], [1369], [3383], [6532], [177], [3106], [5133], [3557], [3558], [2321], [154], [3596], [90865], [3559], [7412], [3131], [6648], [847], [4803], [727], [5617], [7052], [7057], [2312], [5196], [26191], [2152], [1003], [3572], [7038], [3566], [6850], [85480], [729230], [6863], [2876], [30835], [84876], [240], [386653], [1394], [4254], [2358], [7177], [43], [7173], [29851], [6869], [3497], [967], [728], [5473], [6915], [241], [11251], [2206], [22918], [5729], [25818], [3067], [406969], [406970]]
Serum urticaria:[[1636], [7422], [3119], [1401], [3570], [3606], [3123], [3791], [114548], [3105], [7124], [3815], [3569], [7040], [4318], [3586], [627], [3553], [3576], [3458], [2205], [6347], [6647], [7097], [1493], [1369], [3383], [6532], [177], [3106], [5133], [3557], [3558], [2321], [154], [3596], [90865], [3559], [7412], [3131], [6648], [847], [4803], [727], [5617], [7052], [7057], [2312], [5196], [26191], [2152], [1003], [3572], [7038], [3566], [6850], [85480], [729230], [6863], [2876], [30835], [84876], [240], [386653], [1394], [4254], [2358], [7177], [43], [7173], [29851], [6869], [3497], [967], [728], [5473], [6915], [241], [11251], [2206], [22918], [5729], [25818], [3067], [406969], [406970]]
Urticaria caused by serum:[[1636], [7422], [1401], [3570], [7124], [3606], [3815], [7040], [114548], [3569], [3791], [3553], [4318], [3576], [3105], [627], [6647], [3586], [3458], [6347], [7097], [2205], [3383], [1493], [177], [6532], [3106], [3557], [5133], [3596], [2321], [154], [3558], [90865], [6648], [3559], [7412], [847], [2152], [4803], [5617], [5196], [2312], [26191], [6850], [7052], [7038], [84876], [30835], [4254], [1394], [967], [7173], [728]]
Sickness Serum:[[1636], [7422], [3569], [3091], [3586], [4846], [1029], [596], [3162], [154], [2321], [2475], [6285], [7428], [51129], [2034], [10563], [8542], [842], [1378], [3304], [192343]]
Intoxication by serum:[[1636], [6446], [3791], [217], [4524], [7099], [999], [207], [6647], [2944], [1565], [2952], [2932], [1026], [796], [847], [551], [1576], [4843], [1577], [4057], [5604], [6609], [1667], [4069], [1551]]
Protein sickness:[[7422], [3569], [1636], [3091], [3586], [4846], [1029], [2475], [596], [105180377], [154], [3162], [7428], [841], [2321], [2034], [6285], [842], [358], [1030], [8542], [1378], [2623], [51129], [150], [10563], [54583], [3304], [10000], [29843], [112399], [5163], [55662], [23519], [25854], [192343]]
Transfusion reaction due to serum protein reaction:[[348], [54658], [7422], [7124], [3091], [3952], [3146], [2212], [1493], [3818], [959], [2321], [2952], [7295], [3240], [5621], [948], [2512], [2495], [1788], [43], [5169]]
Serum rash:[[9429], [1956], [3105], [7124], [4524], [2064], [2099], [3586], [5243], [5468], [5054], [673], [3146], [1565], [3106], [3565], [1557], [54106], [943], [2261], [9935], [712], [7249], [58484], [1594], [64135], [1244], [3684], [5004], [22861], [5266], [4598], [5005]]
Sicknesses Serum:[[5444], [348], [213], [6288], [3077], [9429], [2690], [54658], [1636], [846], [9370], [116519], [7018], [6722], [6446], [590], [28], [7839], [3990], [2155], [335], [4582], [7448], [5445], [2646], [7422], [4023], [3119], [56606], [1071], [4205], [3992], [3959], [354], [54600], [2220], [3107], [6927], [1401], [3570], [164656], [325], [345], [2524], [6462], [54578], [10599], [23495], [5345], [54657], [54577], [84735], [3478], [6289], [3606], [7157], [8741], [3123], [718], [3791], [23678], [3075], [3949], [54575], [19], [54576], [1956], [10769], [3105], [217], [4314], [7124], [8074], [3953], [255738], [54659], [3815], [116085], [3480], [3569], [1116], [7040], [4524], [1559], [100271849], [341], [28234], [11330], [10110], [4150], [2122], [6291], [2064], [2099], [3091], [2304], [3586], [6568], [2004], [5071], [8436], [4318], [6774], [5176], [367], [627], [353125], [4790], [7421], [3698], [3553], [3699], [3697], [5781], [5743], [7099], [5243], [3845], [2805], [4846], [351], [3643], [112464], [249], [3576], [2005], [5468], [7015], [3084], [4137], [999], [8527], [3479], [7253], [1029], [29126], [596], [3952], [3458], [207], [2263], [672], [1591], [4313], [51085], [1475], [720], [3939], [1356], [4094], [490], [5054], [6347], [2212], [3605], [10018], [332], [4879], [5156], [406991], [6647], [1499], [7097], [4160], [23411], [2147], [673], [1493], [4233], [6387], [1369], [3146], [5290], [54579], [153443], [3162], [2944], [1565], [5174], [3383], [6696], [355], [3818], [3135], [140803], [3565], [6622], [2625], [6532], [7450], [183], [177], [7852], [51738], [2205], [5133], [2217], [3630], [1906], [4153]]
