Polysialia:[[]]
Hypersecretion of salivary gland:[[1956], [7124], [3091], [207], [6774], [3845], [4318], [9370], [2475], [5594], [6304], [5290], [5970], [1950], [581], [2068], [2778], [7442], [1535], [8829], [4067], [6778], [5443], [2017], [362], [360], [4583], [3482], [727897], [9049], [9619], [2767], [55534], [25803], [201294], [22931], [11012], [2054], [23178], [26470], [221477]]
Salivary hypersecretion:[[727897], [7124], [1956], [4318], [3091], [9370], [3553], [207], [6774], [3845], [2475], [5594], [5290], [6304], [5970], [1950], [581], [2068], [2778], [7442], [1535], [8829], [362], [4067], [6778], [5443], [2017], [360], [374], [4583], [3482], [9049], [9619], [2767], [55534], [25803], [201294], [22931], [11012], [2054], [23178], [26470], [221477]]
Sialism:[[]]
Sialismus:[[]]
Sialorrhea:[[1815], [150]]
Hyperactive salivary flow:[[1956], [3569], [7040], [4846], [207], [3845], [1312], [627], [2475], [5970], [6532], [4780], [1813], [11093], [2932], [2146], [5027], [4087], [4842], [6776], [6337], [6300]]
Ptyalorrhea:[[]]
Ptyalorrhoea:[[]]
Sialosis:[[]]
Hypersecretion of saliva:[[1956], [7124], [3553], [9370], [4318], [3162], [1950], [1991], [727897], [362]]
Excessive salivation:[[]]
Sialorrhoea:[[]]
Excessive salivation - symptom:[[]]
Ptyalism:[[]]
Hypersalivation:[[]]
