Small Cell Lung Cancer:[[7157], [1956], [7124], [7422], [3569], [10257], [7040], [2064], [3091], [672], [4318], [6774], [5243], [1401], [3845], [673], [207], [4790], [1029], [5728], [5743], [4524], [1499], [7015], [4609], [999], [2475], [29126], [596], [7852], [4193], [4313], [3586], [5594], [595], [348], [3576], [3605], [4780], [332], [5290], [406991], [2950], [4851], [627], [4233], [1636], [3717], [2099], [7515], [9370], [6696], [2146], [2100], [50943], [5925], [3479], [7421], [5468], [3480], [7099], [857], [4846], [6387], [5133], [3146], [6667], [3952], [10413], [142], [960], [3791], [1493], [3135], [1312], [1026], [1432], [3553], [238], [4288], [3082], [23411], [472], [6347], [2068], [4582], [1080], [4255], [406938], [3815], [6622], [5595], [1027], [6714], [5979], [355], [2067], [4170], [5054], [8842], [407040], [2908], [920], [5329], [3162], [5970], [2260], [1869], [2944], [3458], [7298], [79659], [1543], [682], [5879], [2952], [3725], [3383], [3688], [378938], [4292], [6513], [5347], [406947], [11186], [5599], [9429], [406937], [2305], [324], [3690], [7424], [5747], [5444], [3417], [2932], [6657], [6794], [5781], [7450], [8743], [154], [581], [3606], [5328], [10018], [1977], [54658], [929], [4436], [7431], [8626], [10631], [3309], [3315], [2308], [283120], [3486], [4363], [836], [406913], [768], [4968], [1588], [328], [7046], [6648], [6678], [4088], [7291], [3565], [92140], [6935], [3958], [335], [22943], [7080], [23028], [356], [6469], [4312], [177], [7490], [6790], [285], [8795], [6772], [100124700], [4854], [4843], [51738], [7276], [3320], [8678], [4282], [2065], [11315], [213], [7098], [841]]
SCLC1:[[7864]]
Oat cell carcinoma of lung:[[]]
Small Cell Cancer Of The Lung:[[7864], [273]]
SCLC:[[7864], [7157], [1956], [7422], [348], [2064], [6774], [4609], [3091], [5243], [999], [29126], [4318], [1401], [2475], [5290], [1029], [5728], [5743], [596], [3576], [7852], [2944], [4851], [675], [4193], [6347], [4313], [1493], [5054], [2952], [10413], [2908], [5979], [2950], [2146], [960], [5925], [335], [3815], [142], [3606], [5133], [3480], [857], [3688], [387], [6667], [5879], [929], [1869], [54658], [2068], [7291], [10135], [5329], [4353], [2067], [5347], [8842], [5591], [2260], [100124700], [22943], [285], [5806], [5328], [11186], [6401], [7189], [5228], [11315], [2547], [8091], [6403], [6093], [345], [1977], [1969], [94025], [407021], [23410], [301], [1048], [7150], [10406], [25937], [7345], [10763], [429], [8877], [5268], [3880], [9839], [928], [3485], [6426], [494324], [4085], [406910], [3122], [4162], [5978], [572], [7184], [2922], [2313], [406948], [2026], [4486], [6752], [6659], [406911], [5079], [55000], [10000], [290], [5764], [6240], [406892], [4149], [3516], [5629], [407000], [442904], [660], [3198], [10131], [253260], [407975], [4133], [3642], [407043], [4760], [8379], [2042], [1182], [406912], [5927], [57214], [95], [6430], [100126299], [1996], [6656], [7481], [10683], [23522], [781], [3985], [4610], [51364], [27342], [5210], [5957], [91607], [4885], [80816], [407044], [407045], [693169], [25833], [23269], [4884], [84530], [55534], [63979], [23467], [100126308], [51186], [100287569], [106182249], [100302217], [192343]]
Small cell lung cancer:[[7157], [1956], [7124], [7422], [3569], [10257], [7040], [2064], [3091], [672], [4318], [6774], [5243], [1401], [3845], [673], [207], [4790], [1029], [5728], [5743], [4524], [1499], [7015], [4609], [999], [2475], [29126], [596], [7852], [4193], [4313], [3586], [5594], [595], [348], [3576], [3605], [4780], [332], [5290], [406991], [2950], [4851], [627], [4233], [1636], [3717], [2099], [7515], [9370], [6696], [2146], [2100], [50943], [5925], [3479], [7421], [5468], [3480], [7099], [857], [4846], [6387], [5133], [3146], [6667], [3952], [10413], [142], [960], [3791], [1493], [3135], [1312], [1026], [1432], [3553], [238], [4288], [3082], [23411], [472], [6347], [2068], [4582], [1080], [4255], [406938], [3815], [6622], [5595], [1027], [6714], [5979], [355], [2067], [4170], [5054], [8842], [407040], [2908], [920], [5329], [3162], [5970], [2260], [1869], [2944], [3458], [7298], [79659], [1543], [682], [5879], [2952], [3725], [3383], [3688], [378938], [4292], [6513], [5347], [406947], [11186], [5599], [9429], [406937], [2305], [324], [3690], [7424], [5747], [5444], [3417], [2932], [6657], [6794], [5781], [7450], [8743], [154], [581], [3606], [5328], [10018], [1977], [54658], [929], [4436], [7431], [8626], [10631], [3309], [3315], [2308], [283120], [3486], [4363], [836], [406913], [768], [4968], [1588], [328], [7046], [6648], [6678], [4088], [7291], [3565], [92140], [6935], [3958], [335], [22943], [7080], [23028], [356], [6469], [4312], [177], [7490], [6790], [285], [8795], [6772], [100124700], [4854], [4843], [51738], [7276], [3320], [8678], [4282], [2065], [11315], [213], [7098], [841]]
SMALL CELL CANCER OF THE LUNG:[[7864], [273]]
Small cell carcinoma of lung:[[7015], [1956], [5925], [7040], [2950], [5728], [2944], [3815], [2100], [367], [6597], [7080], [4255], [238], [1588], [2321], [6657], [8842], [5156], [682], [6935], [216], [3579], [2833], [2078], [10643], [5058], [2625], [429], [7113], [1113], [6595], [1230], [8644], [26762], [8549], [4345], [3642], [6862], [3726], [5880], [4133], [3954]]
Oat Cell Carcinoma of Lung:[[]]
Oat Cell Lung Cancer:[[1956], [4609], [5728], [1017], [10413], [7430], [367], [1894], [3965], [6648], [5743], [7161], [6647], [55028], [4914], [6615], [7431], [11315], [154], [5245], [7018], [3417], [7297], [1743], [1386], [2026], [330], [2521], [10014], [406906], [5742], [875], [27429], [4831], [10075], [1848], [1982], [407042], [5163], [51547], [3945], [4849], [2596], [3692], [10587], [10300], [9040], [5236], [26270]]
SCCL:[[7864], [552], [2260]]
Small Cell Lung Carcinoma:[[3576], [100133941], [7157], [1029], [8626], [5879], [1956], [6352], [998], [3815], [6469], [10399], [596], [3593], [4582], [3586], [4851], [7015], [652], [23705], [3383], [3569], [387], [7422], [11200], [3106], [5925], [999], [3627], [2064], [5788], [6662], [10630], [3565], [7040], [406991], [595], [5979], [7124], [1021], [6794], [4254], [1499], [857], [6347], [920], [7852], [207], [4089], [634], [8829], [6376], [2263], [7042], [960], [4609], [3689], [780], [1000], [10563], [841], [768], [4739], [2247], [84868], [2017], [4233], [861], [6387], [3592], [94025], [2185], [26585], [9092], [6362], [604], [5777], [7474], [6351], [25], [2625], [3558], [1525], [958], [3688], [3939], [4193], [8795], [3146], [3921], [1969], [1030], [5347], [5728], [356], [3105], [6317], [4070], [983], [9235], [3987], [6366], [3082], [4846], [22974], [51196], [8842], [30835], [3690], [3265], [6093], [2475], [3479], [10413], [1019], [7070], [50943], [2066], [5175], [355], [581], [6714], [5468], [682], [3676], [3845], [1803], [5880], [959], [6361], [5133], [3315], [3373], [4072], [6367], [7535], [2065], [1080], [6373], [1017], [1485], [1048], [3077], [100048912], [81037], [2624], [7074], [5594], [3123], [3553], [10018], [916], [5290], [7010], [1020], [3932], [6934], [6774], [5111], [10135], [9370], [3320], [51297], [29126], [7057], [6403], [79577], [4170], [2697], [5817], [3717], [6348], [4088], [3875], [975], [51176], [51561], [8692], [1026], [22914], [7494], [5747], [53335], [10276], [5546], [389], [1410], [23081], [3516], [9733], [5771], [5581], [6364], [3791], [650], [378938], [324], [27250], [3684], [2322]]
SCLC - Small cell lung cancer:[[7157], [1956], [7422], [2064], [6774], [4609], [3091], [5243], [999], [29126], [4318], [1401], [2475], [1029], [5290], [5728], [5743], [596], [7852], [4851], [4193], [4313], [348], [3576], [2950], [10413], [2146], [5925], [5133], [3480], [142], [1493], [857], [6667], [5979], [960], [6347], [1869], [2068], [3815], [2908], [5329], [2067], [5054], [8842], [2260], [2944], [2952], [5879], [3688], [5347], [11186], [929], [100124700], [3606], [5328], [1977], [7291], [335], [54658], [22943], [285], [387], [1048], [25937], [11315], [10135], [3880], [5591], [6093], [8091], [2026], [94025], [429], [407021], [6659], [5268], [2922], [23410], [5228], [8877], [6401], [6403], [406910], [2547], [6240], [7150], [10763], [345], [301], [1969], [10406], [9839], [494324], [928], [7345], [406911], [3485], [5978], [406948], [4486], [3122], [6426], [572], [7184], [5079], [442904], [4162], [2313], [290], [55000], [5764], [10000], [406892], [5629], [407043], [660], [407000], [3642], [407975], [253260], [8379], [406912], [2042], [5927], [57214], [95], [6656], [10683], [7481], [6430], [1996], [5210], [27342], [80816], [407044], [407045], [693169], [25833], [23269], [84530], [192343], [106182249]]
