Smith-Lemli-Opitz Syndrome:[[1717], [5444], [19], [6469], [3350], [3778], [6608]]
Syndrome SLO:[[3778], [1499], [6366], [10399], [3779]]
RSH-SLO Syndromes:[[]]
Hyperotosis Corticalis Generalisata Familiaris:[[]]
Smith Lemli Opitz Syndrome:[[1717], [5444], [19], [6469], [3350], [3778], [6608]]
LETHAL ACRODYSGENITAL SYNDROME:[[1280], [7157], [3753], [5728], [4000], [546], [3845], [8481], [2706], [1278], [4292], [6331], [54658], [2033], [1277], [5781], [2261], [367], [4436], [3784], [2263], [207], [2316], [5604], [5290], [1134], [79068], [2332], [672], [4089], [3481], [356], [23405], [4893], [675], [3339], [1401], [6774], [1144], [1788], [545], [2475], [8091], [4286], [284058], [3717], [8517], [2065], [2146], [1832], [472], [7124], [10943], [2733], [3996], [7428], [4358], [1146], [55210], [55869], [7422], [6794], [1996], [6597], [1785], [2067], [26013], [11200], [2625], [1789], [6786], [841], [1499], [7099], [998], [6598], [7421], [3172], [2308], [3576], [7474], [4609], [3479], [2624], [149233], [3146], [2719], [5444], [1080], [617], [3572], [3105], [1813], [6387], [177], [50814], [23396], [5610], [5605], [1289], [2064], [6531], [3162], [23411], [10269], [1147], [836], [4780], [596], [4038], [57465], [51422], [57211], [3627], [3480], [10135], [59272], [11005], [1803], [6329], [859], [7412], [112], [142], [581], [91754], [1376], [4604], [4233], [118429], [79813], [3417], [5566], [2255], [5925], [1140], [1432], [217], [221927], [354], [4615], [3949], [4049], [1191], [846], [133], [5913], [5879], [56975], [8260], [2132], [5747], [7080], [1869], [8506], [2078], [6261], [6288], [342035], [328], [983], [1756], [7298], [10735], [3014], [8036], [302], [81620], [598], [84168], [3593], [2155], [174], [30835], [7054], [5478], [3930], [3303], [3002], [8678], [6662], [7273], [128], [9928], [60681], [1111], [22914], [50507], [3932], [4998], [249], [6262], [10059], [59341], [1410], [5551], [2194], [1025], [7010], [3397]]
POLYDACTYLY SEX REVERSAL RENAL HYPOPLASIA AND UNILOBAR LUNG:[[]]
RSH SLO Syndrome:[[]]
RUTLEDGE LETHAL MULTIPLE CONGENITAL ANOMALY SYNDROME:[[5290], [3845], [4893], [1277], [2316], [1080], [2625]]
Syndrome RSH:[[]]
Syndromes SLO:[[]]
SLO SYNDROME:[[3778], [1499], [6366], [10399], [3779]]
Smith-Lemli-Opitz syndrome:[[1717], [5444], [19], [6469], [3350], [3778], [6608]]
Syndromes RSH:[[]]
RSH-SLO Syndrome:[[]]
SLOS:[[1717], [6366]]
RSH SYNDROME:[[]]
SMITH-LEMLI-OPITZ SYNDROME:[[1717], [5444], [19], [6469], [3350], [3778], [6608]]
7-Dehydrocholesterol reductase deficiency:[[1717], [2638], [120227], [1583]]
Polydactyly Sex Reversal Renal Hypoplasia And Unilobar Lung:[[]]
