Torsion of testicle:[[]]
Torsion Of Testicular Cord:[[]]
Torsion Testicular:[[3640]]
Torsions Spermatic Cord:[[5460]]
Testicular torsion:[[3640]]
Torsion of testis unspecified:[[]]
TORSION OF TESTICULAR CORD:[[]]
Torsion of spermatic cord:[[]]
Torsion Spermatic Cord:[[]]
Torsion of testis:[[1861], [10382], [55145], [3640], [6872], [2774], [63982]]
Torsion of spermatic cord NOS:[[]]
TESTICULAR TORSION:[[3640]]
Torsions Testicular:[[351], [1312], [4869], [7015], [4254], [7077], [7295], [578], [2266], [7182], [3925], [2678], [9131], [5829], [3164], [5144], [3675], [3251], [6649], [2938], [3931], [5499], [210], [563], [52], [5034], [5518], [34], [9961], [5184], [6423], [10131], [81848], [5705], [7317], [1376], [794], [8900], [1893], [2922], [3945], [29979], [2782], [5687], [4048], [10653], [4881], [5693], [5688], [2042], [5702], [9962], [2011], [5297], [9289], [5684], [10519], [55124], [1617], [3249], [1646], [4942], [5267], [9184], [7157], [38], [163], [5682], [89869], [334], [1761], [10226], [98], [5689], [3293], [1153], [8078], [5620], [2747], [5619], [10988], [7347], [6050], [5272], [4669], [4144], [10617], [7456], [164], [10972], [251], [5516], [5593], [55811], [51100], [2628], [4191], [122042], [5690], [5481], [6888], [7371], [8100], [6518], [23524], [26052], [8165], [10539], [1809], [9601], [57599], [367], [1800], [10555], [3158], [3382], [27430], [1615], [57153], [4967], [2098], [3612], [526], [4123], [64087], [79180], [79805], [132], [8833], [29122], [2820], [1956], [81570], [5252], [30], [5889], [5232], [3795], [26958], [9024], [57511], [26528], [4117], [222229], [1636], [5634], [81037], [4501], [51400], [528], [115207], [5728], [10455], [7422], [51669], [55604], [124404], [729920], [79370], [3815], [2099], [7016], [80736], [25981], [207], [3010], [9576], [9645], [84944], [7180], [59286], [64499], [6847], [55714], [26084], [2064], [80321], [4496], [29118], [4357], [3845], [7461], [1068], [54935], [66004], [51450], [9191], [131870], [8780], [26275], [56241], [51444], [57026], [26206], [27148], [673], [11057], [54937], [2626], [10817]]
