Bechterew's Disease:[[]]
Bechterews Disease:[[]]
Marie-Strumpell spondylitis:[[]]
Marie Strümpell spondylitis:[[]]
Bechterew Disease:[[]]
Bekhterev's disease:[[1493], [5979], [64127], [11315], [351], [8792], [348], [5071], [1910], [3064], [3586], [6774], [3123], [1029], [6622], [4137], [540], [5310], [3717], [6347], [24], [1201], [6387], [3119], [120892], [335], [7450], [5621], [7422], [3569], [338], [5311], [3949], [3107], [4287], [19], [4023], [5664], [57623], [1071], [3558], [4314], [255738], [4088], [356], [3117], [26191], [1191], [653361], [1586], [958], [26503], [1401], [2629], [4018], [3593], [116519], [6927], [4688], [729230], [3106], [864], [3570], [80339], [7415], [6597], [2244], [59067], [345], [8651], [3115], [10577], [149233], [5314], [6261], [3592], [7957], [1030], [28], [10320], [1234], [3659], [246778], [3990], [4041], [1378], [100048912], [3077], [3383], [6775], [5376], [9173], [2161], [55600], [26058], [7439], [1138], [4361], [4582], [7369], [1956], [1282], [3122], [6653], [4747], [51752], [7124], [4359], [538], [55054], [1136], [6311], [5663], [3931], [3992], [2646], [6584], [337], [9966], [4321], [56606], [217], [1235], [274], [5734], [2524], [7040], [341], [7292], [3953], [4524], [1232], [6272], [5966], [5771], [2308], [54901], [4068], [7332], [8878], [3562], [100507436], [9388], [3084], [2099], [10452], [3559], [6583], [5328], [8301], [1636], [3635], [4693], [1230], [2212], [945], [4318], [29881], [9370], [5243], [367], [4790], [7128], [7421], [64241], [54332], [6403], [1373], [7077], [4846], [94103], [51085], [2243], [10019], [345611], [7015], [4311], [2581], [10221], [56731], [7840], [2876], [940], [6606], [60468], [3595], [2266], [50941], [100359403], [3458], [221692], [10347], [3658], [3133], [2904], [64478], [1394], [64170], [64399], [5594]]
Idiopathic ankylosing spondylitis:[[3106], [3123], [149233], [7124], [51752], [7422], [3586], [3569], [7040], [3117], [4524], [1636], [1401], [3593], [7421], [100507436], [6774], [3605], [3952], [7099], [367], [3717], [3553], [4314], [2952], [9370], [5243], [3606], [5133], [3576], [4790], [7132], [4982], [3458], [1493], [6347], [3133], [3557], [26191], [4210], [406991], [4282], [29126], [3107], [3105], [1543], [3146], [3119], [6696], [5444], [3627], [406938], [10085], [3383], [64127], [90865], [8600], [3565], [4153], [1565], [929], [51738], [54106], [114548], [6648], [6280], [22943], [4049], [8743], [4843], [56729], [50964], [3558], [1559], [406947], [5265], [10], [1786], [3309], [9021], [2214], [7098], [51561], [10135], [7431], [7076], [1490], [7133], [796], [2638], [7128], [8651], [3115], [5624], [6279], [6403], [4041], [407021], [135], [84868], [6775], [7056], [1437], [7078], [1236], [9173], [5742], [27178], [2215], [6890], [55384], [8792], [406973], [4317], [3554], [2213], [23569], [6891], [574501], [3589], [7432], [8771], [953], [6374], [6366], [170679], [5184], [10859], [134], [407053], [3306], [5740], [192343]]
Spondylitis Rheumatoid:[[3123], [3106], [1493], [26191], [7128], [3117], [6775], [3119], [3586], [3569], [149233], [23569], [3558], [1235], [6366], [100507436], [59067], [7124], [5444], [3593], [2113], [1437], [7422], [4282], [3133], [1401], [7040], [7099], [4524], [3605], [6774], [3570], [3553], [9370], [4790], [7421], [5243], [3576], [5133], [4314], [3394], [3458], [1636], [4982], [6347], [7132], [406938], [3606], [3557], [3952], [6696], [3146], [29126], [3565], [10678], [4153], [8600], [22943], [249], [3383], [406947], [4210], [367], [56729], [90865], [114548], [6280], [3107], [115352], [3627], [2952], [406991], [8743], [4843], [3717], [2214], [50964], [7133], [55937], [5734], [3958], [929], [51561], [4049], [7431], [7098], [682], [10135], [64127], [10], [2932], [51738], [3309], [5265], [54106], [84868], [3115], [50616], [6288], [2896], [1490], [6279], [246778], [6363], [650], [27178], [4792], [7076], [9966], [2308], [8651], [796], [5624], [1236], [2215], [3684], [197], [302], [407006], [6403], [8771], [2638], [8792], [112744], [135], [2213], [8862], [574501], [51284], [4041], [7100], [406950], [6890], [7078], [6891], [407021], [6776], [9173], [100], [5742], [1776], [55384], [3120], [3554], [30009], [3718], [10371], [7432], [55054], [22900], [10859], [3589], [6361], [953], [6374], [59340], [64167], [6367], [80380], [81567], [5698], [23765], [968], [133522], [9618], [7839], [6349], [91937], [11026], [6289], [83417], [51192], [9840], [192343], [100847070], [6775079]]
Spondyloarthritis Ankylopoietica:[[7124], [3106], [3569], [7422], [7099], [3123], [3553], [3605], [1499], [7097], [1432], [4153], [3557], [3552], [114548], [3107], [54106], [4314], [8074], [7132], [22943], [10135], [959], [1116], [6280], [3689], [7424], [149233], [59067], [2243], [5176], [50964], [4804], [3684], [51561], [51752], [5551], [11009], [30009], [3811], [9966], [176], [6097], [386653], [3812], [50604], [55801], [84639], [9919], [158056]]
Spondyloarthritides Ankylosing:[[3106], [7124]]
Spondylarthritis Ankylopoietica:[[]]
AS - Ankylosing spondylitis:[[3106], [149233], [51752], [7124], [3593], [118429], [864], [100507436], [7422], [3586], [1401], [3569], [7040], [7099], [4524], [1636], [3605], [6774], [3123], [9370], [4790], [7421], [3553], [3133], [5243], [367], [5133], [29126], [3576], [3952], [4314], [1493], [4210], [3458], [7132], [6347], [3717], [5734], [4982], [3107], [406991], [3105], [3146], [5444], [406938], [2952], [3557], [3606], [3119], [1565], [3383], [6696], [64127], [2932], [4153], [3565], [22943], [51738], [7850], [8600], [1543], [6648], [3558], [3958], [929], [1559], [8743], [4843], [50964], [406947], [4282], [114548], [26191], [64170], [56729], [90865], [5265], [6280], [10], [54106], [1439], [1786], [3309], [3627], [650], [51561], [7098], [682], [4049], [10135], [7076], [3117], [1490], [2308], [3811], [796], [2896], [7431], [7133], [2214], [50616], [302], [3570], [4792], [9021], [7128], [5624], [6786], [6403], [135], [2638], [249], [84868], [8651], [3115], [197], [407006], [6279], [2113], [6288], [7056], [84876], [51284], [7078], [407021], [6776], [246778], [3684], [196527], [8862], [1673], [1236], [9173], [3716], [1437], [100], [4041], [1404], [27178], [5742], [10085], [6775], [27250], [6890], [7100], [55384], [8792], [406996], [407035], [4317], [406950], [3554], [2215], [9], [112744], [2213], [30009], [406973], [3718], [9966], [23569], [55054], [6891], [89780], [10371], [574501], [3589], [4256], [1235], [8771], [7432], [6361], [953], [6374], [6366], [55937], [3813], [55894], [3492], [10859], [23046], [8624], [134], [10911], [5184], [6367], [136], [406919], [407053], [3394], [2525], [3113], [59340], [10678], [80380], [115352], [64167], [56172], [9241], [9755]]
Ankylosing spondylitis:[[3106], [149233], [51752], [7124], [3593], [118429], [864], [100507436], [7422], [3586], [1401], [3569], [7040], [7099], [4524], [1636], [3605], [6774], [3123], [9370], [4790], [7421], [3553], [3133], [5243], [367], [5133], [29126], [3576], [3952], [4314], [1493], [4210], [3458], [7132], [6347], [3717], [5734], [4982], [3107], [406991], [3105], [3146], [5444], [406938], [2952], [3557], [3606], [3119], [1565], [3383], [6696], [64127], [2932], [4153], [3565], [22943], [51738], [7850], [8600], [1543], [6648], [3558], [3958], [929], [1559], [8743], [4843], [50964], [406947], [4282], [114548], [26191], [64170], [56729], [90865], [5265], [6280], [10], [54106], [1439], [1786], [3309], [3627], [650], [51561], [7098], [682], [4049], [10135], [7076], [3117], [1490], [2308], [3811], [796], [2896], [7431], [7133], [2214], [50616], [302], [3570], [4792], [9021], [7128], [5624], [6786], [6403], [135], [2638], [249], [84868], [8651], [3115], [197], [407006], [6279], [2113], [6288], [7056], [84876], [51284], [7078], [407021], [6776], [246778], [3684], [196527], [8862], [1673], [1236], [9173], [3716], [1437], [100], [4041], [1404], [27178], [5742], [10085], [6775], [27250], [6890], [7100], [55384], [8792], [406996], [407035], [4317], [406950], [3554], [2215], [9], [112744], [2213], [30009], [406973], [3718], [9966], [23569], [55054], [6891], [89780], [10371], [574501], [3589], [4256], [1235], [8771], [7432], [6361], [953], [6374], [6366], [55937], [3813], [55894], [3492], [10859], [23046], [8624], [134], [10911], [5184], [6367], [136], [406919], [407053], [3394], [2525], [3113], [59340], [10678], [80380], [115352], [64167], [56172], [9241], [9755]]
Spondylarthritides Ankylosing:[[3106], [23569]]
Rheumatoid arthritis of spine:[[120892], [3569], [3558], [348], [7421], [4524], [7124], [7040], [7422], [9370], [5728], [4790], [4318], [1401], [4204], [2099], [4982], [2475], [8600], [4879], [5468], [1499], [3557], [5879], [3479], [3480], [22943], [387], [1277], [5747], [2100], [4233], [102], [50964], [650], [4988], [2213], [5599], [1906], [3082], [213], [8074], [283120], [7442], [7057], [3066], [1524], [652], [1139], [4804], [197], [5741], [3375], [9365], [4041], [407006], [7415], [135], [409], [5649], [8792], [55600], [25797], [1902], [1859], [9572], [3601], [5802], [6547]]
Spondylitis Ankylopoietica:[[3106], [149233], [51752], [7124], [3593], [118429], [864], [100507436], [7422], [3586], [1401], [3569], [7040], [7099], [3605], [4524], [1636], [6774], [3123], [3553], [3133], [9370], [4790], [7421], [5243], [367], [4314], [5133], [29126], [3576], [3952], [1493], [4210], [4982], [3458], [7132], [6347], [3717], [5734], [3107], [406991], [3105], [3146], [5444], [406938], [2952], [3557], [3606], [3119], [1565], [3383], [6696], [64127], [8600], [2932], [4153], [3565], [22943], [51738], [7850], [1543], [6648], [3558], [3958], [929], [1559], [8743], [4843], [50964], [406947], [4282], [114548], [26191], [64170], [56729], [90865], [5265], [6280], [10], [54106], [1439], [1786], [3309], [3627], [650], [51561], [7098], [682], [4049], [10135], [7076], [3117], [1490], [2308], [2214], [3811], [796], [2896], [7431], [7133], [50616], [302], [3570], [4792], [9021], [7128], [5624], [6786], [6403], [135], [59067], [2638], [153], [249], [84868], [8651], [3115], [197], [407006], [6279], [2113], [6288], [7056], [84876], [51284], [7078], [407021], [6776], [246778], [3684], [196527], [8862], [1673], [1236], [9173], [3716], [1437], [100], [4041], [1404], [27178], [5742], [10085], [6775], [27250], [6890], [7100], [55384], [8792], [406996], [407035], [4317], [406950], [3554], [2215], [9], [112744], [2213], [30009], [406973], [3718], [9966], [23569], [55054], [6891], [89780], [10371], [574501], [3589], [4256], [1235], [8771], [3813], [7432], [6361], [953], [6374], [6366], [55937], [55894], [3492], [10859], [23046], [8624], [134], [10911], [5184], [64167], [6367], [136], [406919], [407053], [3394], [2525], [3113], [59340], [10678], [80380], [115352], [56172]]
Marie Struempell Disease:[[]]
Marie-Struempell Disease:[[]]
Spondylarthritis Ankylosing:[[3106], [1401], [3605], [4982], [64127], [8600], [8792], [5996]]
Spondylitis Ankylosing:[[3106], [149233], [51752], [118429], [3593], [864], [100507436], [7124], [3133], [3586], [1401], [5734], [3605], [7422], [7099], [7850], [3569], [7040], [64170], [4314], [4210], [1636], [5133], [6774], [3123], [1439], [7132], [4524], [3553], [4982], [9370], [1493], [4790], [7421], [3107], [5243], [367], [29126], [406938], [3952], [22943], [3557], [3576], [50964], [6347], [196527], [406991], [3811], [3458], [3105], [3146], [8600], [3717], [1404], [10085], [3606], [5444], [2952], [51561], [26191], [64127], [3119], [4153], [3558], [1565], [3383], [6696], [6280], [2932], [3565], [929], [4843], [51738], [90865], [406947], [1543], [6648], [3958], [4049], [1559], [8743], [56729], [4282], [114548], [23046], [1786], [5265], [650], [10], [54106], [8624], [3309], [2214], [3627], [7098], [10678], [50616], [682], [10135], [9755], [7076], [3117], [1490], [7133], [2308], [796], [2896], [3570], [7431], [249], [302], [4792], [9021], [7128], [5624], [6786], [407006], [6279], [6403], [340895], [6288], [135], [2638], [84868], [8651], [3115], [197], [2113], [7056], [84876], [9173], [51284], [7078], [407021], [6776], [246778], [27178], [3684], [8862], [1673], [1236], [3716], [6890], [1437], [100], [7100], [4041], [5742], [406950], [6775], [27250], [2215], [55384], [8792], [406996], [407035], [4317], [3554], [9], [9966], [6891], [112744], [3813], [2213], [30009], [406973], [3718], [64167], [23569], [55054], [89780], [10371], [574501], [3589], [4256], [1235], [8771], [56172], [7432], [6361], [953], [6374], [6366], [55937], [55894], [3492], [10859], [3812], [134], [10911], [5184], [6367], [136], [406919], [407053], [3394], [2525], [759], [3113], [59340]]
Spondyloarthritis Ankylosing:[[3106], [149233], [7124], [51752], [7422], [3569], [3605], [7099], [3123], [3553], [4314], [7132], [3107], [3557], [22943], [4153], [3552], [50964], [114548], [6280], [54106], [51561], [10135], [3811], [3684], [30009], [9966], [3812]]
