GU - Gastric ulcer:[[]]
Ulcer Gastric:[[3553], [7124], [3557], [7157], [7422], [4588], [3569], [4318], [1956], [51738], [495], [7040], [2099], [3091], [3586], [5243], [3576], [2064], [5743], [7099], [4790], [5468], [7097], [7015], [4609], [7421], [596], [3605], [8000], [4313], [1401], [6387], [6347], [4780], [23411], [2100], [3146], [1557], [4846], [355], [50943], [4282], [3606], [28], [581], [5747], [4843], [406947], [3119], [7076], [5460], [356], [3558], [2321], [6469], [4353], [90865], [7048], [4314], [2247], [283120], [4316], [1906], [54106], [4153], [3077], [1045], [3579], [7373], [3265], [7046], [4049], [3593], [5742], [3308], [56934], [3939], [7078], [27085], [149233], [6401], [4583], [3592], [406987], [3651], [7031], [3066], [7033], [3303], [2520], [28998], [7100], [8829], [10599], [5225], [51561], [406958], [6722], [7042], [246778], [100], [54210], [3304], [7043], [6402], [643834], [383], [6385], [406999], [6750], [574447], [285780], [3306], [54578], [1491], [29904], [3176], [493856], [192343]]
Peptic ulcer of stomach:[[7157], [5243], [3553], [7040], [3586], [7099], [5468], [1401], [3576], [1557], [7097], [50943], [6387], [4282], [3265], [90865], [4316], [79001], [5742], [3592], [3002], [3939], [2520], [493856], [495]]
Stomach ulcer:[[]]
Ulcers Gastric:[[4586], [3553], [7422], [7124], [4318], [7040], [3576], [4524], [348], [3952], [1401], [7097], [7421], [3458], [6347], [3605], [23411], [4233], [6387], [9429], [8743], [3791], [7076], [4282], [3082], [1432], [2263], [8842], [6934], [54106], [2321], [90865], [4316], [5111], [2697], [2247], [6352], [958], [6280], [1906], [3077], [2260], [406986], [6279], [5156], [3953], [7078], [5159], [5742], [5806], [1803], [1673], [3491], [1000], [2023], [4311], [820], [624], [5321], [6374], [2532], [1647], [2313], [5154], [1667], [7114], [623], [3305], [3306], [9547], [574444], [1668], [100126334], [192343]]
Ulcer Stomach:[[7157], [7422], [3553], [1956], [3569], [4318], [5243], [3091], [2064], [7040], [3586], [5743], [7099], [51738], [3576], [4790], [8000], [7421], [1557], [4609], [28], [5468], [1401], [7097], [596], [3606], [4313], [2100], [6387], [6347], [3119], [4780], [3077], [23411], [50943], [3146], [355], [4282], [1906], [581], [5747], [6469], [7076], [2247], [54106], [3265], [5460], [356], [90865], [3308], [79001], [7048], [4316], [4049], [1045], [7046], [2162], [3066], [5742], [3592], [8829], [3002], [51561], [7042], [7078], [943], [3939], [7100], [7043], [2520], [3651], [7031], [6722], [7373], [7033], [6385], [5225], [6750], [27085], [8976], [28998], [1491], [29904], [3176], [4588], [643834], [493856], [65010], [495], [91966]]
Gastric peptic ulcer:[[3553], [7157], [7124], [3557], [495], [7040], [3586], [5243], [2099], [7099], [3576], [5468], [7097], [1401], [3605], [6387], [50943], [4282], [1557], [90865], [283120], [4316], [3265], [3593], [5742], [3939], [3592], [406987], [10599], [2520], [406958], [100], [54210], [3304], [54578], [3306], [493856]]
Gastric ulcer:[[3553], [7124], [3557], [7157], [7422], [4588], [3569], [4318], [1956], [51738], [495], [7040], [2099], [3091], [3586], [5243], [3576], [2064], [5743], [7099], [4790], [5468], [7097], [7015], [4609], [7421], [596], [3605], [8000], [4313], [1401], [6387], [6347], [4780], [23411], [2100], [3146], [1557], [4846], [355], [50943], [4282], [3606], [28], [581], [5747], [4843], [406947], [3119], [7076], [5460], [356], [3558], [2321], [6469], [4353], [90865], [7048], [4314], [2247], [283120], [4316], [1906], [54106], [4153], [3077], [1045], [3579], [7373], [3265], [7046], [4049], [3593], [5742], [3308], [56934], [3939], [7078], [27085], [149233], [6401], [4583], [3592], [406987], [3651], [7031], [3066], [7033], [3303], [2520], [28998], [7100], [8829], [10599], [5225], [51561], [406958], [6722], [7042], [246778], [100], [54210], [3304], [7043], [6402], [643834], [383], [6385], [406999], [6750], [574447], [285780], [3306], [54578], [1491], [29904], [3176], [493856], [192343]]
Ulcers Stomach:[[7422], [4524], [4318], [3553], [7040], [3576], [1401], [7421], [7097], [3458], [3952], [4233], [6347], [3077], [23411], [6387], [1432], [7076], [54106], [1906], [8743], [3791], [8842], [4282], [5156], [2247], [6934], [5111], [3082], [3953], [6352], [2263], [2697], [2260], [1803], [90865], [958], [4316], [6280], [4586], [5159], [7941], [2162], [4311], [1673], [51284], [64135], [5742], [1000], [7078], [3491], [943], [624], [2023], [4599], [5321], [2532], [6891], [1647], [2313], [5154], [6374], [7114], [623], [9547], [8751], [1240], [6578]]
Gastric ulceration:[[3553], [999], [5970], [7124], [673], [7422], [2099], [3586], [4318], [207], [7015], [348], [4313], [2100], [4312], [142], [7076], [3690], [6352], [7450], [3077], [79068], [3685], [1116], [4893], [149233], [5155], [10392], [10763], [84557], [4317], [3304], [5321], [3305], [2011], [6343]]
