Striae Distensae:[[83959], [1690]]
Physiological striae:[[1690]]
Lineae atrophicae:[[]]
Striae:[[83959], [1690]]
Linear atrophy:[[348], [3146], [351], [367], [6622], [7040], [7124], [4137], [7422], [1401], [3569], [627], [4524], [3479], [7099], [1636], [1080], [1499], [3106], [6347], [4313], [596], [5071], [3605], [472], [1813], [5444], [427], [23435], [2950], [10891], [3119], [335], [406938], [3480], [4312], [2308], [3064], [356], [1950], [59272], [9518], [7431], [9365], [7048], [5428], [65018], [89], [361], [3002], [3491], [2232], [1760], [1308], [6386], [3176], [10724], [192343]]
Striae atrophicae:[[83959], [1690]]
Stria:[[3082], [6462], [2289], [1188]]
Stretch Marks:[[7040], [3569], [4790], [3553], [4846], [627], [367], [960], [2332], [3784], [860], [2395], [3276]]
Skin striae:[[83959]]
Lineae albicantes:[[]]
Stretch Mark:[[1906], [3576], [1956], [7124], [207], [5594], [1401], [1080], [6622], [6387], [10413], [185], [56729], [10135]]
Stretch marks:[[7040], [3569], [4790], [3553], [4846], [627], [367], [960], [2332], [3784], [860], [2395], [3276]]
Striae distensae:[[83959], [1690]]
