Dehiscence of surgical wound:[[]]
Dehiscence of operation wound NOS:[[]]
Disruption of operation wound NOS:[[7422], [1956], [3091], [6774], [3479]]
Operation wound rupture:[[7124], [7422], [7040], [3569], [3586], [7099], [3576], [7097], [5806]]
Postoperative wound breakdown:[[7422], [4318], [3569], [7157], [3091], [3553], [5728], [1499], [207], [4313], [3162], [1490], [4316], [3570], [1969], [1508]]
Dehiscence of operation wound:[[]]
Wound Dehiscence Surgical:[[]]
Rupture of operation wound:[[7124], [7422], [7040], [3569], [3586], [7099], [3576], [7097], [5806]]
Operation wound disruption:[[7422], [7040], [1956], [7124], [3091], [5728], [6774], [3569], [207], [7099], [3479], [627], [4088], [7097], [4988], [6934], [54790]]
Wound breakdown:[[7422], [4318], [3091], [7157], [3569], [4790], [5728], [3553], [1499], [1080], [207], [4313], [5879], [7076], [5594], [5747], [3162], [4851], [1490], [4312], [836], [4780], [6696], [8743], [7043], [4314], [2309], [7042], [90865], [682], [285], [8837], [2034], [1281], [5580], [4321], [2212], [4316], [5340], [3570], [9332], [1969], [1508], [100506658], [406935], [7082], [1520], [4319], [9507], [123], [8613], [79148], [4324], [642658]]
Operation wound dehiscence:[[]]
