Systemic Inflammatory Response Syndrome:[[7124], [3569], [3586], [7099], [1401], [3576], [3553], [3146], [7097], [3934], [6696], [4153], [1906], [3557], [4282], [929], [3082], [796], [5806], [4210], [1116], [3559], [57817], [133], [3303], [7128], [4157], [5617], [3579], [590], [54210], [6609], [3577], [10747], [3929], [3687], [2219], [30817], [3324], [4814]]
Sepsis syndrome:[[7124], [462]]
Systemic inflammatory response syndrome (SIRS):[[3569], [7124], [3586], [3576], [3553], [3146], [7097], [4153], [1906], [3557], [4282], [796], [4210], [57817], [133], [3303], [5617], [10747], [3687], [30817], [3324]]
Systemic inflammatory response syndrome unspecified:[[7124], [7128], [3559]]
Septic syndrome:[[64127], [1401], [7124], [2475], [2811], [3569], [2146], [355], [1906], [11093], [7422], [3586], [718], [3953], [7099], [7132], [959], [4318], [1636], [958], [3553], [197], [4879], [2022], [2247], [7097], [4790], [3576], [4846], [7474], [5054], [3146], [7852], [4323], [796], [5444], [5133], [4313], [3091], [2908], [2147], [3606], [6347], [3605], [285], [7450], [177], [3934], [6387], [4282], [4153], [154], [3557], [71], [3162], [929], [629], [51738], [3958], [2321], [4780], [29126], [4982], [1471], [7076], [5806], [406947], [255738], [4353], [4843], [6648], [7412], [3122], [5970], [133], [6285], [7139], [3949], [3043], [551], [8743], [284], [7137], [6772], [3725], [7133], [6352], [5071], [8862], [3689], [6288], [7068], [6280], [875], [6401], [3574], [5027], [100507436], [5624], [375790], [1361], [3329], [378938], [54210], [406906], [2876], [84868], [10664], [3303], [5617], [7295], [3579], [6279], [3875], [9332], [3659], [246778], [7351], [834], [135], [3371], [8837], [4057], [11082], [7035], [27178], [91662], [1392], [10544], [462], [8742], [407008], [2919], [406913], [7498], [3684], [941], [358], [7010], [2159], [1440], [2209], [10059], [406996], [710], [3654], [7067], [1441], [2215], [406942], [1839], [3482], [10461], [574501], [6609], [55054], [1316], [7066], [9423], [6414], [6789], [8858], [1232], [6283], [866], [10747], [22861], [9020], [2878], [406901], [2220], [55187], [2869], [566], [5267], [151888], [923], [55366], [553], [3324], [51300]]
Systemic inflammatory response syndrome:[[7124], [3569], [3586], [7099], [1401], [3576], [3553], [3146], [7097], [3934], [6696], [4153], [1906], [3557], [4282], [929], [3082], [796], [5806], [4210], [1116], [3559], [57817], [133], [3303], [7128], [4157], [5617], [3579], [590], [54210], [6609], [3577], [10747], [3929], [3687], [2219], [30817], [3324], [4814]]
SIRS - System inflammatory response syndrome:[[3569], [7124], [3586], [1906], [7097], [3553], [3576], [57817], [3146], [285], [11093], [133], [4982], [4153], [3075], [796], [3557], [4282], [3303], [284], [9332], [5617], [2220], [6414], [10747], [3687]]
Syndrome Sepsis:[[114548], [348], [1071], [5781], [207], [811], [64127], [1401], [6774], [7128], [3570], [2153], [7124], [2475], [7422], [3569], [4193], [1493], [355], [3586], [2146], [11093], [3075], [1906], [7099], [3553], [3576], [1636], [857], [959], [2697], [718], [7040], [5054], [4879], [4790], [7097], [4318], [3146], [958], [7048], [3606], [5444], [5468], [9370], [2022], [7421], [5950], [3458], [4153], [3934], [6347], [6786], [3952], [406991], [2247], [406938], [5133], [3605], [7056], [3091], [7474], [4846], [51684], [929], [2308], [7852], [177], [3479], [6387], [103], [796], [3557], [4313], [4282], [5806], [4609], [54106], [3383], [2934], [285], [2908], [7450], [3105], [2152], [29126], [3958], [23411], [2147], [6696], [406947], [1139], [335], [7528], [51738], [3630], [56729], [255738], [133], [1471], [185], [7076], [8074], [836], [4982], [2321], [4353], [7019], [332], [10135], [1812], [10984], [3627], [100506658], [4210], [920], [1116], [3122], [5970], [4843], [5624], [4049], [1803], [3565], [6285], [7412], [6648], [7098], [3558], [4312], [3559], [3552], [90865], [3135], [4615], [6323], [5228], [5329], [551], [4314], [3688], [3486], [213], [406906], [155], [3043], [3240], [5027], [2690], [6772], [3308], [8862], [57817], [7137], [54210], [350], [284], [3725], [2167], [5265], [7941], [5069], [2056], [5465], [406937], [5327], [57591], [6352], [6280], [84868], [875], [11082], [5340], [3929], [4087], [1113], [3689], [378938], [3309], [6441], [3329], [7057], [2212], [3084], [50616], [3574], [7077], [820], [9332], [407008], [5328], [4170], [51206], [246778], [4317], [375790], [7295], [5176], [2209], [6403]]
Syndromes Sepsis:[[7124], [3569], [7422], [1401], [4879], [3586], [7099], [7040], [1471], [3553], [3091], [4790], [6774], [4318], [3146], [9370], [3458], [7421], [406938], [3952], [207], [6347], [3605], [29126], [114548], [406991], [929], [4609], [5133], [7852], [4846], [2475], [3479], [6387], [4282], [7450], [23411], [2146], [2152], [3557], [1493], [11093], [4193], [54106], [335], [332], [5781], [355], [255738], [3958], [836], [406947], [4312], [56729], [3043], [4353], [8074], [959], [1116], [5027], [4843], [4615], [7137], [6323], [5265], [958], [6280], [1071], [5465], [5329], [3559], [3486], [4170], [2022], [57817], [3627], [811], [2212], [2056], [3689], [11315], [6786], [284], [6279], [6403], [3592], [7941], [3574], [2353], [7056], [4878], [3659], [5069], [406992], [3491], [2161], [406881], [991], [3026], [2878], [8858], [2658], [10984], [375790], [7135]]
Systemic inflammatory response syndrome (SIRS) NOS:[[796]]
