AORTIC ARCH SYNDROME:[[]]
Acquired aortoarteritis:[[7157], [1956], [3569], [2064], [3845], [673], [6774], [4524], [3586], [5243], [7124], [3717], [2099], [5728], [207], [1636], [7040], [7422], [4233], [7421], [4318], [3123], [4790], [1029], [1499], [1401], [2475], [2153], [596], [3091], [4609], [7099], [9370], [367], [351], [3553], [546], [2944], [1080], [29126], [7015], [5743], [3458], [3576], [3815], [6714], [8743], [7852], [675], [3106], [11093], [5290], [6647], [3952], [2146], [4851], [50943], [595], [718], [4193], [3146], [4780], [238], [4313], [3480], [7450], [2952], [920], [5594], [5054], [4153], [1026], [4879], [406991], [7097], [6696], [2147], [2100], [3757], [6387], [2932], [3119], [796], [3077], [10413], [177], [5979], [5970], [1557], [3383], [857], [3688], [2706], [355], [3690], [3606], [4292], [5621], [1543], [3135], [3565], [9429], [335], [2157], [4763], [3557], [4170], [4582], [1906], [406938], [3958], [25], [5595], [3082], [4312], [324], [8626], [3791], [185], [2247], [4282], [4893], [861], [5599], [3417], [5781], [3265], [929], [7490], [2033], [6790], [1471], [2322], [23435], [1277], [8074], [6331], [3320], [4204], [5265], [407040], [213], [7291], [2321], [5329], [2261], [2260], [331], [3481], [6513], [5347], [2263], [4089], [3627], [7132], [8600], [867], [5888], [558], [682], [5460], [2305], [10135], [356], [1756], [26191], [2778], [9518], [727], [1786], [598], [811], [2308], [133], [11186], [3593], [2065], [4210], [2034], [3084], [302], [648], [3308], [8678], [7412], [7052], [2212], [7139], [55959], [2312], [6794], [5371], [5624], [5156], [4792], [1994], [9365], [7153], [84823], [3689]]
Primary arteritis:[[4615], [3592], [6775], [3123], [3569], [3595], [7124], [3663], [3593], [3106], [7422], [4318], [7099], [3586], [958], [4524], [3559], [7128], [3091], [1401], [3115], [9370], [4846], [3553], [4313], [3952], [3133], [3458], [5444], [1234], [3605], [7097], [3105], [3383], [2100], [3606], [3690], [2247], [3565], [1906], [177], [51738], [4314], [5133], [4312], [3557], [4843], [26191], [5806], [4282], [929], [10457], [4204], [54106], [3558], [100507436], [3596], [2212], [6280], [331], [2214], [10673], [7189], [149233], [6401], [6403], [59067], [3329], [3674], [22914], [6279], [51561], [100133941], [3181], [1910], [727], [9235], [3654], [4599], [112744], [1909], [1445], [3459], [3578], [4478], [6283], [1235], [407050], [6374], [7185], [22861], [10666], [3594], [640], [3820], [8744], [6964], [6965], [55024], [6203], [11026], [11025], [6945]]
Nonspecific arteritis:[[4318], [4313], [4204], [4843]]
Takayasus Arteritis:[[]]
PULSELESS DISEASE:[[]]
YOUNG FEMALE ARTERITIS:[[3569], [7124], [3952], [9370], [4318], [4524], [7422], [1401], [4846], [3123], [7099], [3586], [2100], [3553], [3458], [3383], [4313], [5444], [3605], [3565], [51738], [5133], [7097], [929], [3606], [54106], [4843], [5806], [4282], [3596], [331], [6401], [6403], [4615], [6775]]
Takayasu Disease:[[3586], [3123], [3569], [3106], [3593], [4314], [1401], [3115], [149233], [3592], [7124], [4524], [100507436], [2212], [4318], [9370], [3595], [3133], [3105], [2214], [4313], [3952], [10457], [51738], [1906], [2247], [5806], [6280], [331], [4615], [6279], [51561], [112744], [6283], [3594], [6945], [11026], [6203], [11025]]
Takayasu Syndrome:[[]]
Reverse coarctation:[[4851], [154], [153]]
Takayasu's disease:[[4314], [26191], [3106], [100507436], [4318], [6403], [3181], [4312], [3557], [3553], [3952], [5444], [177], [3690], [5133], [3674], [3578], [6283], [8744], [6965], [6964]]
Young Female Arteritides:[[7157], [3172], [54658], [348], [3569], [1636], [672], [7124], [3952], [9370], [627], [675], [2099], [1312], [4524], [79068], [1956], [3845], [6532], [673], [7422], [1401], [4318], [4846], [3479], [367], [7040], [351], [3123], [7421], [5054], [650], [1029], [2147], [2100], [2153], [3586], [4160], [3553], [2064], [7099], [2332], [1588], [7015], [183], [2475], [5243], [3458], [4137], [1080], [2944], [4790], [1813], [4128], [1814], [5468], [4157], [596], [3383], [50943], [207], [29126], [4879], [2952], [6622], [5021], [5728], [4609], [999], [5443], [1815], [3576], [6513], [6531], [2908], [7515], [1499], [595], [4193], [5444], [6347], [3565], [4313], [4292], [6331], [3605], [4780], [6647], [2950], [51738], [154], [268], [1493], [3953], [5133], [10413], [335], [3815], [59272], [1756], [5979], [7097], [23411], [2492], [3417], [120892], [5241], [3356], [3119], [217], [3480], [1557], [355], [64127], [1191], [3146], [1268], [9429], [5071], [929], [4982], [5347], [3791], [185], [56729], [4000], [948], [3606], [959], [3135], [54106], [3949], [7450], [5663], [4436], [1277], [2152], [5950], [3075], [4018], [4023], [7098], [6648], [1071], [238], [406938], [7153], [3958], [4316], [3107], [3934], [4843], [7276], [4282], [255738], [3620], [387], [4288], [7076], [6352], [3481], [4988], [846], [2784], [2155], [7139], [861], [10135], [3265], [7351], [2308], [6777], [3486], [3627], [2539], [116519], [3673], [7161], [3784], [2261], [51284], [5806], [3596], [331], [4297], [7056], [50964], [6323], [1394], [6285], [4210], [197], [2625], [22943], [6401], [6403], [89], [3667], [354], [5617]]
Nonspecific aortoarteritis:[[249], [7157], [55748], [1084], [2197], [4790], [4318], [6622], [999], [4313], [29126], [342897], [4204], [5621], [1089], [3934], [4843], [28514], [3320], [4882], [4968], [7098], [6657], [60489], [4763], [1116], [6469], [1958], [10631], [7442], [3350], [2150], [2113], [6606], [7150], [7535], [23028], [5579], [590], [3574], [100], [6925], [5423], [2120], [409], [7173], [382], [408], [6304], [85363], [8473], [5451], [7374], [6590], [176], [6440], [4350], [3635], [121504], [3804], [2318], [100132285], [170302], [211], [23086], [866], [3756], [5837], [3549], [250], [6996], [84735], [9097], [2182], [9476], [8773], [2294], [2672], [22954], [7709], [6578], [22827], [10057], [6632], [9700], [1059], [2664], [65109], [3396], [11141], [2258], [2054], [23040], [5778], [4643], [64895], [162466], [55683], [55093], [266678]]
Takayasu disease:[[3586], [3123], [3569], [3106], [3593], [4314], [1401], [3115], [149233], [3592], [7124], [4524], [100507436], [2212], [4318], [9370], [3595], [3133], [3105], [2214], [4313], [3952], [10457], [51738], [1906], [2247], [5806], [6280], [331], [4615], [6279], [51561], [112744], [6283], [3594], [6945], [11026], [6203], [11025]]
Young female arteritis:[[3569], [7124], [3952], [9370], [4318], [4524], [7422], [1401], [4846], [3123], [7099], [3586], [2100], [3553], [3458], [3383], [4313], [5444], [3605], [3565], [51738], [5133], [7097], [929], [3606], [54106], [4843], [5806], [4282], [3596], [331], [6401], [6403], [4615], [6775]]
Occlusive thromboarteriopathy:[[3569], [4524], [7124], [7040], [7422], [1401], [3586], [1636], [4318], [3553], [9370], [6532], [5054], [171513], [3952], [2944], [2147], [1234], [4879], [3162], [2153], [1557], [7450], [1906], [4153], [185], [3075], [4282], [114548], [54658], [4982], [2157], [2152], [8074], [56729], [6352], [10135], [3431], [11093], [4018], [6285], [7057], [9365], [133], [2078], [3674], [5228], [6521], [5327], [1535], [7056], [84876], [632], [6376], [1524], [8862], [406935], [7035], [283131], [5627], [2161], [6446], [440275], [59], [1909], [953], [22861], [1066], [57674], [187], [8858], [3945], [3902], [4059], [4629], [11173], [57124], [79572]]
Idiopathic medial aortopathy AND arteriopathy:[[7040]]
Pulseless Disease:[[]]
Pulseless disease:[[]]
Young Female Arteritis:[[3569], [7124], [3952], [9370], [4318], [4524], [7422], [1401], [4846], [3123], [7099], [3586], [2100], [3553], [3458], [3383], [4313], [5444], [3605], [3565], [51738], [5133], [7097], [929], [3606], [54106], [4843], [5806], [4282], [3596], [331], [6401], [6403], [4615], [6775]]
Takayasu Arteritis:[[3569], [7124], [3106], [4524], [4318], [3586], [1401], [9370], [3123], [4313], [3952], [3105], [51738], [3593], [1906], [2247], [4314], [5806], [2212], [6280], [100507436], [331], [2214], [4615], [3115], [149233], [6279], [3592], [51561], [3133], [112744], [6283], [10457], [3594], [3595], [11026], [6203], [11025], [6945]]
Takayasu's Arteritis:[[4318], [3106], [3553], [3952], [5444], [177], [3690], [5133], [4312], [3557], [4314], [26191], [100507436], [6403], [3674], [3181], [3578], [6283], [8744], [6964], [6965]]
Takayasu's arteriopathy:[[3690]]
Takayasu's arteritis:[[4318], [3106], [3553], [3952], [5444], [177], [3690], [5133], [4312], [3557], [4314], [26191], [100507436], [6403], [3674], [3181], [3578], [6283], [8744], [6964], [6965]]
Sclerosing aortitis AND arteritis:[[]]
Raeder-Harbitz syndrome:[[3757], [1280], [114548], [3753], [2074], [7157], [348], [1281], [51085], [546], [80184], [7466], [3845], [673], [8481], [5728], [8195], [7486], [641], [2706], [2317], [4292], [91147], [8626], [1540], [4000], [54658], [1161], [7490], [2033], [6331], [4023], [1071], [5781], [4436], [2263], [3643], [7291], [3784], [2261], [2260], [582], [10806], [8085], [10083], [367], [4683], [207], [84062], [3123], [7468], [4647], [4952], [2200], [1029], [7399], [4810], [201163], [2969], [10804], [6949], [7227], [2492], [775], [7840], [2316], [5428], [3730], [5080], [585], [1278], [54487], [5604], [55612], [2121], [811], [5290], [132884], [4281], [116442], [84100], [2812], [5077], [64127], [79068], [6663], [783], [338], [57167], [1130], [9968], [2332], [1277], [3990], [10743], [7456], [19], [2122], [3265], [6737], [84059], [6741], [3481], [6513], [4089], [23111], [2646], [356], [1285], [1387], [26585], [8976], [7504], [1827], [331], [23405], [9401], [65217], [4893], [672], [4692], [9569], [5894], [4277], [6774], [3117], [1401], [1788], [7401], [7128], [3570], [545], [10163], [583], [10682], [124590], [129880], [54808], [27241], [2138], [79738], [4137], [2475], [60], [3897], [5159], [1364], [8091], [5885], [79803], [2811], [2956], [9993], [5460], [4286], [675], [3717], [8220], [80144], [80025], [999], [3973], [79621], [4193], [64135], [1145], [55212], [2645], [27031], [4851], [1493], [10535], [2131], [1910], [7122], [9031], [4853], [1134], [2146], [100188856], [355], [50943], [105259599], [2153], [9652], [10908], [3664], [7020], [8214], [5308], [10062], [8517], [5076], [27019], [5189], [5395], [1287], [1906], [25825], [3759]]
Atypical coarctation:[[]]
Martorell syndrome:[[3757], [1280], [114548], [3753], [2074], [7157], [348], [1281], [51085], [546], [80184], [7466], [3845], [673], [8481], [5728], [8195], [7486], [641], [2706], [2317], [4292], [91147], [8626], [1540], [4000], [54658], [1161], [7490], [2033], [6331], [4023], [1071], [5781], [4436], [2263], [3643], [7291], [3784], [2261], [2260], [582], [10806], [8085], [10083], [367], [4683], [207], [84062], [3123], [7468], [4647], [4952], [2200], [1029], [7399], [4810], [201163], [2969], [10804], [6949], [7227], [2492], [775], [7840], [2316], [5428], [3730], [5080], [585], [1278], [54487], [5604], [55612], [2121], [811], [5290], [132884], [4281], [116442], [84100], [2812], [5077], [64127], [79068], [6663], [783], [338], [57167], [1130], [9968], [2332], [1277], [3990], [10743], [7456], [19], [2122], [3265], [6737], [84059], [6741], [3481], [6513], [4089], [23111], [2646], [356], [1285], [1387], [26585], [8976], [7504], [1827], [331], [23405], [9401], [65217], [4893], [672], [4692], [9569], [5894], [4277], [6774], [3117], [1401], [1788], [7401], [7128], [3570], [545], [10163], [583], [10682], [124590], [129880], [54808], [27241], [2138], [79738], [4137], [2475], [60], [3897], [5159], [1364], [8091], [5885], [79803], [2811], [2956], [9993], [5460], [4286], [675], [3717], [8220], [80144], [80025], [999], [3973], [79621], [4193], [64135], [1145], [55212], [2645], [27031], [4851], [1493], [10535], [2131], [1910], [7122], [9031], [4853], [1134], [2146], [100188856], [355], [50943], [105259599], [2153], [9652], [10908], [3664], [7020], [8214], [5308], [10062], [8517], [5076], [27019], [5189], [5395], [1287], [1906], [25825], [3759]]
TAKAYASU ARTERITIS:[[3569], [7124], [3106], [4524], [4318], [3586], [1401], [9370], [3123], [4313], [3952], [3105], [51738], [3593], [1906], [2247], [4314], [5806], [2212], [6280], [100507436], [331], [2214], [4615], [3115], [149233], [6279], [3592], [51561], [3133], [112744], [6283], [10457], [3594], [3595], [11026], [6203], [11025], [6945]]
Aortic arch syndrome [Takayasu]:[[]]
Aortic arch arteritis:[[]]
