Thrombocytopenia Neonatal:[[7124], [2623], [7040], [3586], [3690], [4049], [2120], [1401], [7421], [3553], [6774], [3458], [7450], [3091], [3605], [2122], [861], [7015], [3106], [355], [3606], [29126], [2153], [2908], [3383], [50943], [5054], [5133], [3146], [213], [4153], [11093], [3557], [114548], [406938], [2322], [6352], [2214], [3673], [948], [3685], [7066], [3689], [246778], [3592], [947], [28234], [3125], [3126], [282618], [3903], [10560], [2815], [81027], [192343]]
Neonatal thrombocytopenia due to platelet alloimmunization:[[]]
Neonatal alloimmune thrombocytopenia:[[3690], [3106], [29126], [50943], [3673], [2214], [3685], [3689], [3125], [3126]]
Thrombocytopenias Neonatal Alloimmune:[[]]
Thrombocytopenia Neonatal Alloimmune:[[3690], [3106], [29126], [50943], [3673], [2214], [3685], [3689], [3125], [3126]]
ANT - Alloimmune neonatal thrombocytopenia:[[]]
Neonatal thrombocytopenia due to platelet alloimmunisation:[[]]
NAIT:[[948]]
Alloimmune neonatal thrombocytopenia:[[3690], [3106], [29126], [50943], [3673], [2214], [3685], [3689], [3125], [3126]]
Isoimmune neonatal thrombocytopenia:[[7124], [2623], [7040], [3586], [3690], [4049], [2120], [1401], [7421], [3553], [6774], [3458], [7450], [3091], [3605], [2122], [861], [7015], [3106], [355], [3606], [29126], [2153], [2908], [3383], [50943], [5054], [5133], [3146], [213], [4153], [11093], [3557], [114548], [406938], [2322], [6352], [2214], [3673], [948], [3685], [7066], [3689], [246778], [3592], [947], [28234], [3125], [3126], [282618], [3903], [10560], [2815], [81027], [192343]]
Thrombocytopenias Neonatal:[[7852], [6387], [7066]]
