Thrombocythemias Essential:[[1814], [8517], [6736], [4846], [7157], [183], [185], [1956], [7124], [7422], [3569], [7040], [4524], [146956], [2521], [2784], [2064], [2099], [3091], [3586], [1636], [2112], [4318], [6774], [348], [207], [4790], [3553], [5728], [1499], [7099], [1401], [672], [3576], [5468], [7015], [4609], [1577], [4137], [2475], [596], [7852], [367], [351], [999], [10436], [7421], [3479], [3717], [920], [9370], [5594], [1026], [26284], [6622], [332], [118], [3845], [4851], [627], [472], [1080], [4313], [6506], [5743], [7097], [3162], [154], [4233], [6387], [5925], [1432], [3383], [3458], [857], [3688], [673], [595], [3690], [4879], [1029], [6667], [5879], [5595], [3952], [960], [2146], [3791], [3725], [355], [581], [4193], [6347], [5290], [387], [406991], [5970], [6714], [2033], [2944], [6772], [50943], [5243], [3123], [3320], [8878], [2153], [5444], [3146], [4780], [2932], [5599], [29126], [2952], [2908], [5524], [142], [6647], [8626], [6790], [23411], [1950], [1788], [3309], [836], [3106], [3630], [4170], [5347], [120892], [3605], [1312], [861], [217], [6657], [3815], [3958], [10413], [6532], [23435], [2147], [2309], [675], [5621], [1789], [79415], [4204], [444980], [387575], [50986], [1234], [1906], [7098], [7450], [7291], [7515], [5663], [3082], [60489], [1869], [6696], [4000], [4869], [3552], [2100], [197342], [811], [8678], [5747], [841], [983], [114548], [5888], [100188321], [117191], [101027378], [100188825], [100188808], [100188807], [5578], [3480], [5781], [7430], [7153], [8743], [5580], [1557], [2950], [1786], [948], [23586], [23476], [79068], [1958], [1588], [1457], [5054], [3949], [9429], [5071]]
Idiopathic haemorrhagic thrombocythaemia:[[4352]]
Idiopathic hemorrhagic thrombocythemia:[[]]
Essential thrombocythaemia:[[3717], [2475], [811], [4352], [6403], [5627], [7297], [57126]]
Essential thrombocythemia (clinical disorder):[[3717], [4524], [3569], [3690], [2147], [7422], [1401], [6774], [2908], [1499], [3674], [2153], [811], [3934], [2068], [959], [2152], [613], [2155], [2623], [8651], [598], [9021], [6279], [4804], [7035], [3939]]
Thrombocythemia Hemorrhagic:[[3717], [4524], [7422], [3569], [1401], [2153], [2100], [3690], [7057]]
Thrombocythemias Hemorrhagic:[[7124], [4089], [2022], [4524], [7422], [348], [3569], [4318], [3586], [7040], [94], [1636], [2099], [3091], [627], [351], [7099], [9370], [1401], [3123], [4790], [3553], [5743], [3576], [3146], [3383], [3458], [5444], [3717], [4780], [791087], [5594], [2153], [1234], [6347], [3605], [332], [7450], [2658], [3105], [6387], [335], [3077], [3162], [154], [2100], [1432], [177], [1559], [3791], [3688], [3690], [836], [1906], [3958], [3725], [338], [114548], [4982], [2157], [4843], [282617], [3039], [2335], [54106], [2321], [1471], [3627], [7132], [7098], [11093], [285], [83700], [7412], [7057], [3685], [302], [6401], [4049], [30835], [23586], [6382], [79001], [5624], [5340], [2162], [5327], [3767], [59067], [3456], [2149], [551], [9332], [7037], [7056], [659], [284], [2159], [6833], [4691], [3439], [51561], [406992], [100048912], [2776], [5045], [7010], [3676], [2161], [64805], [1282], [387715], [7439], [6890], [406907], [4599], [7448], [57506], [406950], [2026], [9636], [12], [6356], [51311], [29102], [2050], [1215], [5730], [3426], [57674], [282618], [7177], [6281], [10507], [5345], [406909], [54795], [81793], [965], [10562], [406980], [3384], [406908], [1153], [8720], [10267], [3696], [3451], [2804], [55249]]
Thrombocythemias Primary:[[1545], [4790], [857], [4615], [3592], [3575], [3119], [6775], [2324], [6774], [57082], [19], [7132], [284403], [3123], [7127], [8091], [94103], [4609], [22995], [3595], [3717], [23534], [5594], [100048912], [3663], [7010], [22806], [4616], [23645], [1629], [7157], [335], [1737], [941], [3759], [7414], [4000], [3569], [5663], [1956], [10642], [1896], [7412], [7124], [348], [4170], [7422], [3117], [958], [7040], [4524], [3559], [643], [3593], [7139], [6850], [5566], [7253], [7128], [2064], [10018], [2099], [3091], [652], [3586], [1636], [351], [672], [858], [1814], [88], [3115], [4053], [4318], [9370], [51300], [5243], [1401], [3845], [367], [673], [627], [207], [7273], [7421], [3553], [1029], [110806262], [1030], [5890], [5728], [5743], [1499], [7099], [6198], [4846], [1312], [1080], [4602], [3576], [6622], [5468], [6532], [3133], [7015], [659], [3574], [2491], [3106], [4137], [23274], [999], [59341], [2475], [1021], [3479], [4607], [29126], [596], [2057], [3952], [2146], [7852], [55876], [2944], [2624], [3458], [675], [6925], [4193], [4313], [1591], [80781], [6714], [5573], [920], [6335], [595], [9531], [5054], [1594], [5444], [10892], [1234], [6347], [1513], [3605], [4780], [1026], [332], [5290], [4879], [8557], [10133], [5820], [405], [406991], [6647], [7097], [942], [2950], [23411], [2952], [5664], [2147], [960], [7168], [4851], [1493], [4233], [472], [3105], [1813], [6387], [2153], [3146], [5071], [3077], [3683], [3815], [2908], [7515], [3162], [5970], [1565], [1557], [3383], [154], [6696], [5745], [1520], [355], [2100], [9966], [50943], [3606], [4990], [5925], [120892]]
Thrombocythemia Essential:[[3717], [811], [7422], [4524], [3569], [6774], [1401], [1499], [3479], [2146], [595], [3690], [2153], [2908], [4352], [2147], [7066], [2100], [5371], [3934], [3417], [6280], [25], [2152], [598], [11200], [2155], [2068], [2688], [3674], [2623], [959], [8651], [5806], [9021], [7057], [6279], [171023], [3418], [6776], [4804], [613], [406986], [197], [54790], [7035], [407006], [5906], [23451], [3939], [57126], [3492], [9734], [4778], [3948], [79885]]
Idiopathic thrombocythaemia:[[3717], [2475], [6403], [4352], [5627], [7297]]
Essential thrombocythemia:[[3717], [4524], [7422], [3569], [6774], [1401], [1499], [811], [595], [2153], [2146], [2147], [2908], [2100], [3934], [3690], [3417], [2068], [4352], [25], [2152], [11200], [598], [959], [5371], [5806], [2155], [7057], [6280], [9021], [3418], [3674], [8651], [197], [613], [4804], [407006], [54790], [6279], [6776], [406986], [2623], [7035], [171023], [3939], [23451], [5906], [7066], [3492], [57126], [9734], [4778], [3948], [79885]]
Thrombocythemia Idiopathic:[[3717], [7422], [4524], [3569], [6774], [1401], [3479], [1499], [2100], [7066], [3690], [595], [2153], [2908], [2147], [3934], [2146], [2068], [4352], [9021], [6280], [10019], [2688], [5806], [7057], [8651], [3674], [6279], [3939], [9734]]
Idiopathic thrombocythemia:[[]]
Primary thrombocythaemia:[[3717], [2475], [7297], [811], [6403], [4352], [5627], [57126]]
Thrombocytoses Primary:[[1545], [4790], [857], [4615], [3592], [3575], [3119], [6775], [2324], [6774], [57082], [19], [7132], [284403], [3123], [7127], [8091], [94103], [4609], [22995], [3595], [3717], [23534], [5594], [100048912], [3663], [7010], [22806], [4616], [23645], [1629], [7157], [335], [1737], [941], [3759], [7414], [4000], [3569], [5663], [1956], [10642], [1896], [7412], [7124], [348], [4170], [7422], [3117], [958], [7040], [4524], [3559], [643], [3593], [7139], [6850], [5566], [7253], [7128], [2064], [10018], [2099], [3091], [652], [3586], [1636], [351], [672], [858], [1814], [88], [3115], [4053], [4318], [9370], [51300], [5243], [1401], [3845], [367], [673], [627], [207], [7273], [7421], [3553], [1029], [110806262], [1030], [5890], [5728], [5743], [1499], [7099], [6198], [4846], [1312], [1080], [4602], [3576], [6622], [5468], [6532], [3133], [7015], [659], [3574], [2491], [3106], [4137], [23274], [999], [59341], [2475], [1021], [3479], [4607], [29126], [596], [2057], [3952], [2146], [7852], [55876], [2944], [2624], [3458], [675], [6925], [4193], [4313], [1591], [80781], [6714], [5573], [920], [6335], [595], [9531], [5054], [1594], [5444], [10892], [1234], [6347], [1513], [3605], [4780], [1026], [332], [5290], [4879], [8557], [10133], [5820], [405], [406991], [6647], [7097], [942], [2950], [23411], [2952], [5664], [2147], [960], [7168], [4851], [1493], [4233], [472], [3105], [1813], [6387], [2153], [3146], [5071], [3077], [3683], [3815], [2908], [7515], [3162], [5970], [1565], [1557], [3383], [154], [6696], [5745], [1520], [355], [2100], [9966], [50943], [3606], [4990], [5925], [120892]]
Essential thrombocytosis:[[3717], [4352], [3569], [1636], [4318], [1401], [367], [811], [3383], [5371], [2157], [2056], [3439], [9518], [57817], [54790], [3159], [23451], [7066], [171023], [2919], [1890], [57126], [51312]]
Thrombocytosis Primary:[[3717], [3569], [4352], [1401], [1636], [4318], [367], [3383], [811], [2157], [10019], [2056], [9518], [57817], [5371], [54790], [3159], [7066], [3439], [23451], [1361], [2919], [64805], [1890], [6402], [171023], [6427], [57126], [407020], [51312]]
Essential haemorrhagic thrombocythaemia:[[4352]]
Thrombocythemia Primary:[[3717], [6774], [811], [3569], [7422], [4524], [10019], [1401], [1499], [2146], [3479], [7066], [595], [2153], [2147], [2908], [2100], [3934], [3690], [3417], [2068], [25], [2152], [4352], [11200], [598], [959], [5371], [5806], [2155], [7057], [6280], [2688], [9021], [3418], [3674], [8651], [197], [613], [4804], [407006], [54790], [6279], [6776], [406986], [2623], [7035], [171023], [3939], [23451], [5906], [3492], [57126], [9734], [4778], [23189], [3948], [79885]]
Essential (hemorrhagic) thrombocythemia:[[3717], [4524], [7422], [3569], [1401], [3690], [2153], [2100], [7057]]
Essential hemorrhagic thrombocythemia:[[]]
Primary thrombocythemia:[[3717], [3479], [2688]]
Thrombocythemias Idiopathic:[[7015], [7827], [3123], [1080], [5159], [7157], [727897], [4137], [5155], [5071], [7124], [3117], [7422], [3569], [7040], [3480], [4524], [2099], [846], [3586], [1636], [2690], [6513], [7421], [4846], [6622], [348], [5460], [3952], [6774], [367], [3717], [4318], [2944], [1401], [3479], [3553], [2952], [5156], [23706], [2316], [1499], [5243], [6662], [120892], [3576], [6473], [7099], [9370], [4586], [3606], [3106], [207], [351], [1957], [6532], [5728], [5743], [3091], [3458], [2100], [50943], [627], [4790], [3135], [3605], [1029], [7852], [355], [673], [5054], [260402], [6347], [4313], [1394], [7515], [5468], [22925], [4282], [2475], [1312], [3077], [596], [406991], [26191], [1493], [675], [1543], [432400], [1234], [3119], [79679], [29126], [183], [3778], [177], [6696], [4314], [3557], [3690], [5133], [595], [3105], [3627], [3146], [5444], [10919], [1026], [5820], [353124], [282552], [100874532], [100190985], [100190785], [100188861], [780913], [8268], [4879], [4982], [4312], [2908], [6647], [3162], [920], [7097], [2950], [3383], [154], [2147], [960], [6331], [2153], [1460], [3565], [3759], [6575], [356], [1565], [64127], [472], [7132], [4582], [1906], [4153], [9582], [6531], [3815], [7490], [3934], [5970], [3596], [51738], [2247], [857], [3953], [2146], [6440], [90865], [10673], [54106], [114548], [6648], [929], [2260], [3107], [8626], [8743], [1277], [185], [2706], [836], [3630], [5241], [1588], [8600], [406938], [387], [659], [10665], [3043], [10413], [1559], [2332], [4843], [3791], [56729], [4128], [3552], [4000], [3075], [581], [11093], [6690], [2068], [5265], [5087], [2212], [10], [718], [54658]]
