Thromboangiitis obliterans [Buerger's disease]:[[3569], [4318], [6774], [4846], [3576], [3383], [1906], [2321], [7076], [7412], [6401], [2919]]
Disease Buerger's:[[4314], [3383], [5328], [4318], [4846], [4851], [3146], [5054], [3082], [3673]]
Buergers Disease:[[]]
THROMBOANGIITIS OBLITERANS:[[3569], [4318], [6774], [4846], [3576], [3383], [1906], [2321], [7076], [7412], [6401], [2919]]
Thromboangitis Obliterans:[[7422], [5335], [1435]]
BUERGER DISEASE:[[929], [4314], [4615]]
Thromboangiitis Obliterans:[[3569], [4318], [6774], [4846], [3576], [3383], [1906], [2321], [7076], [7412], [6401], [2919]]
Disease Buerger:[[4314], [929], [4615]]
Presenile gangrene:[[]]
Thromboangiitis obliterans:[[3569], [4318], [6774], [4846], [3576], [3383], [1906], [2321], [7076], [7412], [6401], [2919]]
Buerger's disease:[[4846], [5054], [4851], [3082], [4314], [5328], [3673]]
