Dermatophytosis of foot:[[348], [1673]]
Epidermophytosis pedis:[[]]
TP - Tinea pedis:[[]]
Tinea Pedis:[[]]
Ringworm of foot:[[1749], [7979], [8626], [7422], [3569], [7124], [348], [7421], [6463], [7040], [3091], [1401], [4318], [9370], [4846], [6774], [7097], [3576], [3952], [6347], [3717], [171157], [100049542], [100270800], [791123], [791121], [4879], [23411], [6387], [5054], [3146], [5444], [1234], [3209], [5290], [3815], [4851], [4233], [7450], [3383], [355], [1432], [335], [4982], [177], [54106], [1906], [5879], [8743], [1277], [3791], [6772], [56729], [2247], [6934], [2321], [4436], [4353], [7480], [3953], [6352], [796], [361], [356], [7076], [1803], [3596], [23586], [7298], [4018], [6285], [6280], [2312], [3685], [7048], [26226], [7046], [153842], [30835], [3066], [2162], [5327], [6279], [407006], [406986], [51284], [8314], [121278], [7078], [5155], [1965], [3439], [246778], [1048], [7042], [1673], [3574], [8542], [3716], [51776], [8945], [55600], [3190], [467], [1398], [7043], [112744], [1981], [9636], [6404], [4359], [4040], [57167], [1399], [7827], [4868], [7414], [3304], [6374], [10657], [1647], [1660], [4345], [1308], [54567], [5184], [9588], [10146], [2274], [9378], [889], [1605], [5420], [3191], [26580], [9289], [978], [407014], [574452], [3305], [950], [8751], [10970], [406999], [5297], [8880], [4703], [1627], [915], [51684], [5298], [3236], [6372], [482], [23192], [51574], [10054], [125050], [246213], [83872], [64236], [127833], [6468], [51435], [8506], [1750], [727857], [91966], [114134], [23109], [130271], [10391], [100500809], [114841038], [114827816], [114827815], [114827814], [114827813], [114827812], [114827811], [110121296], [110121295], [110121294], [110121293], [110121292], [192343]]
Athlete's foot:[[]]
Athletes Foot:[[]]
Athlete's Foot:[[]]
Foot ringworm:[[1749], [7979], [8626], [7422], [3569], [7124], [348], [7421], [6463], [7040], [3091], [1401], [4318], [9370], [4846], [6774], [7097], [3576], [3952], [6347], [3717], [171157], [100049542], [100270800], [791123], [791121], [4879], [23411], [6387], [5054], [3146], [5444], [1234], [3209], [5290], [3815], [4851], [4233], [7450], [3383], [355], [1432], [335], [4982], [177], [54106], [1906], [5879], [8743], [1277], [3791], [6772], [56729], [2247], [6934], [2321], [4436], [4353], [7480], [3953], [6352], [796], [361], [356], [7076], [1803], [3596], [23586], [7298], [4018], [6285], [6280], [2312], [3685], [7048], [26226], [7046], [153842], [30835], [3066], [2162], [5327], [6279], [407006], [406986], [51284], [8314], [121278], [7078], [5155], [1965], [3439], [246778], [1048], [7042], [1673], [3574], [8542], [3716], [51776], [8945], [55600], [3190], [467], [1398], [7043], [112744], [1981], [9636], [6404], [4359], [4040], [57167], [1399], [7827], [4868], [7414], [3304], [6374], [10657], [1647], [1660], [4345], [1308], [54567], [5184], [9588], [10146], [2274], [9378], [889], [1605], [5420], [3191], [26580], [9289], [978], [407014], [574452], [3305], [950], [8751], [10970], [406999], [5297], [8880], [4703], [1627], [915], [51684], [5298], [3236], [6372], [482], [23192], [51574], [10054], [125050], [246213], [83872], [64236], [127833], [6468], [51435], [8506], [1750], [727857], [91966], [114134], [23109], [130271], [10391], [100500809], [114841038], [114827816], [114827815], [114827814], [114827813], [114827812], [114827811], [110121296], [110121295], [110121294], [110121293], [110121292], [192343]]
Athlete Foot:[[]]
Tinea pedis:[[]]
