Meningoencephalitis due to acquired toxoplasmosis:[[]]
Toxoplasma meningoencephalitis:[[]]
Toxoplasma encephalitis:[[7124], [4318], [3569], [3458], [3553], [6347], [4313], [7097], [3383], [114548], [6772], [30835], [2335], [6352], [3627], [3572]]
TE - Toxoplasma encephalitis:[[4318], [3569], [3572]]
Toxoplasmosis Cerebral:[[3586], [3458], [5027]]
Cerebral toxoplasmosis:[[]]
Acquired toxoplasmal meningoencephalitis:[[4204]]
Toxoplasmosis encephalitis:[[3586], [3458], [1234], [3119]]
Meningoencephalitis due to toxoplasmosis:[[]]
Toxoplasmoses Cerebral:[[351], [889], [11235], [83605], [348], [3569], [8314], [4854], [3845], [1471], [7124], [7422], [4524], [5414], [7157], [4318], [1401], [7040], [8848], [4846], [55177], [4137], [3091], [5654], [441549], [3717], [1956], [7099], [627], [1636], [5295], [6532], [2099], [3586], [2147], [5243], [3553], [56934], [1813], [4790], [3576], [2064], [5728], [5743], [81618], [9370], [23378], [2153], [4879], [3383], [1499], [6774], [367], [207], [5444], [6347], [1312], [7421], [590], [5468], [6647], [5663], [3479], [4313], [183], [6622], [1557], [3458], [60502], [177], [3162], [3952], [7097], [7852], [5594], [2944], [338], [5621], [84547], [5054], [4208], [3146], [1906], [6285], [100820758], [7450], [6513], [23411], [11277], [4851], [6387], [85442], [3605], [2348], [335], [5290], [2952], [581], [140706], [3688], [960], [7276], [3606], [341], [3565], [2571], [4763], [10452], [3082], [2908], [7515], [23435], [4843], [5970], [857], [6696], [355], [2100], [3690], [11093], [5925], [120892], [51148], [217], [6648], [1432], [406938], [4035], [6531], [3480], [142], [8743], [2157], [3791], [9911], [185], [7080], [3672], [1191], [2244], [836], [3630], [8243], [4282], [328], [1543], [3417], [114548], [3949], [387], [4153], [6667], [10135], [9429], [4312], [6772], [3557], [3486], [4023], [1815], [3627], [3356], [6657], [1071], [4255], [4088], [1268], [4982], [2332], [1277], [19], [2247], [6934], [3552], [4204], [196], [406947], [958], [3064], [1116], [682], [3240], [2321], [5329], [59272], [4852], [4436], [2697], [23621], [2152], [4314], [8074], [56729], [361], [4128], [6352], [3014], [5159], [4089], [959]]
Toxoplasmosis of brain:[[3586], [3458], [1234], [5027], [100507436], [51752], [51135], [239]]
