Turner Syndrome:[[4524], [7421], [627], [367], [50943], [6331], [3757], [26191], [3486], [5460], [331], [2690], [268], [9365], [5770], [6473], [6736], [1594], [6103], [7403], [8239], [2488], [84433], [8835], [7258], [4650], [1617], [6191], [6474], [57623], [107652445], [57393], [6192], [80258]]
Turner syndrome:[[4524], [7421], [627], [367], [50943], [6331], [3757], [26191], [3486], [5460], [331], [2690], [268], [9365], [5770], [6473], [6736], [1594], [6103], [7403], [8239], [2488], [84433], [8835], [7258], [4650], [1617], [6191], [6474], [57623], [107652445], [57393], [6192], [80258]]
Ullrich Turner Syndrome:[[]]
Ullrich-Turner Syndrome:[[]]
Turner's syndrome unspecified:[[]]
Turner's syndrome:[[]]
TS - Turner's syndrome:[[]]
Karyotype 45 X:[[7157], [1029], [7015], [3091], [207], [3717], [142], [7490], [3417], [861], [9429], [10413], [1788], [3418], [604], [2078], [1464]]
Turner's Syndrome:[[]]
Turners Syndrome:[[]]
Pterygolymphangiectasia syndrome:[[3757], [1280], [114548], [3753], [2074], [7157], [348], [1281], [51085], [546], [80184], [7466], [3845], [673], [8481], [5728], [8195], [7486], [641], [2706], [2317], [4292], [91147], [8626], [1540], [4000], [54658], [1161], [7490], [2033], [6331], [4023], [1071], [5781], [4436], [2263], [3643], [7291], [3784], [2261], [2260], [582], [10806], [8085], [10083], [367], [4683], [207], [84062], [3123], [7468], [4647], [4952], [2200], [1029], [7399], [4810], [201163], [2969], [10804], [6949], [7227], [2492], [775], [7840], [2316], [5428], [3730], [5080], [585], [1278], [54487], [5604], [55612], [2121], [811], [5290], [132884], [4281], [116442], [84100], [2812], [5077], [64127], [79068], [6663], [783], [338], [57167], [1130], [9968], [2332], [1277], [3990], [10743], [7456], [19], [2122], [3265], [6737], [84059], [6741], [3481], [6513], [4089], [23111], [2646], [356], [1285], [1387], [26585], [8976], [7504], [1827], [331], [23405], [9401], [65217], [4893], [672], [4692], [9569], [5894], [4277], [6774], [3117], [1401], [1788], [7401], [7128], [3570], [545], [10163], [583], [10682], [124590], [129880], [54808], [27241], [2138], [79738], [4137], [2475], [60], [3897], [5159], [1364], [8091], [5885], [79803], [2811], [2956], [9993], [5460], [4286], [675], [3717], [8220], [80144], [80025], [999], [3973], [79621], [4193], [64135], [1145], [55212], [2645], [27031], [4851], [1493], [10535], [2131], [1910], [7122], [9031], [4853], [1134], [2146], [100188856], [355], [50943], [105259599], [2153], [9652], [10908], [3664], [7020], [8214], [5308], [10062], [8517], [5076], [27019], [5189], [5395], [1287], [1906], [25825], [3759]]
