Urinary incontinence:[[348], [2099], [7040], [367], [4313], [5594], [2100], [4312], [1277], [5595], [1588], [3356], [1586], [2629], [2885], [7077], [4852], [7078], [1281], [2], [1634], [359], [407050], [7432], [824], [831], [7433], [5104], [9509], [9527], [89932]]
Urine incontinence:[[7040], [4313], [1277], [7077], [359], [1634], [407050]]
Incontinence of urine:[[7040], [4313], [1277], [7077], [359], [1634], [407050]]
Leaking of urine:[[3569]]
Unable to hold urine:[[7157], [3845], [4524], [4846], [406991], [332]]
Bladder: incontinent:[[4312], [7076]]
Lack of bladder control:[[4609], [3106], [8626], [7015], [3845], [10], [7157], [1956], [3107], [7124], [7040], [7422], [3569], [5925], [4524], [2064], [2099], [348], [5728], [7099], [3091], [3586], [1029], [2944], [2648], [5468], [673], [207], [4846], [6774], [960], [627], [1026], [367], [1588], [4790], [7421], [4318], [999], [3265], [1499], [351], [2475], [3576], [596], [2952], [672], [4193], [3481], [5290], [7852], [595], [29126], [1312], [6347], [4313], [332], [2950], [6387], [857], [3559], [5243], [7515], [1636], [2100], [1543], [3553], [3479], [1027], [4780], [6648], [675], [1493], [1080], [3458], [4233], [4312], [8743], [1234], [3815], [406938], [2908], [1906], [3480], [5970], [3605], [472], [5054], [50943], [4582], [3162], [6622], [355], [3717], [3135], [79068], [7097], [841], [3075], [3791], [3688], [4843], [81037], [3606], [4000], [3565], [3953], [2068], [149233], [6714], [4292], [3119], [3077], [3356], [4968], [2332], [4282], [406947], [3552], [11200], [2147], [6647], [5879], [142], [1756], [1728], [4288], [120892], [4255], [54106], [387], [2625], [5071], [324], [7291], [4436], [2697], [6772], [4982], [5133], [177], [2308], [154], [8600], [3557], [929], [338], [3082], [7161], [4128], [6597], [4314], [7450], [328], [10135], [1268], [22943], [5027], [6352], [4204], [85363], [2263], [1565], [861], [5460], [6786], [25], [356], [183], [6513], [1191], [196], [650], [217], [1111], [2065], [7442], [6502], [26191], [64127], [3558], [3627], [7057], [3685], [545], [1385], [6935], [1277], [894], [5176], [9518], [6657], [4089], [8678], [4210], [5888], [2272], [4893], [718], [5663]]
Loss of bladder control:[[4609], [2261], [8626], [3106], [7015], [983], [3845], [7157], [10], [5925], [1956], [3107], [8792], [7422], [3569], [7040], [4524], [7124], [3091], [3105], [2147], [2153], [898], [6774], [367], [4318], [207], [4790], [348], [5728], [5743], [283120], [1499], [2064], [1029], [4846], [1588], [3576], [5468], [2099], [7099], [999], [3481], [2475], [3586], [596], [7852], [2944], [4193], [4313], [10460], [595], [673], [1026], [7421], [5290], [3426], [960], [627], [2255], [3265], [4851], [29126], [351], [4780], [672], [3553], [2952], [1401], [1636], [2950], [3479], [2100], [10413], [406991], [857], [675], [4233], [5054], [1080], [6347], [1027], [1312], [4312], [5243], [1163], [3458], [6622], [23411], [3480], [6648], [2146], [6387], [50943], [3688], [5594], [332], [472], [1786], [8743], [7430], [836], [4627], [5970], [1493], [3559], [3690], [4803], [6790], [2932], [7515], [1030], [6714], [3717], [355], [335], [3135], [1906], [3383], [4000], [581], [3552], [4582], [6647], [4221], [3162], [6667], [1869], [142], [387], [3146], [406937], [120892], [7291], [79068], [4982], [407040], [5747], [11200], [1543], [114548], [2308], [5071], [8600], [3606], [3934], [3791], [4282], [2625], [2697], [3082], [22894], [2305], [100507436], [648], [7097], [7450], [3605], [3075], [324], [1756], [1234], [2332], [6662], [6772], [6696], [4292], [7161], [4843], [4204], [3356], [5595], [54106], [6597], [23435], [308], [1432], [3815], [5027], [2908], [4170], [4255], [3557], [841], [4436], [1557], [5329], [406947], [2247], [2260], [3119], [177], [860], [154], [5879], [861], [4968], [5444], [338], [6615]]
Unable to prevent bladder emptying:[[]]
Involuntary urination:[[]]
Weak bladder:[[4609], [7015], [8742], [7157], [6563], [4524], [5925], [1956], [3569], [7422], [3265], [7040], [3091], [5743], [367], [7124], [7099], [2099], [2064], [348], [6774], [4318], [1029], [999], [2475], [1544], [596], [207], [4790], [7430], [3576], [5468], [1499], [2944], [3775], [7852], [7421], [4193], [1312], [4313], [7361], [2950], [673], [2952], [1026], [7515], [627], [960], [1636], [5594], [2146], [6347], [4780], [1401], [857], [2100], [4288], [351], [3815], [3162], [1493], [3479], [1080], [3106], [5054], [3135], [6513], [4582], [2068], [328], [3958], [3383], [6790], [5444], [3606], [6647], [3458], [3605], [5133], [4843], [1728], [5329], [2263], [11186], [6667], [929], [324], [2260], [4292], [79068], [7424], [28], [114548], [2065], [1565], [5578], [4436], [6469], [3934], [7076], [864], [23405], [5747], [5879], [155], [7450], [2153], [768], [338], [11200], [3953], [64127], [4170], [196], [2335], [7132], [1950], [154], [6934], [183], [3757], [6657], [90865], [4204], [6615], [177], [7057], [3417], [10135], [22943], [7431], [2332], [2157], [19], [4904], [100507436], [718], [3596], [1019], [4763], [4128], [3558], [2539], [3784], [5265], [7052], [6794], [2052], [5580], [301], [2521], [100506885], [2212], [2150], [4548], [6662], [6401], [30835], [2078], [1586], [3932], [6597], [540], [4311], [5806], [7128], [11315], [4804], [6786], [947], [9212], [604], [135], [847], [2017], [1050], [775], [3716], [1673], [5610], [6817], [10763], [5053], [3190], [2938], [5430], [940], [8517], [3880], [284], [5175], [632], [252995], [5155], [10664], [6716], [2690], [3624], [6117], [6364]]
Unable to hold fluids:[[]]
Urinary Incontinence:[[348], [2099], [7040], [367], [4313], [5594], [2100], [4312], [1277], [5595], [1588], [3356], [1586], [2629], [2885], [7077], [4852], [7078], [1281], [2], [1634], [359], [407050], [7432], [824], [831], [7433], [5104], [9509], [9527], [89932]]
Bladder incontinence:[[7040], [367], [2099], [348], [4313], [5594], [4312], [2100], [5595], [1277], [3356], [1588], [2885], [7077], [2629], [1586], [1634], [7078], [1281], [2], [824], [215], [407050], [7432], [831], [7433], [5104], [9509], [9527], [117154], [89932]]
Urinary incontinence unspecified:[[2099], [348], [7040], [367], [5594], [5595], [2885], [2100], [2]]
Absence of bladder continence:[[]]
UI - Urinary incontinence:[[2099], [3356]]
Unable to control bladder:[[4609], [7015], [7157], [3845], [1956], [898], [7040], [3569], [4524], [7124], [3091], [207], [1588], [367], [7099], [2099], [5743], [348], [4846], [1029], [4193], [3586], [2475], [596], [7852], [2944], [5290], [1026], [7421], [332], [1312], [2952], [5243], [1543], [1401], [3479], [406991], [3162], [2932], [81037], [3690], [581], [1234], [6696], [335], [3077], [149233], [120892], [406938], [2308], [6647], [860], [54106], [154], [3958], [4323], [7161], [85363], [3949], [861], [9429], [5621], [6513], [10891], [1191], [1565], [1958], [6502], [1557], [1385], [4803], [1111], [5888], [255738], [2335], [958], [1950], [3596], [5562], [407006], [5580], [7428], [3064], [8878], [6794], [2322], [3570], [4297], [10664], [3417], [3084], [60489], [331], [4893], [84868], [2784], [25939], [3014], [558], [7520], [5654], [1586], [3491], [6402], [540], [2547], [4613], [1978], [5428], [842], [1236], [9332], [1028], [590], [2073], [5725], [8945], [5335], [896], [641], [340061], [2166], [9423], [6925], [919], [8792], [6688], [64135], [912], [9076], [11156], [3965], [1445], [11132], [3728], [57379], [51752], [3206], [406], [6497], [9173], [51311], [81631], [7465], [56606], [5074], [1647], [5997], [7391], [6773], [10856], [4928], [1452], [9619], [4149], [8065], [9846], [1066], [10075], [4921], [9217], [51141], [7343], [10728], [8914], [55612], [6424], [10577], [64699], [51085], [64167], [1846], [25818], [26058], [5655], [3207], [10243], [4641], [10212], [26119], [5528], [9470], [4430], [91746], [8934], [219736], [23268]]
Unspecified urinary incontinence:[[2099], [348], [7040], [367], [5594], [5595], [2885], [2100], [2]]
