Not passing urine:[[4318], [1576], [9073]]
Retention of urine unspecified:[[7157], [1956], [7040], [7015], [960], [2321], [3482], [2923], [7529], [6423]]
Urinary Retention:[[]]
Unable to void urine:[[]]
Unable to empty bladder:[[1956], [154]]
Urinary retention:[[]]
Bladder retention of urine:[[2261], [7015], [358], [7157], [1956], [4318], [7040], [3569], [10894], [6696], [627], [4313], [5290], [2950], [203228], [960], [1906], [3146], [1401], [7076], [2078], [10855], [3627], [2896], [3953], [1756], [2321], [7153], [567], [22914], [4363], [9365], [6376], [3482], [51129], [3624], [3037], [9423], [10257], [10971], [7030], [7529], [214], [6423], [554], [10551], [79054], [2923], [4171], [123], [6550], [10699], [8320]]
Cannot pass urine - retention:[[1576], [7153]]
Retention of urine:[[358], [10894], [7157], [1956], [4318], [7040], [3569], [7015], [203228], [627], [6696], [1401], [1906], [4313], [5290], [2950], [3146], [960], [2261], [7076], [2078], [7369], [57817], [3627], [1576], [2321], [1756], [8074], [3953], [10855], [2896], [6521], [5340], [567], [9365], [7153], [4363], [1280], [22914], [6376], [51129], [359], [3624], [3482], [10971], [10257], [9423], [554], [7529], [3037], [2923], [7827], [214], [79054], [4171], [7030], [10551], [6423], [123], [56302], [794], [6550], [8029], [10699], [8320]]
Unable to pass urine:[[6696], [9332], [5020]]
