Varicose veins NOS:[[7422], [3091], [3791]]
VARICOSE VEINS:[[7422], [3091], [4524], [4318], [619537], [596], [4313], [5054], [3077], [3383], [6696], [4312], [3690], [1906], [4314], [3791], [10891], [2200], [2034], [7077], [4316], [4548], [7078], [1281], [9575], [1910], [59], [1909], [5451], [2303], [4256], [54567], [574448], [7075], [8076], [23336], [55109]]
Venous varices:[[7422], [7124], [7040], [3162], [3606], [213], [3039]]
Varicose vein:[[7422], [7040], [4524], [2099], [4318], [367], [4312], [5241], [2034], [7077], [8826], [60674], [8076], [724031]]
Varix:[[57016]]
Varicosities:[[4137], [2688], [4852], [3814], [5023], [9607], [2691], [6866]]
Vein Varicose:[[7422], [4524], [4318], [7040], [3091], [5054], [1906], [3383], [2099], [4313], [367], [4312], [3791], [4314], [3690], [6696], [7077], [3725], [2034], [5241], [10891], [7078], [1910], [1281], [9575], [8826], [2303], [4016], [60674], [1909], [54567], [8076], [7075], [23336], [724031]]
Venous ectasia:[[7124], [3569], [4318], [5054], [4846], [1906], [3958], [6403], [4314], [3684], [51129], [5196]]
Varices:[[7422], [7124], [7040], [3162], [3606], [3039], [213], [5265], [9332]]
Phlebectasia:[[538]]
Venous varicosities:[[]]
Varicose veins:[[7422], [3091], [4524], [4318], [619537], [596], [4313], [5054], [3077], [3383], [6696], [4312], [3690], [1906], [4314], [3791], [10891], [2200], [2034], [7077], [4316], [4548], [7078], [1281], [9575], [1910], [59], [1909], [5451], [2303], [4256], [54567], [574448], [7075], [8076], [23336], [55109]]
Veins Varicose:[[619537], [7422], [3091], [4318], [4524], [7040], [4313], [5054], [596], [4312], [6696], [3077], [4314], [3383], [3690], [1906], [3791], [7077], [10891], [2034], [2200], [4316], [4548], [7078], [1281], [9575], [1910], [2303], [59], [1909], [5451], [4256], [54567], [574448], [8076], [23336], [7075], [55109]]
Uneven venous ectasia:[[]]
