Vasculitides Cutaneous Leukocytoclastic:[[]]
Vasculitis Leukocytoclastic Cutaneous:[[3123], [7450]]
Vasculitis Hypersensitivity:[[3123], [7124], [3117], [6347], [7099], [3553], [718], [3605], [2908], [3146], [3075], [177], [3606], [4282], [64127], [114548], [929], [10673], [2212], [2149], [7100], [727897], [1901], [2215]]
Cutaneous Angiitides Allergic:[[3106], [85480], [6404], [3558], [7124], [4609], [3105], [3586], [7422], [1956], [7099], [3119], [7040], [3596], [114548], [3605], [3569], [10850], [50943], [6774], [3107], [79068], [4790], [29126], [3091], [3576], [3117], [7097], [3458], [3123], [7421], [3909], [4318], [9370], [3606], [3553], [4846], [4313], [3565], [7077], [59067], [5133], [3135], [5054], [1080], [596], [406991], [4851], [5243], [54106], [7098], [920], [3952], [2944], [3383], [7010], [999], [6347], [3717], [5594], [1493], [90865], [2952], [196], [5444], [2625], [2950], [6387], [1906], [3162], [5970], [4843], [3559], [406947], [1432], [718], [3958], [2150], [8743], [3725], [3557], [857], [959], [3627], [841], [4153], [3065], [1116], [5578], [387], [7076], [1803], [9021], [8600], [958], [50616], [3953], [3593], [943], [7442], [2309], [3620], [2212], [10673], [820], [84868], [7057], [729230], [6280], [4842], [8837], [133], [1673], [2833], [51284], [3329], [51561], [3574], [3662], [6356], [3002], [4852], [386653], [3439], [4804], [54790], [406935], [8877], [1232], [6361], [407008], [10892], [1269], [834], [6869], [54210], [112744], [6362], [1233], [6863], [961], [2208], [2923], [406982], [5008], [6367], [29851], [2209], [6097], [406995], [1755], [6095], [6366], [10344], [80380], [55894], [3918], [133396], [1583], [2220], [8764], [7177], [640], [6045], [84433], [29949], [7434], [116844], [6375], [4099], [54898], [2826], [4147], [192343]]
Cutaneous hypersensitivity vasculitis:[[]]
Leukocytoclastic angiitis:[[3123]]
Vasculitides Cutaneous Allergic:[[54106]]
Leucocytoclastic angiitis:[[3123]]
Leucocytoclastic vasculitis:[[3123], [5265], [3569], [2157], [7124], [3117], [7422], [3586], [1401], [6347], [7099], [3553], [4353], [4846], [2475], [596], [3383], [1493], [3605], [3146], [4855], [1234], [7097], [3075], [2147], [177], [2908], [3606], [4282], [718], [7450], [183], [64127], [26191], [114548], [929], [10673], [6280], [2321], [5806], [4314], [7132], [7076], [1803], [90865], [57817], [406937], [285], [3559], [5657], [7412], [2212], [3115], [9332], [3689], [6376], [2214], [1302], [5340], [6401], [3570], [6279], [6868], [3329], [7172], [2149], [4973], [2113], [1524], [1536], [301], [85480], [6288], [51438], [3663], [3290], [1673], [7186], [3624], [8741], [710], [8848], [4907], [1003], [2621], [6364], [10563], [3554], [9235], [7001], [1440], [7100], [8742], [8325], [83259], [3603], [727897], [1901], [2215], [3920], [4283], [27328], [4478], [8771], [653361], [953], [6283], [55937], [103910], [3426], [7484], [4068], [11277], [93663], [6367], [57126], [407037], [23495], [9255], [3560], [51330], [6373], [10507], [25878], [10318], [51816], [3998], [84056], [9294], [6349], [84166], [90316], [140886], [158521], [256394], [1776], [114897], [407], [8974], [53336], [8698], [9169], [693219]]
Cutaneous small vessel vasculitis:[[6347], [7422], [7124], [4846], [3569], [7099], [3586], [3605], [3553], [3383], [2321], [7097], [718], [7450], [90865], [2113], [7076], [5806], [3329], [6401], [11277], [3920], [51330]]
Leukocytoclastic Angiitis Cutaneous:[[3123]]
Vasculitides Hypersensitivity:[[3146], [54106], [7297]]
Leukocytoclastic vasculitis:[[7450], [6376], [1524]]
Maladie trisymptome:[[440275]]
Hypersensitivity Angiitides:[[]]
Hypersensitivity angiitis unspecified:[[]]
Allergic vasculitis:[[85480], [3123], [3117], [7124], [3586], [3569], [7099], [7422], [3605], [7097], [6347], [3606], [1401], [4846], [929], [3383], [1493], [3553], [90865], [2475], [596], [718], [3146], [64127], [114548], [26191], [10673], [6280], [7076], [3559], [1803], [6376], [1524], [7412], [2212], [3115], [3570], [3689], [6868], [3329], [1673], [3290], [3603], [710], [3554], [7100], [2215], [6367], [6283], [6373]]
Hypersensitivity angiitis:[[]]
Vasculitis Cutaneous Allergic:[[85480], [3123], [7124], [3117], [3586], [7099], [7422], [3569], [3605], [114548], [7097], [3606], [6347], [3553], [4846], [3383], [596], [1493], [718], [90865], [3559], [10673], [7076], [1803], [6280], [2212], [1673], [3329], [6367]]
Cutaneous Angiitis Allergic:[[3123]]
Cutaneous leucocytoclastic angiitis:[[3123]]
Cutaneous leukocytoclastic angiitis:[[3123]]
Hypersensitivity vasculitis:[[]]
Trisymptome:[[]]
Hypersensitivity Angiitis:[[]]
Leukocytoclastic Angiitides Cutaneous:[[]]
