Vertigo (spinning sensation):[[]]
Vertigos Subjective:[[348], [3569], [6532], [627], [351], [1312], [5728], [7099], [4313], [4988], [1813], [2908], [154], [6531], [3630], [1588], [3356], [1815], [4128], [5021], [135], [2641], [121278], [5443], [406986], [9575], [7166], [885], [2555], [151], [8864], [5697], [255239], [1201], [1141], [8973], [1142], [2565], [153396]]
Spinning Sensations:[[]]
Subjective vertigo:[[]]
Vertigo Subjective:[[154]]
Spinning Sensation:[[]]
Vertigo NOS:[[23411], [154]]
Vertigos:[[]]
Feel I'm spinning round:[[]]
Rotatory vertigo:[[]]
Rotation of self:[[7124], [1956], [5243], [367], [920], [3480], [1789], [2690], [4914], [84876], [4352], [1291], [5631], [29899]]
Rotary vertigo:[[]]
Vertigo:[[100313948], [23411], [154], [5241], [153], [619536], [4852], [842], [773], [4317], [406910], [406911], [148], [1690], [406912], [574034], [785], [161497], [55800]]
