MACULAR DYSTROPHY VITELLIFORM 2:[[7439], [5961], [54831], [144453], [266675], [7438], [5654], [50939], [3617]]
Best vitelliform macular dystrophy:[[7439], [144453]]
VMD2:[[7439], [54831], [10461], [5961], [144453], [266675]]
Disease Best:[[7439], [1493], [5979], [348], [5071], [3586], [1029], [3123], [4137], [3717], [24], [6387], [335], [3569], [338], [7422], [3107], [5664], [3558], [26191], [1401], [1956], [116519], [3570], [345], [3990], [100048912], [4582], [3383], [7124], [337], [5663], [7040], [4524], [3559], [1636], [5243], [367], [4318], [9370], [7157], [7077], [7015], [3595], [3458], [4851], [1813], [3146], [3630], [3156], [4000], [1471], [114548], [2033], [8635], [3039], [2321], [4353], [354], [672], [2064], [6794], [2625], [207], [65018], [3845], [673], [6868], [197], [5728], [1499], [627], [26291], [103], [5468], [6532], [4879], [7535], [5743], [5080], [3040], [7099], [64167], [7345], [1312], [102], [3576], [29126], [2670], [7042], [1437], [675], [3479], [84570], [596], [3952], [2], [54209], [7852], [4313], [1137], [2147], [960], [4780], [3567], [5290], [2950], [23411], [3965], [3662], [4233], [3606], [3815], [7515], [1565], [5133], [1432], [781], [238], [183], [51738], [4292], [4208], [282617], [3417], [4255], [8743], [5076], [3934], [23435], [3791], [3725], [185], [4869], [22861], [4282], [406938], [4288], [54658], [3082], [25], [2322], [410], [1277], [7428], [2247], [1577], [1815], [3265], [10891], [2067], [56729], [407040], [328], [7076], [11200], [1803], [7298], [7139], [796], [1545], [5465], [22943], [7431], [3055], [2200], [378938], [22880], [9518], [4297], [7412], [6280], [4893], [5062], [4316], [7189], [4615], [6323], [2065], [5295], [613], [4157], [593], [2641], [7137], [768], [216], [7249], [1814], [2305], [174], [125], [7273], [4852], [6288], [3418], [5770], [1139], [358], [3897]]
MACULAR DEGENERATION POLYMORPHIC VITELLINE:[[]]
Best Vitelliform Macular Dystrophy:[[7439], [144453]]
Vitelliform Dystrophy:[[7439], [5961], [7438], [54831], [144453], [266675], [3617], [50939], [5654], [1642]]
Vitelliform Macular Dystrophy:[[7439], [7438], [5961], [54831], [144453], [266675], [5654], [3617], [50939]]
Vitelliform dystrophy:[[7439], [5961], [7438], [54831], [144453], [266675], [3617], [50939], [5654], [1642]]
Vitelliform macular dystrophy:[[7439], [7438], [5961], [54831], [144453], [266675], [5654], [3617], [50939]]
Best disease:[[7439], [1493], [5979], [348], [5071], [3586], [1029], [3123], [4137], [3717], [24], [6387], [335], [3569], [338], [7422], [3107], [5664], [3558], [26191], [1401], [1956], [116519], [3570], [345], [3990], [100048912], [4582], [3383], [7124], [337], [5663], [7040], [4524], [3559], [1636], [5243], [367], [4318], [9370], [7157], [7077], [7015], [3595], [3458], [4851], [1813], [3146], [3630], [3156], [4000], [1471], [114548], [2033], [8635], [3039], [2321], [4353], [354], [672], [2064], [6794], [2625], [207], [65018], [3845], [673], [6868], [197], [5728], [1499], [627], [26291], [103], [5468], [6532], [4879], [7535], [5743], [5080], [3040], [7099], [64167], [7345], [1312], [102], [3576], [29126], [2670], [7042], [1437], [675], [3479], [84570], [596], [3952], [2], [54209], [7852], [4313], [1137], [2147], [960], [4780], [3567], [5290], [2950], [23411], [3965], [3662], [4233], [3606], [3815], [7515], [1565], [5133], [1432], [781], [238], [183], [51738], [4292], [4208], [282617], [3417], [4255], [8743], [5076], [3934], [23435], [3791], [3725], [185], [4869], [22861], [4282], [406938], [4288], [54658], [3082], [25], [2322], [410], [1277], [7428], [2247], [1577], [1815], [3265], [10891], [2067], [56729], [407040], [328], [7076], [11200], [1803], [7298], [7139], [796], [1545], [5465], [22943], [7431], [3055], [2200], [378938], [22880], [9518], [4297], [7412], [6280], [4893], [5062], [4316], [7189], [4615], [6323], [2065], [5295], [613], [4157], [593], [2641], [7137], [768], [216], [7249], [1814], [2305], [174], [125], [7273], [4852], [6288], [3418], [5770], [1139], [358], [3897]]
Early-onset vitelliform macular dystrophy:[[7439], [5654]]
BEST MACULAR DYSTROPHY:[[7439], [7422], [144453], [24], [7157], [7040], [6103], [7124], [4313], [9370], [4780], [285440], [7077], [6121], [7042], [192343]]
Macular Dystrophy Best:[[7439], [7422], [144453], [24], [7157], [7040], [6103], [7124], [4313], [9370], [4780], [285440], [7077], [6121], [7042], [192343]]
BMD:[[1756], [7439], [2099], [3569], [348], [7421], [7040], [4524], [7124], [9370], [7422], [3479], [1636], [1312], [3952], [4982], [1277], [367], [4846], [5468], [6532], [3458], [2908], [51738], [6696], [5054], [8600], [5444], [3383], [142], [1565], [1557], [2100], [1588], [3480], [1559], [79068], [860], [3791], [3557], [4041], [2322], [2247], [3552], [50964], [26191], [10891], [632], [2778], [3315], [3953], [1586], [4088], [2260], [1803], [4763], [846], [2638], [958], [80339], [7253], [197], [6462], [5741], [22943], [5727], [79001], [4087], [7077], [249], [51384], [26291], [6720], [3484], [5617], [3485], [246], [182], [8792], [9076], [1269], [6422], [55600], [2660], [1513], [27178], [4261], [10447], [51094], [239], [2101], [4547], [4208], [4040], [89780], [1081], [2875], [7067], [1734], [2170], [2303], [23314], [5697], [7049], [3672], [4920], [9970], [7436], [54], [7252], [5346], [7799], [7227], [9241], [406922], [2317], [7839], [366], [1186], [406972], [56172], [392], [84870], [10220], [23274], [7480], [3431], [8482], [3381], [55366], [79974], [55811], [4969], [79971], [729], [25797], [9687], [4038], [80271], [143098], [222545], [170692], [58472], [9453], [50650], [339479], [80114], [3233], [9350], [10861], [146691], [63923], [6775094]]
Vitelliform Macular Dystrophies:[[7439], [5961], [3617]]
Macular Degeneration Polymorphic Vitelline:[[]]
Disease Best's:[[7439]]
Polymorphic vitelline macular degeneration:[[]]
