CEREBROOCULAR DYSPLASIA-MUSCULAR DYSTROPHY SYNDROME:[[4000], [8626], [7157], [2697], [7040], [2475], [3908], [6663], [4851], [7422], [3339], [7048], [6696], [4790], [6786], [4313], [2335], [5566], [3553], [10269], [596], [2908], [7076], [4282], [1674], [7137], [1490], [7077], [84876], [406989], [10468]]
Syndrome COD-MD:[[7374]]
Hydrocephalus agyria and retinal dysplasia:[[]]
Warburg Syndrome:[[7157], [5728], [7486], [2260], [2332], [6513], [6774], [672], [1788], [2475], [4193], [4921], [7428], [3091], [1956], [7040], [5295], [25782], [22930], [4323], [6387], [22931], [4609], [4282], [6548], [4843], [5315], [6648], [3082], [3417], [7098], [10891], [128637], [406937], [6772], [8314], [5071], [3814], [5562], [682], [2078], [5777], [23396], [3418], [7351], [10273], [1410], [406910], [406985], [406935], [1282], [406989], [406881], [27086], [10585], [406995], [9353], [5160], [6091], [406919], [442890], [442906], [2218], [79147], [3316], [29954], [729920], [4351], [10678], [693177], [11041], [84197]]
Cerebroocular Dysplasia-Muscular Dystrophy Syndrome:[[4000], [8626], [7157], [2697], [7040], [2475], [3908], [6663], [4851], [7422], [3339], [7048], [6696], [4790], [6786], [4313], [2335], [5566], [3553], [10269], [596], [2908], [7076], [4282], [1674], [7137], [1490], [7077], [84876], [406989], [10468]]
HYDROCEPHALUS AGYRIA AND RETINAL DYSPLASIA:[[]]
Syndromes HARD:[[7157], [7040], [7422], [1401], [3091], [3162], [5594], [2944], [8074], [7137], [1188]]
Walker-Warburg congenital muscular dystrophy:[[2218], [79147], [29954], [10585], [729920], [84197], [11041]]
Hard E syndrome:[[7157], [3091], [1401], [5594], [3075], [7422], [7040], [63895], [2784], [2944], [3162], [1188], [4982], [8074], [7161], [1490], [650], [4041], [8600], [2304], [7137], [1739], [6664], [56975]]
Syndromes Pagon:[[7157], [7124], [7040], [1471], [3569], [56983], [7422], [5728], [4879], [1401], [3091], [6774], [3586], [3845], [4524], [7099], [3123], [4790], [672], [4318], [5243], [207], [351], [6532], [8626], [9370], [367], [673], [7421], [3553], [1029], [1557], [3106], [4846], [2475], [3717], [3479], [5290], [596], [3952], [7015], [7852], [4609], [3458], [675], [4137], [999], [3417], [114548], [29126], [3162], [5979], [2146], [5594], [2944], [472], [595], [4193], [3605], [7490], [1493], [2263], [861], [6347], [1026], [335], [332], [5781], [4149], [7450], [2952], [406991], [23411], [4000], [960], [1813], [6387], [3146], [3119], [3077], [3815], [7515], [1565], [6331], [4869], [355], [2932], [1432], [3480], [183], [2322], [142], [3690], [5133], [836], [4282], [1543], [406938], [3784], [3958], [2261], [5595], [3043], [4312], [8743], [2152], [7428], [3557], [3757], [338], [5747], [4893], [4255], [54658], [3265], [929], [54790], [4353], [2332], [1277], [4843], [11093], [3320], [6323], [3039], [406947], [2068], [5265], [7132], [6280], [54106], [1071], [4436], [2260], [23451], [11200], [2778], [1869], [8074], [56729], [3953], [4128], [1788], [3486], [4170], [57817], [3418], [4089], [959], [3643], [3627], [958], [255738], [7291], [5329], [26191], [3198], [2309], [2200], [1387], [9518], [1786], [4763], [4297], [7137], [4615], [1457], [7139], [1116], [116519], [5465], [1385], [2896], [5027], [3559], [3667], [4018], [811], [6390], [2022], [2212], [6794], [2316], [2056], [947], [203228], [5428], [4792], [1050], [268], [3689], [1958], [2214], [6392], [11315], [9212], [7442], [3014], [6786], [6335]]
HARD - Hydrocephalus agyria and retinal dysplasia:[[]]
Syndromes COD-MD:[[]]
Walker-Warburg Syndrome:[[1282], [10585], [2218], [79147], [29954], [729920], [10678], [11041], [84197]]
HARD SYNDROME:[[7157], [1401], [3075], [5594], [63895], [7422], [7040], [1188], [3091], [2944], [3162], [4982], [8074], [2304], [2784], [8600], [7137], [7161], [1490], [4041], [650], [1739], [6664], [56975]]
Walker Warburg syndrome:[[10585], [1282], [2218], [79147], [29954], [729920], [10678], [11041], [84197]]
Hydrocephalus Agyria And Retinal Dysplasia:[[]]
Syndrome Pagon:[[3757], [1280], [114548], [3753], [2074], [7157], [348], [1281], [51085], [546], [80184], [7466], [3845], [673], [8481], [5728], [8195], [7486], [641], [2706], [2317], [4292], [91147], [8626], [1540], [4000], [54658], [1161], [7490], [2033], [6331], [4023], [1071], [5781], [4436], [2263], [3643], [7291], [3784], [2261], [2260], [582], [10806], [8085], [10083], [367], [4683], [207], [84062], [3123], [7468], [4647], [4952], [2200], [1029], [7399], [4810], [201163], [2969], [10804], [6949], [7227], [2492], [775], [7840], [2316], [5428], [3730], [5080], [585], [1278], [54487], [5604], [55612], [2121], [811], [5290], [132884], [4281], [116442], [84100], [2812], [5077], [64127], [79068], [6663], [783], [338], [57167], [1130], [9968], [2332], [1277], [3990], [10743], [7456], [19], [2122], [3265], [6737], [84059], [6741], [3481], [6513], [4089], [23111], [2646], [356], [1285], [1387], [26585], [8976], [7504], [1827], [331], [23405], [9401], [65217], [4893], [672], [4692], [9569], [5894], [4277], [6774], [3117], [1401], [1788], [7401], [7128], [3570], [545], [10163], [583], [10682], [124590], [129880], [54808], [27241], [2138], [79738], [4137], [2475], [60], [3897], [5159], [1364], [8091], [5885], [79803], [2811], [2956], [9993], [5460], [4286], [675], [3717], [8220], [80144], [80025], [999], [3973], [79621], [4193], [64135], [1145], [55212], [2645], [27031], [4851], [1493], [10535], [2131], [1910], [7122], [9031], [4853], [1134], [2146], [100188856], [355], [50943], [105259599], [2153], [9652], [10908], [3664], [7020], [8214], [5308], [10062], [8517], [5076], [27019], [5189], [5395], [1287], [1906], [25825], [3759]]
Walker Warburg Syndrome:[[10585], [1282], [2218], [79147], [29954], [729920], [10678], [11041], [84197]]
Cerebroocular Dysplasia Muscular Dystrophy Syndrome:[[4000], [7157], [2697], [7040], [6663], [4851], [7422], [3339], [3908], [7048], [4790], [2335], [6786], [5566], [3553], [4313], [6696], [10269], [2908], [596], [4282], [7076], [1674], [7137], [1490], [7077], [84876], [406989], [10468]]
Syndrome Chemke:[[3757], [1280], [114548], [3753], [2074], [7157], [348], [1281], [51085], [546], [80184], [7466], [3845], [673], [8481], [5728], [8195], [7486], [641], [2706], [2317], [4292], [91147], [8626], [1540], [4000], [54658], [1161], [7490], [2033], [6331], [4023], [1071], [5781], [4436], [2263], [3643], [7291], [3784], [2261], [2260], [582], [10806], [8085], [10083], [367], [4683], [207], [84062], [3123], [7468], [4647], [4952], [2200], [1029], [7399], [4810], [201163], [2969], [10804], [6949], [7227], [2492], [775], [7840], [2316], [5428], [3730], [5080], [585], [1278], [54487], [5604], [55612], [2121], [811], [5290], [132884], [4281], [116442], [84100], [2812], [5077], [64127], [79068], [6663], [783], [338], [57167], [1130], [9968], [2332], [1277], [3990], [10743], [7456], [19], [2122], [3265], [6737], [84059], [6741], [3481], [6513], [4089], [23111], [2646], [356], [1285], [1387], [26585], [8976], [7504], [1827], [331], [23405], [9401], [65217], [4893], [672], [4692], [9569], [5894], [4277], [6774], [3117], [1401], [1788], [7401], [7128], [3570], [545], [10163], [583], [10682], [124590], [129880], [54808], [27241], [2138], [79738], [4137], [2475], [60], [3897], [5159], [1364], [8091], [5885], [79803], [2811], [2956], [9993], [5460], [4286], [675], [3717], [8220], [80144], [80025], [999], [3973], [79621], [4193], [64135], [1145], [55212], [2645], [27031], [4851], [1493], [10535], [2131], [1910], [7122], [9031], [4853], [1134], [2146], [100188856], [355], [50943], [105259599], [2153], [9652], [10908], [3664], [7020], [8214], [5308], [10062], [8517], [5076], [27019], [5189], [5395], [1287], [1906], [25825], [3759]]
COD MD Syndrome:[[7374]]
COD-MD SYNDROME:[[7374]]
Warburg syndrome:[[7157], [5728], [7486], [2260], [2332], [6513], [6774], [672], [1788], [2475], [4193], [4921], [7428], [3091], [1956], [7040], [5295], [25782], [22930], [4323], [6387], [22931], [4609], [4282], [6548], [4843], [5315], [6648], [3082], [3417], [7098], [10891], [128637], [406937], [6772], [8314], [5071], [3814], [5562], [682], [2078], [5777], [23396], [3418], [7351], [10273], [1410], [406910], [406985], [406935], [1282], [406989], [406881], [27086], [10585], [406995], [9353], [5160], [6091], [406919], [442890], [442906], [2218], [79147], [3316], [29954], [729920], [4351], [10678], [693177], [11041], [84197]]
Syndrome HARD:[[7157], [1401], [3075], [5594], [63895], [7422], [7040], [1188], [3091], [2944], [3162], [4982], [8074], [2304], [2784], [8600], [7137], [7161], [1490], [4041], [650], [1739], [6664], [56975]]
