Wiskott Aldrich syndrome:[[7456], [8976], [10163], [7454], [51429], [51517], [6387], [5747], [3558], [998], [60], [1500], [10810], [4690], [55740], [9564], [9788], [8936], [9353], [55737], [10097], [5880], [6693], [81704], [10096], [8440], [4046], [10109], [10095], [1795], [54899], [23242], [56203], [387122], [644739], [192343]]
Wiskott-Aldrich syndrome:[[7456], [8976], [10163], [7454], [51429], [51517], [6387], [5747], [3558], [998], [60], [1500], [10810], [4690], [55740], [9564], [9788], [8936], [9353], [55737], [10097], [5880], [6693], [81704], [10096], [8440], [4046], [10109], [10095], [1795], [54899], [23242], [56203], [387122], [644739], [192343]]
Eczema Thrombocytopenia Immunodeficiency Syndrome:[[7454], [3458], [7040], [6774], [7124], [1493], [3553], [3566], [10673], [3565], [3665], [246778]]
Wiskott Syndrome:[[7456], [8976], [10163], [51429], [51517], [7454], [60], [998], [6387], [1500], [81704], [5880], [3558], [4773], [10810], [5747], [9788], [8936], [55740], [30009], [4690], [9564], [9353], [55737], [10097], [6693], [10096], [8440], [4046], [10109], [10095], [54899], [1795], [23242], [56203], [192343], [387122], [644739]]
WISKOTT-ALDRICH SYNDROME 1:[[7456], [7454], [51429], [998], [60], [5747], [51517], [10163], [4690], [9564], [1500], [8976], [3558], [9788], [8936], [6387], [4046], [55740], [9353], [10810], [5880], [10097], [6693], [55737], [8440], [23242], [81704], [10096], [10109], [10095], [1795], [54899], [56203], [387122], [644739], [192343]]
WISKOTT-ALDRICH SYNDROME:[[7456], [8976], [10163], [7454], [51429], [51517], [6387], [5747], [3558], [998], [60], [1500], [10810], [4690], [55740], [9564], [9788], [8936], [9353], [55737], [10097], [5880], [6693], [81704], [10096], [8440], [4046], [10109], [10095], [1795], [54899], [23242], [56203], [387122], [644739], [192343]]
ECZEMA-THROMBOCYTOPENIA-IMMUNODEFICIENCY SYNDROME:[[7454], [3458], [7040], [6774], [7124], [1493], [3553], [3566], [10673], [3565], [3665], [246778]]
WAS - Wiskott-Aldrich syndrome:[[7456], [8976], [10163], [7454], [51429], [51517], [6387], [5747], [3558], [998], [60], [1500], [10810], [4690], [55740], [9564], [9788], [8936], [9353], [55737], [10097], [5880], [6693], [81704], [10096], [8440], [4046], [10109], [10095], [1795], [54899], [23242], [56203], [387122], [644739], [192343]]
WAS:[[]]
Aldrich syndrome:[[6387], [5747], [7454], [3558], [998], [8976], [60], [10810], [1500], [10163], [9788], [8936], [9564], [4690], [9353], [7456], [55737], [5880], [55740], [6693], [10097], [81704], [10096], [8440], [51429], [4046], [6430], [10109], [10095], [51517], [54899], [1795], [100287171], [23242], [56203], [387122], [644739], [192343]]
Wiskott Aldrich Syndrome:[[7456], [8976], [10163], [7454], [51429], [51517], [6387], [5747], [3558], [998], [60], [1500], [10810], [4690], [55740], [9564], [9788], [8936], [9353], [55737], [10097], [5880], [6693], [81704], [10096], [8440], [4046], [10109], [10095], [1795], [54899], [23242], [56203], [387122], [644739], [192343]]
Wiskott-Aldrich Syndrome:[[7456], [8976], [10163], [7454], [51429], [51517], [6387], [5747], [3558], [998], [60], [1500], [10810], [4690], [55740], [9564], [9788], [8936], [9353], [55737], [10097], [5880], [6693], [81704], [10096], [8440], [4046], [10109], [10095], [1795], [54899], [23242], [56203], [387122], [644739], [192343]]
IMD2:[[7454], [10163], [7316]]
Wiskott-aldrich syndrome:[[7456], [8976], [10163], [7454], [51429], [51517], [6387], [5747], [3558], [998], [60], [1500], [10810], [4690], [55740], [9564], [9788], [8936], [9353], [55737], [10097], [5880], [6693], [81704], [10096], [8440], [4046], [10109], [10095], [1795], [54899], [23242], [56203], [387122], [644739], [192343]]
ALDRICH SYNDROME:[[6387], [5747], [7454], [3558], [998], [8976], [60], [10810], [1500], [10163], [9788], [8936], [9564], [4690], [9353], [7456], [55737], [5880], [55740], [6693], [10097], [81704], [10096], [8440], [51429], [4046], [6430], [10109], [10095], [51517], [54899], [1795], [100287171], [23242], [56203], [387122], [644739], [192343]]
Immunodeficiency 2:[[3569], [6934], [4780], [1380], [5133], [3593], [7124], [3561], [5880], [3551], [3559], [6347], [3565], [7297], [7097], [2475], [841], [10320], [2214], [3458], [1803], [3558], [50943], [6772], [4791], [2641], [54790], [3560], [729230], [3097], [3811], [4153], [4179], [659], [3459], [29851], [23495], [5329], [64135], [6773], [7535], [6789], [3106], [684], [5728], [5897], [6097], [64421], [1555], [7456], [567], [7133], [2624], [4792], [9841], [60468], [3460], [1794], [60], [641], [3455], [64919], [3002], [27161], [1673], [1025], [3107], [920], [904], [91543], [3586], [6349], [1654], [59], [653361], [50485], [4790], [348], [72], [10015], [3959], [3454], [7040], [6774], [5518], [7174], [930], [7098], [84876], [6366], [115650], [5976], [3105], [7852], [8399], [10747], [3702], [865], [3553], [146206], [359948], [83667], [6596], [7157], [6895], [3479], [5702], [6059], [83706], [6387], [4600], [23308], [472], [51816], [5450], [29760], [100507436], [28956], [29997], [335], [7450], [5516], [1493], [3718], [5425], [6777], [5426], [5788], [5295], [84433], [8517], [3566], [6786], [10095], [59067], [917], [3394], [59269], [7099], [3096], [219972], [9397], [10892], [3577], [56160], [331], [100], [3932], [54658], [56672], [1789], [5591], [30835], [4683], [83879], [10005], [9344], [5427], [7037], [3575], [1234], [10125], [5243], [79840], [25939], [975], [51284], [7421], [5293], [8737], [7514], [57379], [1524], [6622], [3431], [4851], [5896], [9636], [4261], [916], [29126], [6348], [919], [7874], [60489], [931], [355], [4478], [54106], [23435], [3162], [4522], [6696], [6356], [57591], [8915], [2321], [71], [57007], [94]]
WAS1:[[]]
Aldrich Syndrome:[[6387], [5747], [7454], [3558], [998], [8976], [60], [10810], [1500], [10163], [9788], [8936], [9564], [4690], [9353], [7456], [55737], [5880], [55740], [6693], [10097], [81704], [10096], [8440], [51429], [4046], [6430], [10109], [10095], [51517], [54899], [1795], [100287171], [23242], [56203], [387122], [644739], [192343]]
Eczema-Thrombocytopenia-Immunodeficiency Syndromes:[[3458], [7040], [7124], [6774], [3553], [1493]]
IMMUNODEFICIENCY 2:[[3569], [6934], [4780], [1380], [5133], [3593], [7124], [3561], [5880], [3551], [3559], [6347], [3565], [7297], [7097], [2475], [841], [10320], [2214], [3458], [1803], [3558], [50943], [6772], [4791], [2641], [54790], [3560], [729230], [3097], [3811], [4153], [4179], [659], [3459], [29851], [23495], [5329], [64135], [6773], [7535], [6789], [3106], [684], [5728], [5897], [6097], [64421], [1555], [7456], [567], [7133], [2624], [4792], [9841], [60468], [3460], [1794], [60], [641], [3455], [64919], [3002], [27161], [1673], [1025], [3107], [920], [904], [91543], [3586], [6349], [1654], [59], [653361], [50485], [4790], [348], [72], [10015], [3959], [3454], [7040], [6774], [5518], [7174], [930], [7098], [84876], [6366], [115650], [5976], [3105], [7852], [8399], [10747], [3702], [865], [3553], [146206], [359948], [83667], [6596], [7157], [6895], [3479], [5702], [6059], [83706], [6387], [4600], [23308], [472], [51816], [5450], [29760], [100507436], [28956], [29997], [335], [7450], [5516], [1493], [3718], [5425], [6777], [5426], [5788], [5295], [84433], [8517], [3566], [6786], [10095], [59067], [917], [3394], [59269], [7099], [3096], [219972], [9397], [10892], [3577], [56160], [331], [100], [3932], [54658], [56672], [1789], [5591], [30835], [4683], [83879], [10005], [9344], [5427], [7037], [3575], [1234], [10125], [5243], [79840], [25939], [975], [51284], [7421], [5293], [8737], [7514], [57379], [1524], [6622], [3431], [4851], [5896], [9636], [4261], [916], [29126], [6348], [919], [7874], [60489], [931], [355], [4478], [54106], [23435], [3162], [4522], [6696], [6356], [57591], [8915], [2321], [71], [57007], [94]]
Eczema-Thrombocytopenia-Immunodeficiency Syndrome:[[7454], [3458], [7040], [6774], [7124], [1493], [3553], [3566], [10673], [3565], [3665], [246778]]
Immunodeficiency with thrombocytopenia AND eczema:[[7454], [3458], [7040], [7124], [3566], [3553], [6774], [1493], [3565], [3665], [10673], [246778]]
Immunodeficiency with thrombocytopenia and eczema:[[7454], [3458], [7040], [7124], [3566], [3553], [6774], [1493], [3565], [3665], [10673], [246778]]
Imd2:[[7454], [10163], [7316]]
Immunodeficiency 2s:[[5788], [5478]]
Wiskott Syndromes:[[6387], [5747], [3635], [81704]]
Eczema thrombocytopenia immunodeficiency syndrome:[[7454], [3458], [7040], [6774], [7124], [1493], [3553], [3566], [10673], [3565], [3665], [246778]]
