SCID X-LINKED:[[331], [1536], [3561], [7124], [3091], [7189]]
Severe Combined Immunodeficiency X-Linked T Cell-Negative B Cell-Positive NK Cell-Negative:[[]]
X-Linked Combined Immunodeficiency:[[50943], [3561], [331], [1654], [8517], [51284], [695], [6772], [3586], [4790], [7157], [7124], [348], [3569], [6774], [7099], [959], [6696], [472], [3558], [1906], [958], [9021], [987], [81704], [659], [51311], [5966]]
X-Linked Immunodeficiency Diseases:[[50943], [331], [7454], [3561], [51284], [695], [6772], [4790], [3586], [4068], [7157], [7124], [348], [3569], [7099], [6774], [6696], [959], [472], [958], [3558], [1906], [9021], [3456], [51311], [81704], [27035], [7187], [653361]]
SCIDX1:[[3561]]
SCIDX:[[3561]]
X Linked Combined Immunodeficiency:[[50943], [331], [3561], [1654], [7852], [6387], [695], [8517], [51284], [3627], [3586], [7040], [3458], [4790], [7157], [7124], [6772], [57007], [348], [3569], [7535], [920], [6774], [7421], [5243], [3553], [6622], [5728], [6347], [959], [2475], [5788], [7099], [7098], [4792], [472], [8625], [3106], [2214], [4851], [3107], [1380], [7450], [3479], [3105], [29126], [335], [1789], [54790], [4683], [4153], [6696], [23435], [51311], [4791], [5133], [355], [1906], [7097], [3162], [60489], [3558], [54658], [282617], [3459], [6934], [1803], [3600], [929], [841], [100507436], [958], [5328], [356], [3559], [9021], [5580], [11093], [567], [2289], [6376], [3570], [1555], [987], [659], [3574], [6596], [3684], [81704], [5966]]
X Linked SCID:[[331], [1536], [7852], [3561], [57007], [7124], [7422], [6532], [3091], [3123], [4609], [2475], [7189], [3458], [3717], [960], [3105], [920], [4233], [2155], [1803], [25], [3265], [650], [8600], [947], [3574], [23476], [7535], [4907], [55636]]
X-Linked Combined Immunodeficiencies:[[8517], [81704]]
X-Linked SCIDs:[[331], [546], [9131], [7454], [1654], [5251], [1896], [6473], [8239], [170302], [4693], [5631], [27316], [8242], [57502], [11141], [367], [10682], [23096], [2664], [50943], [65109], [4983], [27286], [4204], [23676], [2950], [57187], [2706], [55906], [2316], [1536], [7552], [3897], [8517], [695], [389856], [2623], [2158], [538], [51284], [8473], [554], [190], [9968], [1287], [6103], [6197], [6872], [1736], [9566], [4068], [2010], [412], [3561], [6247], [1254], [2273], [57760], [10075], [6567], [7317], [633], [1184], [8450], [4534], [4935], [4657], [3054], [778], [7114], [90167], [10804], [1680], [212], [50644], [1641], [5063], [3730], [10159], [4412], [5640], [7523], [265], [4841], [6102], [5422], [4378], [7543], [8245], [378484], [266678], [10735], [7403], [6658], [777642], [727716], [727715], [727714], [619510], [378882], [117189], [114890], [93991], [84434], [57792], [57791], [23694], [10118], [6116], [6104], [4429], [4416], [4406], [4387], [4384], [1275], [179], [6855], [1253], [5456], [6191], [23133], [1741], [2182], [57790], [105463129], [102775568], [102775565], [100820761], [100820759], [100820758], [100739996], [100689214], [100529118], [100302510], [100188769], [100188768], [100188765], [8259], [8246], [6134], [5956], [5199], [79718], [6853], [6611], [7319], [7504], [2892], [1678], [11152], [24137], [7547], [51360], [8237], [50945], [54413], [1288], [116442], [60401], [84707], [7157], [3188], [27328], [5165], [407], [51114], [1964], [2652], [7102], [24140], [22], [55859], [6907], [27018], [84061], [340533], [415], [10046], [492], [22866], [51132], [2187], [51309], [1193], [10149], [51566], [7124], [348], [5613], [1183], [203547], [8406], [56271], [3569], [286410], [81887], [11043], [26609]]
X-Linked Severe Combined Immunodeficiency:[[3561], [3558]]
Immunodeficiency 4:[[5728], [7852], [7097], [3566], [7099], [50943], [3565], [5293], [51135], [30835], [1493], [348], [5294], [282617], [841], [6934], [4790], [1803], [916], [7293], [931], [6789], [331], [3458], [6772], [64421], [1555], [6622], [1673], [3662], [659], [3981], [1025], [10616], [6059], [920], [7040], [3586], [10015], [904], [79679], [7098], [6590], [5880], [3551], [115650], [6387], [2288], [59067], [6347], [10848], [3561], [5426], [9094], [4780], [54790], [7157], [29851], [5702], [7124], [3718], [3107], [8517], [2137], [6696], [6786], [5591], [917], [4792], [3627], [3558], [5295], [930], [3569], [3707], [100], [7535], [10320], [4683], [84876], [3394], [2214], [393], [56160], [4791], [2521], [975], [1380], [6774], [7037], [1789], [1234], [9397], [5243], [51284], [10892], [7421], [3553], [3600], [339390], [3593], [5788], [3106], [5897], [1524], [59269], [51371], [3932], [84433], [3575], [2475], [3096], [3479], [3070], [29126], [3097], [3105], [5896], [987], [6348], [6356], [4478], [60489], [4851], [355], [919], [472], [929], [4522], [9948], [959], [7450], [23495], [857], [8737], [6773], [5133], [11093], [9636], [54106], [54658], [3162], [23435], [57591], [3431], [1906], [2321], [6352], [3594], [6097], [3965], [27040], [5329], [3665], [2309], [5265], [5328], [3811], [958], [100507436], [335], [3459], [5580], [6777], [3559], [4297], [2212], [695], [5971], [3577], [915], [3684], [545], [56163], [356], [3065], [3570], [3574], [8915], [50615], [729230], [684], [64919], [3455], [10125], [2641], [9021], [79840], [11168], [4153], [85363], [10379], [57379], [2022], [3002], [11151], [9138], [7174], [4261], [60468]]
X Linked Combined Immunodeficiency Diseases:[[50943], [331], [3561], [7852], [6387], [695], [3586], [7040], [51284], [3458], [3627], [7157], [4790], [7124], [348], [6772], [3569], [57007], [7421], [5243], [3553], [6774], [6622], [6347], [7535], [2475], [920], [23435], [5728], [7099], [959], [5788], [3479], [7098], [2214], [472], [335], [3106], [4792], [6934], [29126], [4851], [6696], [7450], [4153], [3105], [5133], [3107], [1380], [54790], [7097], [1789], [3162], [51311], [355], [929], [1906], [3558], [54658], [958], [1803], [282617], [3600], [3559], [100507436], [3459], [356], [9021], [6376], [841], [3570], [5328], [5580], [567], [11093], [2289], [3574], [3684], [81704]]
X Linked Immunodeficiency Syndrome:[[331], [50943], [7454], [8517], [7157], [3561], [6387], [348], [7852], [695], [5728], [4683], [51284], [641], [4068], [3627], [3458], [54658], [3586], [7040], [4790], [3577], [959], [6774], [7124], [57007], [58191], [6772], [2475], [472], [3569], [7456], [7421], [4851], [356], [1789], [3107], [6347], [54790], [3553], [920], [3570], [1906], [8625], [5243], [4297], [355], [64135], [7099], [3106], [165918], [7098], [2624], [6622], [6934], [3105], [4792], [7450], [11093], [958], [4153], [30835], [841], [3479], [335], [2214], [1380], [5580], [7528], [84433], [7097], [6696], [23435], [5133], [7874], [51311], [6348], [27035], [1803], [3162], [81704], [29126], [4791], [929], [3558], [3600], [4803], [3459], [9021], [3559], [6376], [100507436], [567], [5328], [3456], [5478], [3574], [987], [6349], [3460], [1555], [659], [5573], [7187], [3684], [11168], [653361], [5966], [10747], [6895]]
IMMUNODEFICIENCY 4:[[5728], [7852], [7097], [3566], [7099], [50943], [3565], [5293], [51135], [30835], [1493], [348], [5294], [282617], [841], [6934], [4790], [1803], [916], [7293], [931], [6789], [331], [3458], [6772], [64421], [1555], [6622], [1673], [3662], [659], [3981], [1025], [10616], [6059], [920], [7040], [3586], [10015], [904], [79679], [7098], [6590], [5880], [3551], [115650], [6387], [2288], [59067], [6347], [10848], [3561], [5426], [9094], [4780], [54790], [7157], [29851], [5702], [7124], [3718], [3107], [8517], [2137], [6696], [6786], [5591], [917], [4792], [3627], [3558], [5295], [930], [3569], [3707], [100], [7535], [10320], [4683], [84876], [3394], [2214], [393], [56160], [4791], [2521], [975], [1380], [6774], [7037], [1789], [1234], [9397], [5243], [51284], [10892], [7421], [3553], [3600], [339390], [3593], [5788], [3106], [5897], [1524], [59269], [51371], [3932], [84433], [3575], [2475], [3096], [3479], [3070], [29126], [3097], [3105], [5896], [987], [6348], [6356], [4478], [60489], [4851], [355], [919], [472], [929], [4522], [9948], [959], [7450], [23495], [857], [8737], [6773], [5133], [11093], [9636], [54106], [54658], [3162], [23435], [57591], [3431], [1906], [2321], [6352], [3594], [6097], [3965], [27040], [5329], [3665], [2309], [5265], [5328], [3811], [958], [100507436], [335], [3459], [5580], [6777], [3559], [4297], [2212], [695], [5971], [3577], [915], [3684], [545], [56163], [356], [3065], [3570], [3574], [8915], [50615], [729230], [684], [64919], [3455], [10125], [2641], [9021], [79840], [11168], [4153], [85363], [10379], [57379], [2022], [3002], [11151], [9138], [7174], [4261], [60468]]
X-Linked Immunodeficiency Syndromes:[[3561], [4790], [3586], [7157], [7124], [3569], [6774], [7099], [959], [472], [958], [641], [81704]]
COMBINED IMMUNODEFICIENCY X-LINKED:[[50943], [3561], [331], [1654], [8517], [51284], [695], [6772], [3586], [4790], [7157], [7124], [348], [3569], [6774], [7099], [959], [6696], [472], [3558], [1906], [958], [9021], [987], [81704], [659], [51311], [5966]]
Severe Combined Immunodeficiency X-Linked T Cell Negative B Cell Positive NK Cell Negative:[[3558]]
IMD6:[[179]]
X-Linked Immunodeficiency Disease:[[50943], [331], [3586], [7454], [4068], [1654], [51284], [348], [8517], [3561], [6774], [6772], [3569], [4790], [3558], [958], [653361], [695], [7124], [5966], [7157], [3460], [84061], [7099], [659], [959], [51311], [472], [6696], [1906], [4478], [9021], [3456], [641], [987], [27035], [81704], [7187], [537], [79400], [7456], [393]]
IMD4:[[3561]]
SEVERE COMBINED IMMUNODEFICIENCY X-LINKED T CELL-NEGATIVE B CELL-POSITIVE NK CELL-NEGATIVE:[[]]
XSCID:[[3561]]
XCID:[[3561]]
X-Linked Immunodeficiency Syndrome:[[331], [50943], [7454], [8517], [7157], [348], [3561], [641], [51284], [4068], [695], [6772], [7456], [4790], [3586], [6774], [959], [7124], [1906], [472], [3569], [958], [7099], [81704], [6696], [3558], [9021], [987], [3460], [3456], [659], [51311], [27035], [7187], [653361], [5966]]
X-Linked Combined Immunodeficiency Diseases:[[50943], [3561], [331], [51284], [3586], [6772], [4790], [695], [7157], [7124], [348], [3569], [6774], [7099], [6696], [959], [3558], [472], [958], [1906], [9021], [51311], [81704]]
X Linked Immunodeficiency Disease:[[50943], [331], [6387], [7454], [1654], [3586], [3561], [348], [7852], [4068], [695], [6774], [6347], [51284], [8517], [6622], [10015], [3458], [3569], [3577], [7040], [4790], [3107], [7450], [7124], [6772], [335], [3627], [3106], [3558], [7421], [958], [356], [7157], [653361], [3570], [5243], [57007], [58191], [537], [920], [84061], [3105], [100507436], [7535], [5328], [2214], [4851], [1789], [5966], [959], [3559], [3553], [51311], [3460], [5728], [84433], [3162], [472], [60489], [7098], [2475], [7099], [4792], [30835], [6934], [4478], [5580], [11093], [4683], [4153], [54790], [4803], [1380], [3479], [659], [23435], [1906], [4297], [5788], [6348], [27035], [4791], [355], [29126], [64135], [6696], [7097], [5133], [5573], [3600], [3965], [3459], [1803], [282617], [54658], [2624], [841], [929], [3560], [5478], [85363], [9021], [3456], [2289], [6376], [6349], [1555], [567], [641], [3574], [7528], [3684], [7874], [987], [7187], [10747], [6596], [11168], [81704], [393], [79400], [7251], [6895], [7456]]
CIDX:[[3561]]
X-Linked SCID:[[331], [1536], [3561], [7124], [3091], [7189]]
IMMUNODEFICIENCY 6:[[3570], [3569], [50943], [10320], [355], [3458], [6696], [2289], [3107], [356], [6772], [3106], [7124], [1555], [64421], [2821], [3586], [4790], [348], [10015], [7040], [3070], [5880], [3551], [920], [8737], [3096], [6431], [6387], [4780], [3097], [6347], [4074], [7157], [3105], [7098], [6774], [5702], [4792], [7099], [8517], [3459], [29851], [1906], [2214], [975], [7852], [59067], [1789], [6786], [3553], [3593], [930], [5426], [30835], [1380], [5295], [2309], [51284], [100507436], [5243], [54790], [3575], [7421], [5591], [84876], [7097], [5728], [2521], [5788], [59269], [6622], [4791], [7037], [60468], [2475], [3479], [54106], [4683], [29126], [6348], [100], [1234], [10892], [3566], [3932], [5293], [3565], [5238], [54210], [5896], [4522], [1493], [3718], [1524], [3662], [5133], [51135], [5329], [3558], [472], [7450], [54658], [929], [3162], [9841], [4851], [6934], [23495], [841], [6773], [59], [51605], [857], [60489], [6352], [9021], [3627], [4153], [335], [23435], [3577], [11093], [8915], [5265], [5328], [6356], [4478], [959], [23765], [6789], [958], [931], [5580], [3559], [282617], [916], [2321], [1803], [6097], [567], [7133], [3600], [5971], [30011], [6376], [5897], [3134], [3455], [2022], [57591], [3665], [3560], [331], [4297], [27040], [10616], [79840], [7293], [1503], [10673], [3456], [3431], [641], [4261], [3065], [7514], [3594], [64135], [4179], [2212], [5294], [915], [3574], [6198], [5478], [2641], [1794], [1654], [10125], [3439], [659], [5573], [64919], [8451], [3460], [943], [7528], [987], [1673], [695], [684], [3002], [51311], [246778], [3684], [51095], [729230], [545], [5579]]
SEVERE COMBINED IMMUNODEFICIENCY X-LINKED:[[3561], [3558]]
Immunodeficiency 6:[[3570], [3569], [50943], [10320], [355], [3458], [6696], [2289], [3107], [356], [6772], [3106], [7124], [1555], [64421], [2821], [3586], [4790], [348], [10015], [7040], [3070], [5880], [3551], [920], [8737], [3096], [6431], [6387], [4780], [3097], [6347], [4074], [7157], [3105], [7098], [6774], [5702], [4792], [7099], [8517], [3459], [29851], [1906], [2214], [975], [7852], [59067], [1789], [6786], [3553], [3593], [930], [5426], [30835], [1380], [5295], [2309], [51284], [100507436], [5243], [54790], [3575], [7421], [5591], [84876], [7097], [5728], [2521], [5788], [59269], [6622], [4791], [7037], [60468], [2475], [3479], [54106], [4683], [29126], [6348], [100], [1234], [10892], [3566], [3932], [5293], [3565], [5238], [54210], [5896], [4522], [1493], [3718], [1524], [3662], [5133], [51135], [5329], [3558], [472], [7450], [54658], [929], [3162], [9841], [4851], [6934], [23495], [841], [6773], [59], [51605], [857], [60489], [6352], [9021], [3627], [4153], [335], [23435], [3577], [11093], [8915], [5265], [5328], [6356], [4478], [959], [23765], [6789], [958], [931], [5580], [3559], [282617], [916], [2321], [1803], [6097], [567], [7133], [3600], [5971], [30011], [6376], [5897], [3134], [3455], [2022], [57591], [3665], [3560], [331], [4297], [27040], [10616], [79840], [7293], [1503], [10673], [3456], [3431], [641], [4261], [3065], [7514], [3594], [64135], [4179], [2212], [5294], [915], [3574], [6198], [5478], [2641], [1794], [1654], [10125], [3439], [659], [5573], [64919], [8451], [3460], [943], [7528], [987], [1673], [695], [684], [3002], [51311], [246778], [3684], [51095], [729230], [545], [5579]]
X Linked Severe Combined Immunodeficiency:[[3561], [920], [5788], [1803], [3558], [7535]]
X-SCID:[[1536], [3561]]
