Hyposalivation:[[]]
Aptyalism:[[]]
Asialia:[[]]
Dry mouth:[[7124], [3569], [142], [360], [7173], [362], [4589]]
Clinical xerostomia:[[3383], [7412], [6401], [7517], [727897], [3269]]
Mouth Dryness:[[771]]
Inadequate salivary flow:[[7124], [3569], [1956], [4318], [4524], [7015], [2152], [23411], [4313], [3082], [3934], [2146], [2056], [3309], [7078], [1604]]
Hyposalivations:[[]]
Xerostomias:[[]]
Absent salivary secretion:[[7124], [1956], [3569], [7157], [1813], [3816], [7040], [3553], [7422], [4318], [3091], [9370], [1499], [2064], [1080], [4790], [6622], [7099], [207], [673], [351], [3605], [1401], [7097], [627], [999], [5728], [1029], [5071], [3717], [6387], [3576], [5781], [672], [2099], [3845], [4137], [2263], [2475], [3815], [135], [29126], [5879], [6532], [4851], [90865], [5970], [960], [3958], [596], [4089], [3106], [3688], [6469], [4233], [5027], [472], [6714], [64127], [1027], [8743], [6280], [23435], [5265], [2157], [7132], [8626], [5925], [6279], [1803], [2022], [3119], [387], [6772], [5443], [2260], [5566], [2778], [238], [7474], [5465], [7428], [4088], [11200], [23586], [4615], [4893], [6678], [811], [3418], [655], [540], [361], [2017], [100133941], [1509], [4792], [4653], [9173], [8651], [1019], [51741], [3397], [4683], [9575], [3574], [54901], [9230], [60], [8829], [84876], [1969], [284], [3691], [10392], [8766], [6278], [5829], [3291], [9619], [3920], [4345], [8864], [9759], [3710], [1287], [1915], [2202], [2661], [3428], [7033], [3856], [5025], [2524], [5592], [8481], [50848], [6373], [1001], [6277], [22919], [1314], [837], [4598], [3912], [9516], [25953], [1622], [200576], [81029], [192343]]
Aptyalia:[[]]
Hypoactive salivary flow:[[]]
Salivary hyposecretion:[[]]
Asialias:[[]]
Hyposecretion of salivary gland:[[]]
Reduced salivation:[[59341]]
Xerostomia:[[3383], [7412], [7517], [6401], [727897], [3269]]
